Postcode,Bedrooms,RentalUnitDesc,VUDate,VTDate,TENDate,RUUseType,HousingServiceCentre,VUDays,VTDays,TotalVAC,LGA,StateElectorate
4054,3,3 BR DETACHED HOUSE,27/09/2018,19/10/2018,22/10/2018,RGS,103,22,3,25,MORETON BAY,FERNY GROVE
4054,3,3 BR DETACHED HOUSE,18/10/2018,2/11/2018,15/11/2018,RGS,103,15,13,28,MORETON BAY,FERNY GROVE
4054,3,3 BR DETACHED HOUSE,31/01/2019,20/02/2019,1/03/2019,RGS,103,20,9,29,MORETON BAY,FERNY GROVE
4054,5,5 BR DETACHED HOUSE,11/07/2018,8/08/2018,10/08/2018,RGS,103,28,2,30,MORETON BAY,FERNY GROVE
4214,4,4 BR DETACHED HOUSE,4/03/2019,12/03/2019,14/03/2019,RGS,204,8,2,10,GOLD COAST,BONNEY
4883,3,3 BR DETACHED HOUSE,17/07/2018,27/07/2018,7/08/2018,RGS,202,10,11,21,TABLELANDS,HILL
4883,3,3 BR DETACHED HOUSE,25/01/2019,25/01/2019,7/02/2019,RGS,202,0,13,13,TABLELANDS,HILL
4883,4,4 BR DETACHED HOUSE,16/10/2018,16/10/2018,17/10/2018,RGS,202,0,1,1,TABLELANDS,HILL
4883,3,3 BR DETACHED HOUSE,1/08/2018,10/08/2018,22/08/2018,RGS,202,9,12,21,TABLELANDS,HILL
4883,1,1 BR SENIOR UNIT,14/05/2018,24/05/2018,5/07/2018,SNR,202,10,42,52,TABLELANDS,HILL
4883,1,1 BR SENIOR UNIT,9/01/2019,21/01/2019,4/02/2019,SNR,202,12,14,26,TABLELANDS,HILL
4883,2,2 BR ATTACHED HOUSING,29/01/2019,11/02/2019,18/03/2019,RGS,202,13,35,48,TABLELANDS,HILL
4883,1,1 BR APARTMENT,10/08/2018,6/09/2018,9/10/2018,RGS,202,27,33,60,TABLELANDS,HILL
4883,2,2 BR CLUSTER HOUSING,15/05/2018,28/05/2018,10/07/2018,RGS,202,13,43,56,TABLELANDS,HILL
4883,2,2 BR CLUSTER HOUSING,19/07/2018,2/08/2018,14/08/2018,RGS,202,14,12,26,TABLELANDS,HILL
4883,2,2 BR CLUSTER HOUSING,5/10/2018,17/10/2018,10/12/2018,RGS,202,12,54,66,TABLELANDS,HILL
4883,1,1 BR SENIOR UNIT,15/04/2019,14/05/2019,15/05/2019,SNR,202,29,1,30,TABLELANDS,HILL
4883,1,1 BR SENIOR UNIT,21/05/2019,3/06/2019,24/06/2019,SNR,202,13,21,34,TABLELANDS,HILL
4883,1,1 BR SENIOR UNIT,21/05/2019,18/06/2019,28/06/2019,SNR,202,28,10,38,TABLELANDS,HILL
4883,3,3 BR DUPLEX,9/10/2018,18/10/2018,16/11/2018,AHG,202,9,29,38,TABLELANDS,HILL
4883,1,1 BR SENIOR UNIT,31/08/2018,15/11/2018,17/01/2019,SNR,202,76,63,139,TABLELANDS,HILL
4807,3,3 BR DETACHED HOUSE,15/03/2019,2/04/2019,5/04/2019,RGS,201,18,3,21,BURDEKIN,BURDEKIN
4807,2,2 BR SENIOR UNIT,2/04/2019,16/04/2019,22/05/2019,SNR,201,14,36,50,BURDEKIN,BURDEKIN
4807,2,2 BR SENIOR UNIT,24/08/2018,29/08/2018,27/09/2018,SNR,201,5,29,34,BURDEKIN,BURDEKIN
4807,2,2 BR SENIOR UNIT,9/07/2018,13/07/2018,22/08/2018,SNR,201,4,40,44,BURDEKIN,BURDEKIN
4807,2,2 BR SENIOR UNIT,30/04/2019,9/05/2019,6/06/2019,SNR,201,9,28,37,BURDEKIN,BURDEKIN
4807,3,3 BR DETACHED HOUSE,30/05/2019,24/06/2019,25/06/2019,RGS,201,25,1,26,BURDEKIN,BURDEKIN
4807,3,3 BR DETACHED HOUSE,24/01/2019,8/02/2019,28/02/2019,RGS,201,15,20,35,BURDEKIN,BURDEKIN
4807,2,2 BR DUPLEX,5/10/2018,18/10/2018,30/10/2018,RGS,201,13,12,25,BURDEKIN,BURDEKIN
4807,2,2 BR DUPLEX,3/09/2018,12/09/2018,8/10/2018,RGS,201,9,26,35,BURDEKIN,BURDEKIN
4807,2,2 BR DUPLEX,8/04/2019,3/05/2019,8/05/2019,RGS,201,25,5,30,BURDEKIN,BURDEKIN
4807,3,3 BR DETACHED HOUSE,15/08/2018,27/08/2018,30/08/2018,RGS,201,12,3,15,BURDEKIN,BURDEKIN
4807,3,3 BR DETACHED HOUSE,29/04/2019,2/05/2019,3/05/2019,RGS,201,3,1,4,BURDEKIN,BURDEKIN
4807,1,1 BR SENIOR UNIT,26/10/2018,7/11/2018,13/11/2018,SNR,201,12,6,18,BURDEKIN,BURDEKIN
4807,2,2 BR ATTACHED HOUSING,2/04/2019,26/04/2019,2/05/2019,RGS,201,24,6,30,BURDEKIN,BURDEKIN
4807,3,3 BR DETACHED HOUSE,3/05/2019,24/05/2019,31/05/2019,RGS,201,21,7,28,BURDEKIN,BURDEKIN
4807,2,2 BR CLUSTER HOUSING,27/03/2019,10/04/2019,12/04/2019,RGS,201,14,2,16,BURDEKIN,BURDEKIN
4807,3,3 BR DETACHED HOUSE,9/07/2018,23/07/2018,22/08/2018,AHG,201,14,30,44,BURDEKIN,BURDEKIN
4807,4,4 BR DETACHED HOUSE,21/01/2019,13/02/2019,13/03/2019,AHG,201,23,28,51,BURDEKIN,BURDEKIN
4105,1,1 BR APARTMENT,19/06/2018,19/06/2018,6/07/2018,RGS,107,0,17,17,BRISBANE,TOOHEY
4105,1,1 BR APARTMENT,14/05/2019,23/05/2019,30/05/2019,RGS,107,9,7,16,BRISBANE,TOOHEY
4051,1,1 BR APARTMENT,7/03/2019,29/03/2019,29/03/2019,RGS,108,22,0,22,BRISBANE,FERNY GROVE
4053,2,2 BR APARTMENT,29/06/2018,17/07/2018,6/08/2018,RGS,105,18,20,38,BRISBANE,STAFFORD
4053,2,2 BR APARTMENT,27/05/2019,7/06/2019,13/06/2019,RGS,105,11,6,17,BRISBANE,STAFFORD
4053,2,2 BR APARTMENT,11/03/2019,22/03/2019,18/04/2019,RGS,105,11,27,38,BRISBANE,STAFFORD
4051,2,2 BR APARTMENT,25/02/2019,25/03/2019,25/03/2019,RGS,108,28,0,28,BRISBANE,EVERTON
4051,3,3 BR DETACHED HOUSE,20/06/2019,20/06/2019,20/06/2019,RGS,108,0,0,0,BRISBANE,EVERTON
4051,1,1 BR APARTMENT,22/10/2018,22/10/2018,19/11/2018,RGS,108,0,28,28,BRISBANE,EVERTON
4051,1,1 BR APARTMENT,22/10/2018,22/10/2018,14/11/2018,RGS,108,0,23,23,BRISBANE,EVERTON
4051,2,2 BR APARTMENT,22/10/2018,22/10/2018,30/11/2018,RGS,108,0,39,39,BRISBANE,EVERTON
4051,2,2 BR APARTMENT,22/10/2018,22/10/2018,16/11/2018,RGS,108,0,25,25,BRISBANE,EVERTON
4051,1,1 BR APARTMENT,22/10/2018,22/10/2018,16/11/2018,RGS,108,0,25,25,BRISBANE,EVERTON
4051,1,1 BR APARTMENT,22/10/2018,22/10/2018,19/11/2018,RGS,108,0,28,28,BRISBANE,EVERTON
4051,1,1 BR APARTMENT,22/10/2018,22/10/2018,16/11/2018,RGS,108,0,25,25,BRISBANE,EVERTON
4051,1,1 BR APARTMENT,22/10/2018,22/10/2018,12/11/2018,RGS,108,0,21,21,BRISBANE,EVERTON
4032,2,2 BR DETACHED HOUSE,16/01/2019,25/02/2019,28/03/2019,RGS,105,40,31,71,BRISBANE,STAFFORD
4032,3,3 BR DETACHED HOUSE,16/05/2019,29/05/2019,3/06/2019,RGS,105,13,5,18,BRISBANE,STAFFORD
4032,1,1 BR APARTMENT,21/05/2019,21/05/2019,30/05/2019,RGS,105,0,9,9,BRISBANE,STAFFORD
4032,1,1 BR APARTMENT,21/05/2019,21/05/2019,3/06/2019,RGS,105,0,13,13,BRISBANE,STAFFORD
4032,1,1 BR APARTMENT,21/05/2019,21/05/2019,31/05/2019,RGS,105,0,10,10,BRISBANE,STAFFORD
4032,1,1 BR APARTMENT,13/06/2019,14/06/2019,14/06/2019,RGS,105,1,0,1,BRISBANE,STAFFORD
4032,1,1 BR APARTMENT,13/06/2019,17/06/2019,17/06/2019,RGS,105,4,0,4,BRISBANE,STAFFORD
4032,1,1 BR APARTMENT,21/05/2019,21/05/2019,29/05/2019,RGS,105,0,8,8,BRISBANE,STAFFORD
4032,1,1 BR APARTMENT,21/05/2019,21/05/2019,30/05/2019,RGS,105,0,9,9,BRISBANE,STAFFORD
4032,1,1 BR APARTMENT,21/05/2019,21/05/2019,30/05/2019,RGS,105,0,9,9,BRISBANE,STAFFORD
4012,1,1 BR SENIOR UNIT,27/02/2019,18/03/2019,10/04/2019,SNR,105,19,23,42,BRISBANE,NUDGEE
4012,1,1 BR SENIOR UNIT,16/07/2018,27/07/2018,27/08/2018,SNR,105,11,31,42,BRISBANE,NUDGEE
4068,3,3 BR DETACHED HOUSE,31/10/2018,26/11/2018,6/12/2018,RGS,108,26,10,36,BRISBANE,MAIWAR
4068,3,3 BR DETACHED HOUSE,29/05/2019,29/05/2019,29/05/2019,RGS,108,0,0,0,BRISBANE,MAIWAR
4031,5,5 BR DETACHED HOUSE,18/01/2019,15/02/2019,22/03/2019,RGS,105,28,35,63,BRISBANE,STAFFORD
4053,2,2 BR DETACHED HOUSE,7/02/2019,18/03/2019,8/04/2019,RGS,105,39,21,60,BRISBANE,STAFFORD
4053,4,4 BR DETACHED HOUSE,18/04/2019,29/04/2019,30/04/2019,RGS,105,11,1,12,BRISBANE,STAFFORD
4053,3,3 BR DETACHED HOUSE,1/05/2019,1/05/2019,1/05/2019,RGS,105,0,0,0,BRISBANE,STAFFORD
4053,3,3 BR DETACHED HOUSE,30/04/2019,1/05/2019,1/05/2019,RGS,105,1,0,1,BRISBANE,STAFFORD
4170,2,2 BR DETACHED HOUSE,4/04/2019,10/05/2019,29/05/2019,RGS,109,36,19,55,BRISBANE,BULIMBA
4104,2,2 BR DETACHED HOUSE,20/12/2018,22/01/2019,4/02/2019,RGS,107,33,13,46,BRISBANE,MILLER
4053,3,3 BR DETACHED HOUSE,8/02/2019,4/03/2019,6/03/2019,RGS,108,24,2,26,BRISBANE,FERNY GROVE
4170,2,2 BR DETACHED HOUSE,11/02/2019,25/02/2019,8/03/2019,RGS,109,14,11,25,BRISBANE,BULIMBA
4106,3,3 BR DETACHED HOUSE,21/11/2018,6/12/2018,12/12/2018,RGS,107,15,6,21,BRISBANE,TOOHEY
4051,2,2 BR DETACHED HOUSE,29/01/2019,6/03/2019,5/04/2019,RGS,108,36,30,66,BRISBANE,FERNY GROVE
4051,3,3 BR DETACHED HOUSE,14/11/2018,5/12/2018,6/12/2018,RGS,108,21,1,22,BRISBANE,FERNY GROVE
4724,3,3 BR DETACHED HOUSE,8/10/2018,29/10/2018,26/04/2019,RGS,211,21,179,200,BARCALDINE,GREGORY
4161,3,3 BR DETACHED HOUSE,6/08/2018,4/09/2018,24/09/2018,RGS,106,29,20,49,REDLAND,CAPALABA
4161,3,3 BR DETACHED HOUSE,11/02/2019,5/03/2019,7/03/2019,RGS,106,22,2,24,REDLAND,CAPALABA
4161,3,3 BR DETACHED HOUSE,25/09/2018,16/01/2019,18/01/2019,RGS,106,113,2,115,REDLAND,CAPALABA
4161,3,3 BR DETACHED HOUSE,24/09/2018,30/10/2018,9/11/2018,RGS,106,36,10,46,REDLAND,CAPALABA
4161,3,3 BR DETACHED HOUSE,24/10/2018,12/11/2018,14/11/2018,RGS,106,19,2,21,REDLAND,CAPALABA
4161,2,2 BR ATTACHED HOUSING,3/06/2019,13/06/2019,14/06/2019,RGS,106,10,1,11,REDLAND,CAPALABA
4161,1,1 BR SENIOR UNIT,20/12/2018,21/01/2019,25/01/2019,SNR,106,32,4,36,REDLAND,CAPALABA
4161,1,1 BR SENIOR UNIT,13/05/2019,24/05/2019,27/05/2019,SNR,106,11,3,14,REDLAND,CAPALABA
4161,1,1 BR SENIOR UNIT,25/06/2018,16/07/2018,17/07/2018,SNR,106,21,1,22,REDLAND,CAPALABA
4161,1,1 BR SENIOR UNIT,23/04/2019,14/05/2019,28/05/2019,SNR,106,21,14,35,REDLAND,CAPALABA
4161,1,1 BR SENIOR UNIT,27/07/2018,17/08/2018,24/08/2018,SNR,106,21,7,28,REDLAND,CAPALABA
4161,1,1 BR SENIOR UNIT,28/05/2019,11/06/2019,20/06/2019,SNR,106,14,9,23,REDLAND,CAPALABA
4161,1,1 BR SENIOR UNIT,30/04/2019,21/05/2019,22/05/2019,SNR,106,21,1,22,REDLAND,CAPALABA
4161,1,1 BR SENIOR UNIT,14/06/2018,27/06/2018,5/07/2018,SNR,106,13,8,21,REDLAND,CAPALABA
4161,1,1 BR SENIOR UNIT,12/07/2018,30/07/2018,24/09/2018,SNR,106,18,56,74,REDLAND,CAPALABA
4161,2,2 BR ATTACHED HOUSING,17/10/2018,9/11/2018,12/12/2018,RGS,106,23,33,56,REDLAND,CAPALABA
4161,3,3 BR DETACHED HOUSE,25/10/2018,29/11/2018,30/11/2018,RGS,106,35,1,36,REDLAND,CAPALABA
4161,3,3 BR DETACHED HOUSE,21/08/2018,12/09/2018,13/09/2018,RGS,106,22,1,23,REDLAND,CAPALABA
4161,3,3 BR DETACHED HOUSE,5/07/2018,8/08/2018,15/08/2018,RGS,106,34,7,41,REDLAND,CAPALABA
4161,4,4 BR DETACHED HOUSE,18/02/2019,13/03/2019,3/05/2019,RGS,106,23,51,74,REDLAND,CAPALABA
4161,4,4 BR DETACHED HOUSE,21/06/2018,19/07/2018,25/07/2018,RGS,106,28,6,34,REDLAND,CAPALABA
4161,3,3 BR DETACHED HOUSE,22/10/2018,16/11/2018,22/11/2018,RGS,106,25,6,31,REDLAND,CAPALABA
4161,3,3 BR DETACHED HOUSE,29/10/2018,23/11/2018,28/11/2018,RGS,106,25,5,30,REDLAND,CAPALABA
4161,3,3 BR DETACHED HOUSE,29/10/2018,23/11/2018,28/11/2018,RGS,106,25,5,30,REDLAND,CAPALABA
4161,3,3 BR DETACHED HOUSE,16/07/2018,7/08/2018,17/08/2018,RGS,106,22,10,32,REDLAND,CAPALABA
4161,4,4 BR DETACHED HOUSE,7/01/2019,5/02/2019,19/03/2019,RGS,106,29,42,71,REDLAND,CAPALABA
4102,1,1 BR APARTMENT,18/06/2018,20/06/2018,5/07/2018,CBH,107,2,15,17,BRISBANE,SOUTH BRISBANE
4102,1,1 BR APARTMENT,5/07/2018,5/07/2018,20/07/2018,CBH,107,0,15,15,BRISBANE,SOUTH BRISBANE
4006,1,1 BR APARTMENT,26/06/2018,10/07/2018,10/07/2018,CBH,108,14,0,14,BRISBANE,MCCONNEL
4006,1,1 BR APARTMENT,26/06/2018,5/07/2018,5/07/2018,CBH,108,9,0,9,BRISBANE,MCCONNEL
4000,1,1 BR APARTMENT,4/06/2018,10/07/2018,10/07/2018,CBH,108,36,0,36,BRISBANE,MCCONNEL
4551,3,3 BR DETACHED HOUSE,27/07/2018,27/07/2018,27/07/2018,CRS,205,0,0,0,SUNSHINE COAST,KAWANA
4870,1,1 BR APARTMENT,5/02/2018,7/02/2018,3/07/2018,CBH,202,2,146,148,CAIRNS,CAIRNS
4720,1,1 BR DUAL OCCUPANCY,22/06/2018,4/07/2018,4/07/2018,CLH,211,12,0,12,CENTRAL HIGHLANDS,GREGORY
4502,2,2 BR APARTMENT,31/07/2018,31/07/2018,31/07/2018,STC,103,0,0,0,MORETON BAY,KURWONGBAH
4455,3,3 BR DETACHED HOUSE,1/11/2017,14/12/2017,16/07/2018,CLH,207,43,214,257,MARANOA,WARREGO
4380,2,2 BR CLUSTER HOUSING,29/11/2010,3/12/2010,19/07/2018,CLH,207,4,2785,2789,SOUTHERN DOWNS,SOUTHERN DOWNS
4655,3,3 BR DETACHED HOUSE,8/06/2018,20/06/2018,18/07/2018,STC,213,12,28,40,FRASER COAST,HERVEY BAY
4883,1,1 BR APARTMENT,5/02/2018,7/02/2018,3/07/2018,CLT,202,2,146,148,TABLELANDS,HILL
4860,1,1 BR APARTMENT,5/07/2018,5/07/2018,18/07/2018,CLT,202,0,13,13,CASSOWARY COAST,HILL
4650,1,1 BR APARTMENT,16/02/2018,9/07/2018,9/07/2018,CLT,213,143,0,143,FRASER COAST,MARYBOROUGH
4572,1,1 BR APARTMENT,26/06/2018,13/07/2018,13/07/2018,CLT,205,17,0,17,SUNSHINE COAST,MAROOCHYDORE
4178,2,2 BR APARTMENT,11/06/2018,26/07/2018,26/07/2018,CLT,109,45,0,45,BRISBANE,LYTTON
4005,3,3 BR APARTMENT,24/04/2018,11/07/2018,11/07/2018,CLT,108,78,0,78,BRISBANE,MCCONNEL
4005,3,3 BR APARTMENT,16/04/2018,11/07/2018,11/07/2018,CLT,108,86,0,86,BRISBANE,MCCONNEL
4101,4,4 BR DETACHED HOUSE,18/05/2018,11/07/2018,11/07/2018,CLT,108,54,0,54,BRISBANE,SOUTH BRISBANE
4169,1,1 BR APARTMENT,25/07/2018,31/07/2018,31/07/2018,CLT,108,6,0,6,BRISBANE,SOUTH BRISBANE
4860,1,1 BR SENIOR UNIT,30/01/2018,5/02/2018,3/07/2018,CLT,202,6,148,154,CASSOWARY COAST,HILL
4560,2,2 BR APARTMENT,26/06/2018,11/07/2018,11/07/2018,CLT,205,15,0,15,SUNSHINE COAST,NICKLIN
4465,2,2 BR DUPLEX,9/04/2018,19/04/2018,9/07/2018,CLT,207,10,81,91,MARANOA,WARREGO
4671,1,1 BR SENIOR UNIT,6/10/2017,6/10/2017,18/07/2018,CLT,208,0,285,285,BUNDABERG,CALLIDE
4870,1,1 BR SENIOR UNIT,5/07/2018,6/07/2018,19/07/2018,CLT,202,1,13,14,CAIRNS,CAIRNS
4870,1,1 BR SENIOR UNIT,30/01/2018,5/02/2018,3/07/2018,CLT,202,6,148,154,CAIRNS,CAIRNS
4868,4,4 BR DETACHED HOUSE,25/05/2018,25/05/2018,24/07/2018,CLT,202,0,60,60,CAIRNS,MULGRAVE
4000,1,1 BR APARTMENT,18/06/2018,20/07/2018,20/07/2018,CLH,108,32,0,32,BRISBANE,MCCONNEL
4030,1,1 BR APARTMENT,20/07/2018,23/07/2018,23/07/2018,CBH,108,3,0,3,BRISBANE,CLAYFIELD
4005,2,2 BR APARTMENT,19/07/2018,19/07/2018,19/07/2018,CAH,108,0,0,0,BRISBANE,MCCONNEL
4006,1,1 BR APARTMENT,26/06/2018,23/07/2018,23/07/2018,CBH,108,27,0,27,BRISBANE,MCCONNEL
4570,3,3 BR CLUSTER HOUSING,11/04/2018,11/07/2018,11/07/2018,CRS,205,91,0,91,GYMPIE,GYMPIE
4700,1,1 BR APARTMENT,2/07/2018,10/07/2018,13/07/2018,CBH,206,8,3,11,ROCKHAMPTON,ROCKHAMPTON
4700,1,1 BR APARTMENT,5/07/2018,20/07/2018,26/07/2018,CBH,206,15,6,21,ROCKHAMPTON,ROCKHAMPTON
4701,3,3 BR DETACHED HOUSE,18/06/2018,10/07/2018,27/07/2018,CRS,206,22,17,39,ROCKHAMPTON,ROCKHAMPTON
4305,1,1 BR APARTMENT,8/06/2018,15/06/2018,4/07/2018,CBH,102,7,19,26,IPSWICH,IPSWICH WEST
4680,3,3 BR DETACHED HOUSE,12/06/2018,12/06/2018,19/07/2018,CRS,212,0,37,37,GLADSTONE,GLADSTONE
4680,3,3 BR DETACHED HOUSE,12/06/2018,12/06/2018,24/07/2018,CRS,212,0,42,42,GLADSTONE,GLADSTONE
4068,2,2 BR APARTMENT,25/06/2018,31/07/2018,31/07/2018,CRS,108,36,0,36,BRISBANE,MAIWAR
4160,3,3 BR DETACHED HOUSE,23/05/2018,3/07/2018,3/07/2018,CRS,106,41,0,41,REDLAND,OODGEROO
4000,1,1 BR APARTMENT,3/07/2018,30/07/2018,30/07/2018,CBH,108,27,0,27,BRISBANE,BRISBANE CENTRAL
4019,1,1 BR APARTMENT,8/06/2018,19/06/2018,31/07/2018,CBH,110,11,42,53,MORETON BAY,REDCLIFFE
4220,1,1 BR APARTMENT,26/06/2018,3/07/2018,19/07/2018,CBH,204,7,16,23,GOLD COAST,BURLEIGH
4220,1,1 BR APARTMENT,13/06/2018,20/06/2018,12/07/2018,CBH,204,7,22,29,GOLD COAST,BURLEIGH
4220,1,1 BR APARTMENT,13/06/2018,3/07/2018,12/07/2018,CBH,204,20,9,29,GOLD COAST,BURLEIGH
4812,1,1 BR APARTMENT,19/07/2018,25/07/2018,26/07/2018,CBH,201,6,1,7,TOWNSVILLE,MUNDINGBURRA
4006,1,1 BR APARTMENT,29/06/2018,11/07/2018,11/07/2018,CBH,108,12,0,12,BRISBANE,MCCONNEL
4812,1,1 BR APARTMENT,24/05/2018,1/06/2018,18/07/2018,CSO,201,8,47,55,TOWNSVILLE,MUNDINGBURRA
4159,1,1 BR APARTMENT,5/07/2018,19/07/2018,19/07/2018,CBH,106,14,0,14,REDLAND,CAPALABA
4020,1,1 BR APARTMENT,29/05/2018,30/05/2018,17/07/2018,CLH,110,1,48,49,MORETON BAY,REDCLIFFE
4701,2,2 BR APARTMENT,12/12/2017,13/12/2017,30/07/2018,CLH,206,1,229,230,ROCKHAMPTON,ROCKHAMPTON
4104,1,1 BR APARTMENT,20/07/2018,23/07/2018,31/07/2018,CBH,107,3,8,11,BRISBANE,MILLER
4703,1,1 BR APARTMENT,10/07/2018,25/07/2018,27/07/2018,CBH,206,15,2,17,LIVINGSTONE,KEPPEL
4670,1,1 BR APARTMENT,4/07/2018,10/07/2018,20/07/2018,CBH,208,6,10,16,BUNDABERG,BUNDABERG
4814,1,1 BR APARTMENT,4/07/2018,4/07/2018,30/07/2018,CBH,201,0,26,26,TOWNSVILLE,MUNDINGBURRA
4814,1,1 BR APARTMENT,28/06/2018,4/07/2018,9/07/2018,CBH,201,6,5,11,TOWNSVILLE,MUNDINGBURRA
4701,1,1 BR APARTMENT,13/06/2018,19/06/2018,12/07/2018,CBH,206,6,23,29,ROCKHAMPTON,ROCKHAMPTON
4701,1,1 BR APARTMENT,11/07/2018,12/07/2018,20/07/2018,CBH,206,1,8,9,ROCKHAMPTON,ROCKHAMPTON
4701,1,1 BR APARTMENT,30/05/2018,8/06/2018,12/07/2018,CBH,206,9,34,43,ROCKHAMPTON,ROCKHAMPTON
4510,1,1 BR APARTMENT,23/05/2018,5/06/2018,3/07/2018,CBH,103,13,28,41,MORETON BAY,MORAYFIELD
4305,4,4 BR DETACHED HOUSE,2/07/2018,10/07/2018,30/07/2018,CRS,102,8,20,28,IPSWICH,IPSWICH
4211,1,1 BR APARTMENT,19/06/2018,19/06/2018,5/07/2018,CAH,204,0,16,16,GOLD COAST,GAVEN
4006,1,1 BR APARTMENT,26/07/2018,26/07/2018,26/07/2018,CAH,108,0,0,0,BRISBANE,MCCONNEL
4006,1,1 BR APARTMENT,26/07/2018,26/07/2018,26/07/2018,CAH,108,0,0,0,BRISBANE,MCCONNEL
4006,1,1 BR APARTMENT,5/07/2018,5/07/2018,5/07/2018,CAH,108,0,0,0,BRISBANE,MCCONNEL
4006,1,1 BR APARTMENT,26/07/2018,26/07/2018,26/07/2018,CAH,108,0,0,0,BRISBANE,MCCONNEL
4006,1,1 BR APARTMENT,5/07/2018,5/07/2018,5/07/2018,CAH,108,0,0,0,BRISBANE,MCCONNEL
4020,1,1 BR APARTMENT,15/05/2018,19/06/2018,31/07/2018,CBH,110,35,42,77,MORETON BAY,REDCLIFFE
4802,1,1 BR APARTMENT,31/05/2018,1/06/2018,3/07/2018,CAH,203,1,32,33,WHITSUNDAY,WHITSUNDAY
4105,1,1 BR APARTMENT,16/07/2018,17/07/2018,27/07/2018,CBH,107,1,10,11,BRISBANE,TOOHEY
4701,2,2 BR DUPLEX,27/06/2018,18/07/2018,24/07/2018,CRS,206,21,6,27,ROCKHAMPTON,KEPPEL
4020,2,2 BR APARTMENT,5/06/2018,8/06/2018,3/07/2018,CLH,110,3,25,28,MORETON BAY,REDCLIFFE
4020,2,2 BR APARTMENT,2/05/2018,11/05/2018,4/07/2018,CLH,110,9,54,63,MORETON BAY,REDCLIFFE
4870,2,2 BR ATTACHED HOUSING,16/05/2018,17/05/2018,26/07/2018,CLH,202,1,70,71,CAIRNS,CAIRNS
4870,2,2 BR ATTACHED HOUSING,20/06/2018,21/06/2018,27/07/2018,CLH,202,1,36,37,CAIRNS,CAIRNS
4870,2,2 BR ATTACHED HOUSING,4/07/2018,4/07/2018,24/07/2018,CLH,202,0,20,20,CAIRNS,CAIRNS
4455,3,3 BR DETACHED HOUSE,30/01/2018,13/07/2018,13/07/2018,CLH,207,164,0,164,MARANOA,WARREGO
4051,1,1 BR APARTMENT,18/06/2018,30/07/2018,30/07/2018,CLH,108,42,0,42,BRISBANE,FERNY GROVE
4814,5,5 BR CLUSTER HOUSING,27/06/2018,3/07/2018,18/07/2018,CLT,201,6,15,21,TOWNSVILLE,TOWNSVILLE
4510,1,1 BR APARTMENT,17/07/2018,17/07/2018,31/07/2018,CBH,103,0,14,14,MORETON BAY,MORAYFIELD
4701,2,2 BR APARTMENT,19/06/2018,4/07/2018,17/07/2018,CLH,206,15,13,28,ROCKHAMPTON,ROCKHAMPTON
4701,1,1 BR APARTMENT,19/06/2018,11/07/2018,11/07/2018,CLH,206,22,0,22,ROCKHAMPTON,ROCKHAMPTON
4010,1,1 BR APARTMENT,23/07/2018,31/07/2018,31/07/2018,CLH,108,8,0,8,BRISBANE,CLAYFIELD
4701,3,3 BR DETACHED HOUSE,30/05/2018,5/06/2018,24/07/2018,CRS,206,6,49,55,ROCKHAMPTON,ROCKHAMPTON
4810,2,2 BR APARTMENT,3/06/2018,6/06/2018,10/07/2018,CLH,201,3,34,37,TOWNSVILLE,TOWNSVILLE
4810,2,2 BR APARTMENT,15/06/2018,15/06/2018,13/07/2018,CLH,201,0,28,28,TOWNSVILLE,TOWNSVILLE
4810,3,3 BR APARTMENT,8/05/2018,18/06/2018,17/07/2018,CLH,201,41,29,70,TOWNSVILLE,TOWNSVILLE
4701,1,1 BR APARTMENT,27/06/2018,6/07/2018,9/07/2018,CLH,206,9,3,12,ROCKHAMPTON,ROCKHAMPTON
4159,2,2 BR APARTMENT,23/11/2017,23/07/2018,26/07/2018,CLH,106,242,3,245,REDLAND,CAPALABA
4550,2,2 BR APARTMENT,18/05/2018,13/07/2018,13/07/2018,CLH,205,56,0,56,SUNSHINE COAST,CALOUNDRA
4670,2,2 BR CLUSTER HOUSING,13/07/2018,13/07/2018,27/07/2018,CLH,208,0,14,14,BUNDABERG,BUNDABERG
4670,2,2 BR CLUSTER HOUSING,28/06/2018,6/07/2018,10/07/2018,CLH,208,8,4,12,BUNDABERG,BUNDABERG
4519,2,2 BR APARTMENT,3/07/2018,17/07/2018,17/07/2018,CLH,205,14,0,14,SUNSHINE COAST,CALOUNDRA
4519,2,2 BR APARTMENT,24/05/2018,27/06/2018,27/07/2018,CLH,205,34,30,64,SUNSHINE COAST,CALOUNDRA
4350,2,2 BR APARTMENT,29/04/2011,20/05/2011,9/07/2018,CLH,207,21,2607,2628,TOOWOOMBA,TOOWOOMBA NORTH
4810,1,1 BR APARTMENT,19/07/2018,20/07/2018,31/07/2018,CRS,201,1,11,12,TOWNSVILLE,TOWNSVILLE
4810,1,1 BR APARTMENT,9/07/2018,13/07/2018,13/07/2018,CLH,201,4,0,4,TOWNSVILLE,TOWNSVILLE
4350,2,2 BR APARTMENT,11/05/2015,3/07/2015,9/07/2018,CLH,207,53,1102,1155,TOOWOOMBA,TOOWOOMBA NORTH
4159,2,2 BR APARTMENT,11/06/2018,6/07/2018,6/07/2018,CLH,106,25,0,25,REDLAND,CAPALABA
4570,2,2 BR APARTMENT,30/05/2018,11/07/2018,11/07/2018,CLH,205,42,0,42,GYMPIE,GYMPIE
4870,1,1 BR APARTMENT,12/06/2018,28/06/2018,24/07/2018,CLH,202,16,26,42,CAIRNS,CAIRNS
4304,2,2 BR APARTMENT,21/05/2018,15/06/2018,31/07/2018,CLH,102,25,46,71,IPSWICH,IPSWICH
4701,2,2 BR APARTMENT,22/06/2018,5/07/2018,20/07/2018,CLH,206,13,15,28,ROCKHAMPTON,ROCKHAMPTON
4655,2,2 BR APARTMENT,21/06/2018,12/07/2018,12/07/2018,CLH,213,21,0,21,FRASER COAST,HERVEY BAY
4655,1,1 BR APARTMENT,6/06/2018,27/07/2018,27/07/2018,CLH,213,51,0,51,FRASER COAST,HERVEY BAY
4655,1,1 BR APARTMENT,20/06/2018,4/07/2018,4/07/2018,CLH,213,14,0,14,FRASER COAST,HERVEY BAY
4670,1,1 BR APARTMENT,28/06/2018,5/07/2018,11/07/2018,CLH,208,7,6,13,BUNDABERG,BUNDABERG
4670,1,1 BR APARTMENT,26/06/2018,29/06/2018,10/07/2018,CLH,208,3,11,14,BUNDABERG,BUNDABERG
4101,1,1 BR APARTMENT,3/04/2018,20/07/2018,20/07/2018,CSO,108,108,0,108,BRISBANE,SOUTH BRISBANE
4101,1,1 BR APARTMENT,14/06/2018,11/07/2018,11/07/2018,CSO,108,27,0,27,BRISBANE,SOUTH BRISBANE
4101,1,1 BR APARTMENT,21/06/2018,3/07/2018,3/07/2018,CSO,108,12,0,12,BRISBANE,SOUTH BRISBANE
4305,2,2 BR APARTMENT,15/06/2018,16/07/2018,16/07/2018,CLH,102,31,0,31,IPSWICH,IPSWICH WEST
4810,1,1 BR APARTMENT,19/06/2018,20/06/2018,20/07/2018,CLH,201,1,30,31,TOWNSVILLE,TOWNSVILLE
4170,1,1 BR APARTMENT,26/06/2018,9/07/2018,17/07/2018,CLH,109,13,8,21,BRISBANE,BULIMBA
4133,2,2 BR APARTMENT,18/07/2018,18/07/2018,18/07/2018,CAO,101,0,0,0,LOGAN,WATERFORD
4053,1,1 BR APARTMENT,18/07/2018,24/07/2018,24/07/2018,CLH,108,6,0,6,BRISBANE,FERNY GROVE
4812,1,1 BR APARTMENT,13/07/2018,20/07/2018,26/07/2018,CRH,201,7,6,13,TOWNSVILLE,TOWNSVILLE
4510,2,2 BR APARTMENT,19/06/2018,19/06/2018,6/07/2018,CRH,103,0,17,17,MORETON BAY,MORAYFIELD
4510,2,2 BR ATTACHED HOUSING,23/05/2018,25/05/2018,3/07/2018,CRH,103,2,39,41,MORETON BAY,MORAYFIELD
4570,1,1 BR APARTMENT,4/07/2018,27/07/2018,27/07/2018,CRH,205,23,0,23,GYMPIE,GYMPIE
4883,2,2 BR DUPLEX,4/07/2018,4/07/2018,18/07/2018,CRH,202,0,14,14,TABLELANDS,DALRYMPLE
4883,2,2 BR DUPLEX,26/06/2018,27/06/2018,4/07/2018,CRH,202,1,7,8,TABLELANDS,DALRYMPLE
4650,2,2 BR ATTACHED HOUSING,15/06/2018,5/07/2018,5/07/2018,CRH,213,20,0,20,FRASER COAST,MARYBOROUGH
4670,3,3 BR DUPLEX,26/06/2018,2/07/2018,9/07/2018,CRH,208,6,7,13,BUNDABERG,BUNDABERG
4178,3,3 BR DETACHED HOUSE,5/06/2018,12/07/2018,12/07/2018,CRH,109,37,0,37,BRISBANE,LYTTON
4740,3,3 BR DETACHED HOUSE,25/07/2018,25/07/2018,30/07/2018,CRH,203,0,5,5,MACKAY,MACKAY
4810,2,2 BR APARTMENT,30/05/2018,4/06/2018,3/07/2018,CRH,201,5,29,34,TOWNSVILLE,TOWNSVILLE
4011,3,3 BR DETACHED HOUSE,18/05/2018,9/07/2018,9/07/2018,CRH,108,52,0,52,BRISBANE,CLAYFIELD
4030,1,1 BR APARTMENT,6/07/2018,12/07/2018,12/07/2018,CRH,108,6,0,6,BRISBANE,CLAYFIELD
4215,1,1 BR APARTMENT,13/06/2018,15/06/2018,19/07/2018,CRH,204,2,34,36,GOLD COAST,BONNEY
4215,1,1 BR APARTMENT,24/05/2018,29/05/2018,19/07/2018,CRH,204,5,51,56,GOLD COAST,BONNEY
4215,1,1 BR APARTMENT,12/07/2018,13/07/2018,13/07/2018,CRH,204,1,0,1,GOLD COAST,BONNEY
4215,2,2 BR APARTMENT,13/06/2018,15/06/2018,19/07/2018,CRH,204,2,34,36,GOLD COAST,BONNEY
4860,2,2 BR DETACHED HOUSE,11/06/2018,13/06/2018,13/07/2018,CRH,202,2,30,32,CASSOWARY COAST,HILL
4152,1,1 BR APARTMENT,16/07/2018,17/07/2018,31/07/2018,CRH,107,1,14,15,BRISBANE,CHATSWORTH
4870,3,3 BR DETACHED HOUSE,13/07/2018,13/07/2018,27/07/2018,CRH,202,0,14,14,CAIRNS,CAIRNS
4810,2,2 BR APARTMENT,13/07/2018,26/07/2018,26/07/2018,CLH,201,13,0,13,TOWNSVILLE,TOWNSVILLE
4812,2,2 BR APARTMENT,26/06/2018,13/07/2018,13/07/2018,CLH,201,17,0,17,TOWNSVILLE,TOWNSVILLE
4573,1,1 BR APARTMENT,11/07/2018,18/07/2018,18/07/2018,CLH,205,7,0,7,SUNSHINE COAST,MAROOCHYDORE
4573,1,1 BR APARTMENT,20/06/2018,13/07/2018,13/07/2018,CLH,205,23,0,23,SUNSHINE COAST,MAROOCHYDORE
4560,2,2 BR APARTMENT,18/04/2018,18/07/2018,18/07/2018,CLH,205,91,0,91,SUNSHINE COAST,NICKLIN
4720,2,2 BR DUPLEX,15/06/2018,18/06/2018,4/07/2018,CLH,211,3,16,19,CENTRAL HIGHLANDS,GREGORY
4670,1,1 BR APARTMENT,25/06/2018,26/06/2018,12/07/2018,CLH,208,1,16,17,BUNDABERG,BUNDABERG
4670,2,2 BR ATTACHED HOUSING,20/06/2018,25/06/2018,10/07/2018,CRH,208,5,15,20,BUNDABERG,BUNDABERG
4169,2,2 BR APARTMENT,6/06/2018,16/07/2018,16/07/2018,CRH,108,40,0,40,BRISBANE,SOUTH BRISBANE
4022,3,3 BR CLUSTER HOUSING,19/06/2018,31/07/2018,31/07/2018,CLH,110,42,0,42,MORETON BAY,BANCROFT
4350,3,3 BR CLUSTER HOUSING,27/03/2013,27/03/2013,9/07/2018,CLH,207,0,1930,1930,TOOWOOMBA,TOOWOOMBA SOUTH
4304,2,2 BR APARTMENT,14/05/2018,25/05/2018,31/07/2018,CAH,102,11,67,78,IPSWICH,IPSWICH
4304,2,2 BR APARTMENT,30/05/2018,15/06/2018,31/07/2018,CAH,102,16,46,62,IPSWICH,IPSWICH
4304,2,2 BR APARTMENT,27/04/2018,14/05/2018,31/07/2018,CAH,102,17,78,95,IPSWICH,IPSWICH
4304,2,2 BR APARTMENT,19/06/2018,17/07/2018,31/07/2018,CAH,102,28,14,42,IPSWICH,IPSWICH
4215,1,1 BR APARTMENT,27/06/2018,11/07/2018,12/07/2018,CLT,204,14,1,15,GOLD COAST,BONNEY
4551,2,2 BR APARTMENT,20/06/2018,11/07/2018,11/07/2018,CAH,205,21,0,21,SUNSHINE COAST,CALOUNDRA
4700,2,2 BR APARTMENT,19/04/2018,18/06/2018,30/07/2018,CLT,206,60,42,102,ROCKHAMPTON,ROCKHAMPTON
4700,2,2 BR APARTMENT,11/06/2018,11/07/2018,12/07/2018,CLT,206,30,1,31,ROCKHAMPTON,ROCKHAMPTON
4700,2,2 BR APARTMENT,22/06/2018,11/07/2018,12/07/2018,CLT,206,19,1,20,ROCKHAMPTON,ROCKHAMPTON
4810,1,1 BR APARTMENT,11/06/2018,18/06/2018,5/07/2018,CLT,201,7,17,24,TOWNSVILLE,TOWNSVILLE
4108,3,3 BR APARTMENT,26/07/2018,26/07/2018,26/07/2018,CAH,107,0,0,0,BRISBANE,TOOHEY
4211,1,1 BR APARTMENT,19/06/2018,19/06/2018,5/07/2018,CAH,204,0,16,16,GOLD COAST,GAVEN
4121,2,2 BR APARTMENT,5/06/2018,22/06/2018,10/07/2018,RGS,107,17,18,35,BRISBANE,GREENSLOPES
4121,2,2 BR APARTMENT,14/02/2019,1/03/2019,5/03/2019,RGS,107,15,4,19,BRISBANE,GREENSLOPES
4152,3,3 BR DETACHED HOUSE,5/02/2019,5/02/2019,5/02/2019,RGS,107,0,0,0,BRISBANE,CHATSWORTH
4053,2,2 BR DUPLEX,20/06/2018,27/07/2018,6/08/2018,RGS,105,37,10,47,BRISBANE,STAFFORD
4053,2,2 BR DETACHED HOUSE,11/09/2018,31/10/2018,5/12/2018,RGS,105,50,35,85,BRISBANE,STAFFORD
4031,3,3 BR DETACHED HOUSE,18/07/2018,11/09/2018,25/10/2018,RGS,105,55,44,99,BRISBANE,STAFFORD
4053,2,2 BR DUPLEX,24/09/2018,23/10/2018,22/11/2018,RGS,105,29,30,59,BRISBANE,STAFFORD
4053,2,2 BR DETACHED HOUSE,14/12/2018,10/01/2019,21/01/2019,RGS,105,27,11,38,BRISBANE,STAFFORD
4053,1,1 BR APARTMENT,13/08/2018,27/08/2018,3/10/2018,RGS,105,14,37,51,BRISBANE,STAFFORD
4053,2,2 BR APARTMENT,4/06/2018,10/10/2018,29/10/2018,RGS,105,128,19,147,BRISBANE,STAFFORD
4053,2,2 BR APARTMENT,30/11/2018,20/12/2018,1/03/2019,RGS,105,20,71,91,BRISBANE,STAFFORD
4107,2,2 BR DETACHED HOUSE,3/05/2019,5/06/2019,14/06/2019,RGS,107,33,9,42,BRISBANE,TOOHEY
4170,3,3 BR DETACHED HOUSE,18/10/2018,10/12/2018,19/12/2018,RGS,109,53,9,62,BRISBANE,BULIMBA
4054,3,3 BR DETACHED HOUSE,4/09/2018,10/09/2018,13/09/2018,RGS,108,6,3,9,BRISBANE,FERNY GROVE
4054,2,2 BR DUPLEX,15/11/2018,11/12/2018,14/12/2018,RGS,108,26,3,29,BRISBANE,FERNY GROVE
4054,2,2 BR DUPLEX,12/10/2018,24/10/2018,30/10/2018,RGS,108,12,6,18,BRISBANE,FERNY GROVE
4054,3,3 BR DETACHED HOUSE,4/01/2019,30/01/2019,19/02/2019,RGS,108,26,20,46,BRISBANE,FERNY GROVE
4054,2,2 BR APARTMENT,20/09/2018,23/10/2018,9/11/2018,RGS,108,33,17,50,BRISBANE,FERNY GROVE
4054,2,2 BR APARTMENT,12/12/2018,7/01/2019,16/01/2019,RGS,108,26,9,35,BRISBANE,FERNY GROVE
4054,3,3 BR DETACHED HOUSE,1/08/2018,14/08/2018,17/08/2018,RGS,108,13,3,16,BRISBANE,FERNY GROVE
4054,3,3 BR DETACHED HOUSE,20/06/2019,20/06/2019,20/06/2019,RGS,108,0,0,0,BRISBANE,FERNY GROVE
4054,3,3 BR DETACHED HOUSE,20/06/2019,20/06/2019,20/06/2019,RGS,108,0,0,0,BRISBANE,FERNY GROVE
4054,3,3 BR DETACHED HOUSE,20/03/2019,16/05/2019,14/06/2019,RGS,108,57,29,86,BRISBANE,FERNY GROVE
4054,3,3 BR DETACHED HOUSE,12/02/2019,3/04/2019,3/04/2019,RGS,108,50,0,50,BRISBANE,FERNY GROVE
4054,2,2 BR DETACHED HOUSE,28/09/2018,30/10/2018,31/10/2018,RGS,108,32,1,33,BRISBANE,FERNY GROVE
4121,3,3 BR DETACHED HOUSE,25/03/2019,24/04/2019,1/05/2019,RGS,107,30,7,37,BRISBANE,GREENSLOPES
4121,3,3 BR DETACHED HOUSE,10/06/2019,24/06/2019,24/06/2019,RGS,107,14,0,14,BRISBANE,GREENSLOPES
4121,2,2 BR DETACHED HOUSE,20/11/2018,24/12/2018,4/01/2019,RGS,107,34,11,45,BRISBANE,GREENSLOPES
4032,2,2 BR SENIOR UNIT,7/11/2018,20/11/2018,30/01/2019,SNR,105,13,71,84,BRISBANE,STAFFORD
4032,2,2 BR DUPLEX,2/11/2018,26/11/2018,20/12/2018,RGS,105,24,24,48,BRISBANE,STAFFORD
4053,4,4 BR DETACHED HOUSE,14/06/2018,3/07/2018,27/07/2018,RGS,105,19,24,43,BRISBANE,STAFFORD
4053,3,3 BR DETACHED HOUSE,3/01/2019,23/01/2019,13/02/2019,RGS,105,20,21,41,BRISBANE,STAFFORD
4053,2,2 BR DETACHED HOUSE,30/07/2018,13/08/2018,6/09/2018,RGS,105,14,24,38,BRISBANE,STAFFORD
4053,2,2 BR APARTMENT,25/06/2018,4/07/2018,6/08/2018,RGS,105,9,33,42,BRISBANE,STAFFORD
4053,2,2 BR APARTMENT,3/09/2018,12/09/2018,24/10/2018,RGS,105,9,42,51,BRISBANE,STAFFORD
4053,2,2 BR APARTMENT,23/07/2018,3/08/2018,19/09/2018,RGS,105,11,47,58,BRISBANE,STAFFORD
4053,2,2 BR APARTMENT,27/06/2018,18/07/2018,23/07/2018,RGS,105,21,5,26,BRISBANE,STAFFORD
4053,3,3 BR DETACHED HOUSE,28/11/2018,14/12/2018,4/02/2019,RGS,105,16,52,68,BRISBANE,STAFFORD
4053,3,3 BR DETACHED HOUSE,18/02/2019,8/03/2019,9/04/2019,RGS,105,18,32,50,BRISBANE,STAFFORD
4053,2,2 BR DETACHED HOUSE,21/01/2019,11/02/2019,28/02/2019,RGS,105,21,17,38,BRISBANE,STAFFORD
4053,2,2 BR DETACHED HOUSE,3/01/2019,6/02/2019,12/03/2019,RGS,105,34,34,68,BRISBANE,STAFFORD
4053,3,3 BR DETACHED HOUSE,3/09/2018,19/09/2018,2/10/2018,RGS,105,16,13,29,BRISBANE,STAFFORD
4012,3,3 BR DETACHED HOUSE,6/06/2019,14/06/2019,19/06/2019,RGS,105,8,5,13,BRISBANE,NUDGEE
4034,3,3 BR DETACHED HOUSE,8/05/2019,9/05/2019,9/05/2019,RGS,105,1,0,1,BRISBANE,NUDGEE
4034,1,1 BR APARTMENT,18/04/2019,18/04/2019,18/04/2019,RGS,105,0,0,0,BRISBANE,NUDGEE
4034,1,1 BR APARTMENT,11/04/2019,11/04/2019,12/04/2019,RGS,105,0,1,1,BRISBANE,NUDGEE
4034,1,1 BR APARTMENT,2/04/2019,2/04/2019,2/04/2019,RGS,105,0,0,0,BRISBANE,NUDGEE
4034,1,1 BR APARTMENT,2/04/2019,2/04/2019,2/04/2019,RGS,105,0,0,0,BRISBANE,NUDGEE
4034,3,3 BR DETACHED HOUSE,12/09/2018,12/09/2018,13/09/2018,RGS,105,0,1,1,BRISBANE,NUDGEE
4034,2,2 BR DETACHED HOUSE,20/12/2018,24/01/2019,12/02/2019,RGS,105,35,19,54,BRISBANE,NUDGEE
4034,2,2 BR CLUSTER HOUSING,14/06/2019,14/06/2019,14/06/2019,RGS,105,0,0,0,BRISBANE,NUDGEE
4034,3,3 BR DETACHED HOUSE,3/08/2018,23/08/2018,28/08/2018,RGS,105,20,5,25,BRISBANE,NUDGEE
4034,2,2 BR APARTMENT,27/05/2019,25/06/2019,26/06/2019,RGS,105,29,1,30,BRISBANE,NUDGEE
4034,2,2 BR APARTMENT,26/04/2019,16/05/2019,29/05/2019,RGS,105,20,13,33,BRISBANE,NUDGEE
4034,2,2 BR APARTMENT,23/01/2019,19/02/2019,7/03/2019,RGS,105,27,16,43,BRISBANE,NUDGEE
4034,3,3 BR DETACHED HOUSE,6/07/2018,26/10/2018,28/11/2018,RGS,105,112,33,145,BRISBANE,NUDGEE
4034,3,3 BR DETACHED HOUSE,13/08/2018,20/08/2018,30/08/2018,RGS,105,7,10,17,BRISBANE,NUDGEE
4034,3,3 BR DETACHED HOUSE,25/06/2018,27/07/2018,13/08/2018,RGS,105,32,17,49,BRISBANE,NUDGEE
4034,3,3 BR DETACHED HOUSE,27/06/2018,25/07/2018,31/07/2018,RGS,105,28,6,34,BRISBANE,NUDGEE
4110,2,2 BR DETACHED HOUSE,5/10/2018,18/10/2018,19/10/2018,RGS,104,13,1,14,BRISBANE,ALGESTER
4110,3,3 BR DETACHED HOUSE,10/08/2018,10/08/2018,10/08/2018,RGS,104,0,0,0,BRISBANE,ALGESTER
4110,3,3 BR DETACHED HOUSE,13/07/2018,13/07/2018,13/07/2018,RGS,104,0,0,0,BRISBANE,ALGESTER
4110,1,1 BR APARTMENT,2/10/2018,12/10/2018,15/10/2018,RGS,104,10,3,13,BRISBANE,ALGESTER
4110,1,1 BR APARTMENT,16/11/2018,28/11/2018,29/11/2018,RGS,104,12,1,13,BRISBANE,ALGESTER
4110,1,1 BR APARTMENT,21/02/2019,4/03/2019,15/03/2019,RGS,104,11,11,22,BRISBANE,ALGESTER
4034,2,2 BR DETACHED HOUSE,8/05/2019,9/05/2019,9/05/2019,RGS,105,1,0,1,BRISBANE,NUDGEE
4034,3,3 BR DETACHED HOUSE,31/08/2018,26/11/2018,3/12/2018,RGS,105,87,7,94,BRISBANE,NUDGEE
4034,2,2 BR DETACHED HOUSE,16/08/2018,4/09/2018,15/10/2018,RGS,105,19,41,60,BRISBANE,NUDGEE
4110,2,2 BR DETACHED HOUSE,25/09/2018,10/10/2018,16/10/2018,RGS,104,15,6,21,BRISBANE,ALGESTER
4054,3,3 BR DETACHED HOUSE,27/09/2018,6/11/2018,8/11/2018,RGS,108,40,2,42,BRISBANE,EVERTON
4121,3,3 BR DETACHED HOUSE,9/01/2019,17/01/2019,24/01/2019,RGS,107,8,7,15,BRISBANE,GREENSLOPES
4077,3,3 BR DETACHED HOUSE,7/06/2019,18/06/2019,19/06/2019,RGS,104,11,1,12,BRISBANE,INALA
4077,3,3 BR DETACHED HOUSE,21/05/2019,3/06/2019,10/06/2019,RGS,104,13,7,20,BRISBANE,INALA
4077,3,3 BR DETACHED HOUSE,10/07/2018,20/07/2018,20/07/2018,RGS,104,10,0,10,BRISBANE,INALA
4077,3,3 BR DETACHED HOUSE,23/05/2019,3/06/2019,5/06/2019,RGS,104,11,2,13,BRISBANE,INALA
4077,4,4 BR DETACHED HOUSE,14/08/2018,19/10/2018,19/10/2018,RGS,104,66,0,66,BRISBANE,INALA
4077,2,2 BR DETACHED HOUSE,5/07/2018,25/07/2018,30/07/2018,RGS,104,20,5,25,BRISBANE,INALA
4077,3,3 BR DETACHED HOUSE,22/02/2019,18/03/2019,27/03/2019,RGS,104,24,9,33,BRISBANE,INALA
4077,4,4 BR DETACHED HOUSE,4/02/2019,14/02/2019,20/02/2019,RGS,104,10,6,16,BRISBANE,INALA
4172,2,2 BR APARTMENT,7/09/2018,7/09/2018,7/09/2018,RGS,109,0,0,0,BRISBANE,BULIMBA
4172,4,4 BR DETACHED HOUSE,27/08/2018,19/09/2018,4/10/2018,RGS,109,23,15,38,BRISBANE,BULIMBA
4172,3,3 BR DETACHED HOUSE,16/08/2018,10/09/2018,21/09/2018,RGS,109,25,11,36,BRISBANE,BULIMBA
4172,3,3 BR DETACHED HOUSE,21/08/2018,13/09/2018,8/10/2018,RGS,109,23,25,48,BRISBANE,BULIMBA
4121,3,3 BR DETACHED HOUSE,12/03/2019,15/03/2019,18/03/2019,RGS,107,3,3,6,BRISBANE,GREENSLOPES
4054,1,1 BR APARTMENT,13/07/2018,13/07/2018,13/07/2018,RGS,108,0,0,0,BRISBANE,FERNY GROVE
4054,1,1 BR APARTMENT,28/06/2018,28/06/2018,5/07/2018,RGS,108,0,7,7,BRISBANE,FERNY GROVE
4054,1,1 BR APARTMENT,28/06/2018,28/06/2018,4/07/2018,RGS,108,0,6,6,BRISBANE,FERNY GROVE
4054,3,3 BR DETACHED HOUSE,9/08/2018,28/08/2018,31/08/2018,RGS,108,19,3,22,BRISBANE,FERNY GROVE
4054,3,3 BR DETACHED HOUSE,14/09/2018,28/09/2018,3/10/2018,RGS,108,14,5,19,BRISBANE,FERNY GROVE
4054,3,3 BR DETACHED HOUSE,31/05/2018,28/06/2018,3/07/2018,RGS,108,28,5,33,BRISBANE,FERNY GROVE
4054,3,3 BR DETACHED HOUSE,30/01/2019,4/03/2019,4/03/2019,RGS,108,33,0,33,BRISBANE,FERNY GROVE
4032,2,2 BR DETACHED HOUSE,6/11/2018,12/12/2018,14/01/2019,RGS,105,36,33,69,BRISBANE,STAFFORD
4032,3,3 BR DETACHED HOUSE,1/02/2019,18/03/2019,22/03/2019,RGS,105,45,4,49,BRISBANE,STAFFORD
4121,2,2 BR DETACHED HOUSE,28/06/2018,19/07/2018,30/07/2018,RGS,107,21,11,32,BRISBANE,GREENSLOPES
4108,3,3 BR DETACHED HOUSE,25/10/2018,29/11/2018,13/12/2018,RGS,107,35,14,49,BRISBANE,TOOHEY
4108,2,2 BR APARTMENT,8/04/2019,23/04/2019,16/05/2019,RGS,107,15,23,38,BRISBANE,TOOHEY
4108,2,2 BR APARTMENT,25/10/2018,8/11/2018,9/11/2018,RGS,107,14,1,15,BRISBANE,TOOHEY
4108,1,1 BR SENIOR UNIT,6/08/2018,21/08/2018,6/09/2018,SNR,107,15,16,31,BRISBANE,TOOHEY
4108,2,2 BR DUPLEX,12/12/2018,9/01/2019,16/01/2019,RGS,107,28,7,35,BRISBANE,TOOHEY
4032,4,4 BR DETACHED HOUSE,24/12/2018,25/01/2019,29/01/2019,RGS,105,32,4,36,BRISBANE,STAFFORD
4032,3,3 BR DETACHED HOUSE,16/08/2018,4/09/2018,28/09/2018,RGS,105,19,24,43,BRISBANE,STAFFORD
4121,2,2 BR DETACHED HOUSE,14/03/2019,7/05/2019,10/05/2019,RGS,107,54,3,57,BRISBANE,GREENSLOPES
4121,2,2 BR DETACHED HOUSE,3/12/2018,14/12/2018,17/12/2018,RGS,107,11,3,14,BRISBANE,GREENSLOPES
4109,3,3 BR DETACHED HOUSE,5/02/2019,11/02/2019,13/02/2019,RGS,107,6,2,8,BRISBANE,TOOHEY
4109,3,3 BR DETACHED HOUSE,10/09/2018,8/11/2018,13/11/2018,RGS,107,59,5,64,BRISBANE,TOOHEY
4109,1,1 BR APARTMENT,29/08/2018,12/09/2018,2/10/2018,RGS,107,14,20,34,BRISBANE,TOOHEY
4179,3,3 BR DETACHED HOUSE,23/08/2018,18/09/2018,21/09/2018,RGS,109,26,3,29,BRISBANE,LYTTON
4152,3,3 BR DETACHED HOUSE,8/11/2018,9/11/2018,21/11/2018,RGS,107,1,12,13,BRISBANE,CHATSWORTH
4152,2,2 BR DETACHED HOUSE,24/04/2019,29/04/2019,30/04/2019,RGS,107,5,1,6,BRISBANE,CHATSWORTH
4152,3,3 BR DETACHED HOUSE,17/05/2019,21/05/2019,21/05/2019,RGS,107,4,0,4,BRISBANE,CHATSWORTH
4152,3,3 BR DETACHED HOUSE,21/05/2019,27/06/2019,27/06/2019,RGS,107,37,0,37,BRISBANE,CHATSWORTH
4152,3,3 BR DETACHED HOUSE,26/06/2018,2/07/2018,17/07/2018,RGS,107,6,15,21,BRISBANE,CHATSWORTH
4152,4,4 BR DETACHED HOUSE,28/05/2018,11/06/2018,8/08/2018,RGS,107,14,58,72,BRISBANE,CHATSWORTH
4152,4,4 BR DETACHED HOUSE,14/05/2019,27/05/2019,4/06/2019,RGS,107,13,8,21,BRISBANE,CHATSWORTH
4152,3,3 BR DETACHED HOUSE,10/10/2018,12/10/2018,2/11/2018,RGS,107,2,21,23,BRISBANE,CHATSWORTH
4034,2,2 BR DETACHED HOUSE,6/08/2018,24/08/2018,7/09/2018,RGS,105,18,14,32,BRISBANE,ASPLEY
4034,3,3 BR DETACHED HOUSE,3/09/2018,26/09/2018,28/09/2018,RGS,105,23,2,25,BRISBANE,ASPLEY
4034,3,3 BR DETACHED HOUSE,28/05/2019,12/06/2019,14/06/2019,RGS,105,15,2,17,BRISBANE,ASPLEY
4034,3,3 BR DETACHED HOUSE,8/11/2018,7/12/2018,11/01/2019,RGS,105,29,35,64,BRISBANE,ASPLEY
4034,2,2 BR DETACHED HOUSE,2/11/2018,12/11/2018,12/11/2018,RGS,105,10,0,10,BRISBANE,ASPLEY
4034,3,3 BR DETACHED HOUSE,12/06/2018,9/07/2018,10/07/2018,RGS,105,27,1,28,BRISBANE,ASPLEY
4034,3,3 BR DETACHED HOUSE,24/12/2018,30/01/2019,11/02/2019,RGS,105,37,12,49,BRISBANE,ASPLEY
4122,2,2 BR APARTMENT,15/06/2018,29/06/2018,9/07/2018,RGS,107,14,10,24,BRISBANE,MANSFIELD
4122,2,2 BR APARTMENT,22/08/2018,11/09/2018,27/09/2018,RGS,107,20,16,36,BRISBANE,MANSFIELD
4122,2,2 BR APARTMENT,27/03/2019,10/04/2019,24/04/2019,RGS,107,14,14,28,BRISBANE,MANSFIELD
4122,3,3 BR DETACHED HOUSE,16/07/2018,27/07/2018,14/08/2018,RGS,107,11,18,29,BRISBANE,MANSFIELD
4122,3,3 BR DETACHED HOUSE,9/07/2018,26/07/2018,7/08/2018,RGS,107,17,12,29,BRISBANE,MANSFIELD
4122,3,3 BR DETACHED HOUSE,8/10/2018,8/10/2018,9/10/2018,RGS,107,0,1,1,BRISBANE,MANSFIELD
4122,3,3 BR DETACHED HOUSE,30/07/2018,30/07/2018,30/07/2018,RGS,107,0,0,0,BRISBANE,MANSFIELD
4122,3,3 BR DETACHED HOUSE,29/03/2019,29/03/2019,1/04/2019,RGS,107,0,3,3,BRISBANE,MANSFIELD
4122,4,4 BR DETACHED HOUSE,28/08/2018,17/09/2018,8/10/2018,RGS,107,20,21,41,BRISBANE,MANSFIELD
4122,3,3 BR DETACHED HOUSE,15/04/2019,23/04/2019,15/05/2019,RGS,107,8,22,30,BRISBANE,MANSFIELD
4122,2,2 BR APARTMENT,14/01/2019,29/01/2019,7/02/2019,RGS,107,15,9,24,BRISBANE,MANSFIELD
4122,3,3 BR DETACHED HOUSE,28/05/2018,2/07/2018,20/07/2018,RGS,107,35,18,53,BRISBANE,MANSFIELD
4077,3,3 BR DETACHED HOUSE,20/03/2019,1/04/2019,10/04/2019,RGS,104,12,9,21,BRISBANE,INALA
4077,2,2 BR DETACHED HOUSE,24/10/2018,6/11/2018,14/11/2018,RGS,104,13,8,21,BRISBANE,INALA
4077,2,2 BR DETACHED HOUSE,14/08/2018,27/08/2018,29/08/2018,RGS,104,13,2,15,BRISBANE,INALA
4077,3,3 BR DETACHED HOUSE,22/06/2018,3/07/2018,3/07/2018,RGS,104,11,0,11,BRISBANE,INALA
4077,3,3 BR DETACHED HOUSE,16/01/2019,30/01/2019,8/02/2019,RGS,104,14,9,23,BRISBANE,INALA
4077,1,1 BR APARTMENT,11/02/2019,21/02/2019,7/03/2019,RGS,104,10,14,24,BRISBANE,INALA
4077,2,2 BR APARTMENT,16/04/2019,16/04/2019,16/04/2019,RGS,104,0,0,0,BRISBANE,INALA
4077,2,2 BR APARTMENT,22/11/2018,6/12/2018,12/12/2018,RGS,104,14,6,20,BRISBANE,INALA
4077,2,2 BR DETACHED HOUSE,20/05/2019,29/05/2019,5/06/2019,RGS,104,9,7,16,BRISBANE,INALA
4077,2,2 BR DETACHED HOUSE,10/06/2019,18/06/2019,18/06/2019,RGS,104,8,0,8,BRISBANE,INALA
4077,2,2 BR DETACHED HOUSE,15/03/2019,27/03/2019,12/04/2019,RGS,104,12,16,28,BRISBANE,INALA
4077,3,3 BR DETACHED HOUSE,2/01/2019,17/01/2019,22/01/2019,RGS,104,15,5,20,BRISBANE,INALA
4110,2,2 BR APARTMENT,18/06/2018,3/07/2018,10/07/2018,RGS,104,15,7,22,BRISBANE,ALGESTER
4110,3,3 BR DETACHED HOUSE,28/05/2019,31/05/2019,3/06/2019,RGS,104,3,3,6,BRISBANE,ALGESTER
4110,3,3 BR DETACHED HOUSE,15/04/2019,2/05/2019,15/05/2019,RGS,104,17,13,30,BRISBANE,ALGESTER
4077,2,2 BR SENIOR UNIT,17/05/2019,24/05/2019,30/05/2019,SNR,104,7,6,13,BRISBANE,INALA
4077,3,3 BR DETACHED HOUSE,2/08/2018,2/08/2018,2/08/2018,RGS,104,0,0,0,BRISBANE,INALA
4077,3,3 BR DETACHED HOUSE,2/08/2018,2/08/2018,2/08/2018,RGS,104,0,0,0,BRISBANE,INALA
4077,3,3 BR DETACHED HOUSE,2/08/2018,2/08/2018,2/08/2018,RGS,104,0,0,0,BRISBANE,INALA
4077,2,2 BR DETACHED HOUSE,23/01/2019,23/01/2019,24/01/2019,RGS,104,0,1,1,BRISBANE,INALA
4077,2,2 BR DETACHED HOUSE,11/10/2018,11/10/2018,11/10/2018,RGS,104,0,0,0,BRISBANE,INALA
4121,3,3 BR DETACHED HOUSE,7/05/2019,17/05/2019,24/05/2019,RGS,107,10,7,17,BRISBANE,GREENSLOPES
4077,2,2 BR ATTACHED HOUSING,19/12/2018,14/01/2019,15/01/2019,RGS,104,26,1,27,BRISBANE,INALA
4077,2,2 BR ATTACHED HOUSING,31/08/2018,10/09/2018,13/09/2018,RGS,104,10,3,13,BRISBANE,INALA
4077,3,3 BR DETACHED HOUSE,11/12/2018,21/12/2018,21/12/2018,RGS,104,10,0,10,BRISBANE,INALA
4077,1,1 BR APARTMENT,14/08/2018,20/08/2018,20/08/2018,RGS,104,6,0,6,BRISBANE,INALA
4077,2,2 BR DUPLEX,28/05/2019,5/06/2019,6/06/2019,RGS,104,8,1,9,BRISBANE,INALA
4077,2,2 BR ATTACHED HOUSING,14/01/2019,29/01/2019,8/02/2019,RGS,104,15,10,25,BRISBANE,INALA
4077,2,2 BR DUPLEX,4/06/2019,18/06/2019,20/06/2019,RGS,104,14,2,16,BRISBANE,INALA
4077,2,2 BR DUPLEX,23/04/2019,26/04/2019,26/04/2019,RGS,104,3,0,3,BRISBANE,INALA
4077,3,3 BR DETACHED HOUSE,30/10/2018,13/11/2018,14/11/2018,RGS,104,14,1,15,BRISBANE,INALA
4077,3,3 BR DETACHED HOUSE,22/02/2019,14/03/2019,19/03/2019,RGS,104,20,5,25,BRISBANE,INALA
4077,3,3 BR DETACHED HOUSE,3/08/2018,28/08/2018,29/08/2018,RGS,104,25,1,26,BRISBANE,INALA
4077,3,3 BR DETACHED HOUSE,16/04/2019,1/05/2019,7/05/2019,RGS,104,15,6,21,BRISBANE,INALA
4077,3,3 BR DETACHED HOUSE,9/01/2019,23/01/2019,31/01/2019,RGS,104,14,8,22,BRISBANE,INALA
4077,3,3 BR DETACHED HOUSE,12/12/2018,20/12/2018,20/12/2018,RGS,104,8,0,8,BRISBANE,INALA
4077,2,2 BR DETACHED HOUSE,26/02/2019,14/03/2019,19/03/2019,RGS,104,16,5,21,BRISBANE,INALA
4077,2,2 BR DETACHED HOUSE,21/01/2019,14/02/2019,21/02/2019,RGS,104,24,7,31,BRISBANE,INALA
4077,3,3 BR DETACHED HOUSE,1/05/2019,15/05/2019,23/05/2019,RGS,104,14,8,22,BRISBANE,INALA
4077,3,3 BR DETACHED HOUSE,22/05/2019,3/06/2019,10/06/2019,RGS,104,12,7,19,BRISBANE,INALA
4054,1,1 BR SENIOR UNIT,5/03/2019,15/03/2019,5/04/2019,SNR,108,10,21,31,BRISBANE,FERNY GROVE
4054,1,1 BR SENIOR UNIT,12/12/2018,7/01/2019,15/01/2019,SNR,108,26,8,34,BRISBANE,FERNY GROVE
4077,2,2 BR ATTACHED HOUSING,14/01/2019,12/02/2019,14/02/2019,RGS,104,29,2,31,BRISBANE,INALA
4077,2,2 BR ATTACHED HOUSING,13/09/2018,14/09/2018,17/09/2018,RGS,104,1,3,4,BRISBANE,INALA
4077,2,2 BR ATTACHED HOUSING,24/12/2018,17/01/2019,22/01/2019,RGS,104,24,5,29,BRISBANE,INALA
4077,2,2 BR ATTACHED HOUSING,29/03/2019,10/04/2019,7/05/2019,RGS,104,12,27,39,BRISBANE,INALA
4077,3,3 BR DETACHED HOUSE,27/06/2018,4/07/2018,4/07/2018,RGS,104,7,0,7,BRISBANE,INALA
4077,3,3 BR DETACHED HOUSE,4/03/2019,18/03/2019,21/03/2019,RGS,104,14,3,17,BRISBANE,INALA
4077,2,2 BR DETACHED HOUSE,6/08/2018,6/08/2018,6/08/2018,RGS,104,0,0,0,BRISBANE,INALA
4077,3,3 BR DETACHED HOUSE,10/08/2018,10/08/2018,10/08/2018,RGS,104,0,0,0,BRISBANE,INALA
4077,3,3 BR DETACHED HOUSE,4/09/2018,3/04/2019,3/04/2019,RGS,104,211,0,211,BRISBANE,INALA
4077,3,3 BR DETACHED HOUSE,3/04/2019,3/04/2019,12/04/2019,RGS,104,0,9,9,BRISBANE,INALA
4077,3,3 BR DETACHED HOUSE,12/04/2019,12/04/2019,23/04/2019,RGS,104,0,11,11,BRISBANE,INALA
4077,3,3 BR DETACHED HOUSE,22/02/2019,22/02/2019,22/02/2019,RGS,104,0,0,0,BRISBANE,INALA
4077,3,3 BR DETACHED HOUSE,22/02/2019,12/03/2019,15/03/2019,RGS,104,18,3,21,BRISBANE,INALA
4077,3,3 BR DETACHED HOUSE,12/03/2019,2/04/2019,15/04/2019,RGS,104,21,13,34,BRISBANE,INALA
4077,3,3 BR DETACHED HOUSE,29/04/2019,29/04/2019,29/04/2019,RGS,104,0,0,0,BRISBANE,INALA
4110,3,3 BR DETACHED HOUSE,23/07/2018,21/08/2018,23/08/2018,RGS,104,29,2,31,BRISBANE,ALGESTER
4053,5,5 BR DETACHED HOUSE,24/10/2018,6/12/2018,14/12/2018,RGS,105,43,8,51,BRISBANE,STAFFORD
4053,4,4 BR DETACHED HOUSE,11/01/2019,14/01/2019,15/01/2019,RGS,105,3,1,4,BRISBANE,STAFFORD
4053,4,4 BR DETACHED HOUSE,20/05/2019,7/06/2019,12/06/2019,RGS,105,18,5,23,BRISBANE,STAFFORD
4053,3,3 BR DETACHED HOUSE,20/12/2018,18/01/2019,7/02/2019,RGS,105,29,20,49,BRISBANE,STAFFORD
4053,3,3 BR DETACHED HOUSE,3/05/2019,16/05/2019,16/05/2019,RGS,105,13,0,13,BRISBANE,STAFFORD
4053,3,3 BR DETACHED HOUSE,16/04/2019,10/05/2019,17/05/2019,RGS,105,24,7,31,BRISBANE,STAFFORD
4053,3,3 BR DETACHED HOUSE,22/05/2019,7/06/2019,13/06/2019,RGS,105,16,6,22,BRISBANE,STAFFORD
4110,2,2 BR DETACHED HOUSE,23/04/2019,17/05/2019,22/05/2019,RGS,104,24,5,29,BRISBANE,ALGESTER
4110,3,3 BR DETACHED HOUSE,6/06/2019,13/06/2019,14/06/2019,RGS,104,7,1,8,BRISBANE,ALGESTER
4110,3,3 BR DETACHED HOUSE,6/06/2019,6/06/2019,6/06/2019,RGS,104,0,0,0,BRISBANE,ALGESTER
4110,3,3 BR DETACHED HOUSE,6/08/2018,16/08/2018,20/08/2018,RGS,104,10,4,14,BRISBANE,ALGESTER
4110,4,4 BR DETACHED HOUSE,6/08/2018,4/09/2018,5/09/2018,RGS,104,29,1,30,BRISBANE,ALGESTER
4110,4,4 BR DETACHED HOUSE,14/01/2019,1/02/2019,1/02/2019,RGS,104,18,0,18,BRISBANE,ALGESTER
4110,3,3 BR DETACHED HOUSE,20/11/2018,4/12/2018,5/12/2018,RGS,104,14,1,15,BRISBANE,ALGESTER
4077,3,3 BR DETACHED HOUSE,9/04/2019,29/04/2019,14/05/2019,RGS,104,20,15,35,BRISBANE,INALA
4077,3,3 BR DETACHED HOUSE,18/04/2019,10/05/2019,16/05/2019,RGS,104,22,6,28,BRISBANE,INALA
4178,3,3 BR DETACHED HOUSE,30/10/2018,23/11/2018,5/12/2018,RGS,109,24,12,36,BRISBANE,LYTTON
4110,3,3 BR DETACHED HOUSE,15/10/2018,29/10/2018,29/10/2018,RGS,104,14,0,14,BRISBANE,ALGESTER
4017,3,3 BR DETACHED HOUSE,24/04/2019,15/05/2019,16/05/2019,RGS,105,21,1,22,BRISBANE,SANDGATE
4017,3,3 BR DETACHED HOUSE,3/07/2018,2/08/2018,24/08/2018,RGS,105,30,22,52,BRISBANE,SANDGATE
4017,3,3 BR DETACHED HOUSE,12/02/2019,11/03/2019,10/04/2019,RGS,105,27,30,57,BRISBANE,SANDGATE
4077,3,3 BR DETACHED HOUSE,5/04/2019,18/04/2019,24/04/2019,RGS,104,13,6,19,BRISBANE,INALA
4077,3,3 BR DETACHED HOUSE,3/01/2019,10/01/2019,21/01/2019,RGS,104,7,11,18,BRISBANE,INALA
4077,3,3 BR DETACHED HOUSE,10/12/2018,20/12/2018,20/12/2018,RGS,104,10,0,10,BRISBANE,INALA
4077,3,3 BR DETACHED HOUSE,18/07/2018,14/08/2018,16/08/2018,RGS,104,27,2,29,BRISBANE,INALA
4077,3,3 BR DETACHED HOUSE,20/12/2018,14/01/2019,29/01/2019,RGS,104,25,15,40,BRISBANE,INALA
4077,3,3 BR DETACHED HOUSE,30/10/2018,30/10/2018,30/10/2018,RGS,104,0,0,0,BRISBANE,INALA
4122,3,3 BR DETACHED HOUSE,4/10/2018,22/10/2018,12/11/2018,RGS,107,18,21,39,BRISBANE,MANSFIELD
4122,3,3 BR DETACHED HOUSE,8/11/2018,29/11/2018,3/12/2018,RGS,107,21,4,25,BRISBANE,MANSFIELD
4122,4,4 BR DETACHED HOUSE,13/08/2018,31/08/2018,10/09/2018,RGS,107,18,10,28,BRISBANE,MANSFIELD
4077,3,3 BR DETACHED HOUSE,24/08/2018,6/09/2018,7/09/2018,RGS,104,13,1,14,BRISBANE,INALA
4178,3,3 BR DETACHED HOUSE,26/07/2018,27/07/2018,27/07/2018,RGS,109,1,0,1,BRISBANE,LYTTON
4077,3,3 BR DETACHED HOUSE,20/12/2018,14/01/2019,17/01/2019,RGS,104,25,3,28,BRISBANE,INALA
4077,3,3 BR DETACHED HOUSE,22/01/2019,24/01/2019,29/01/2019,RGS,104,2,5,7,BRISBANE,INALA
4077,3,3 BR DETACHED HOUSE,3/06/2019,14/06/2019,14/06/2019,RGS,104,11,0,11,BRISBANE,INALA
4054,4,4 BR DETACHED HOUSE,1/11/2018,20/11/2018,22/11/2018,RGS,108,19,2,21,BRISBANE,FERNY GROVE
4054,3,3 BR DETACHED HOUSE,20/12/2018,22/01/2019,24/01/2019,RGS,108,33,2,35,BRISBANE,FERNY GROVE
4077,3,3 BR DETACHED HOUSE,25/03/2019,5/04/2019,1/05/2019,RGS,104,11,26,37,BRISBANE,INALA
4077,4,4 BR DETACHED HOUSE,26/04/2019,14/05/2019,27/05/2019,RGS,104,18,13,31,BRISBANE,INALA
4077,3,3 BR DETACHED HOUSE,7/05/2019,22/05/2019,23/05/2019,RGS,104,15,1,16,BRISBANE,INALA
4077,3,3 BR DETACHED HOUSE,19/11/2018,19/11/2018,19/11/2018,RGS,104,0,0,0,BRISBANE,INALA
4077,3,3 BR DETACHED HOUSE,20/11/2018,11/12/2018,13/12/2018,RGS,104,21,2,23,BRISBANE,INALA
4077,4,4 BR DETACHED HOUSE,30/07/2018,30/07/2018,30/07/2018,RGS,104,0,0,0,BRISBANE,INALA
4054,2,2 BR APARTMENT,18/03/2019,9/04/2019,26/04/2019,RGS,108,22,17,39,BRISBANE,FERNY GROVE
4054,2,2 BR APARTMENT,20/03/2019,20/03/2019,20/03/2019,RGS,108,0,0,0,BRISBANE,FERNY GROVE
4054,3,3 BR DETACHED HOUSE,13/12/2018,21/01/2019,30/01/2019,RGS,108,39,9,48,BRISBANE,FERNY GROVE
4054,3,3 BR DETACHED HOUSE,12/03/2019,2/04/2019,9/04/2019,RGS,108,21,7,28,BRISBANE,FERNY GROVE
4054,3,3 BR DETACHED HOUSE,6/03/2019,9/04/2019,10/04/2019,RGS,108,34,1,35,BRISBANE,FERNY GROVE
4076,3,3 BR DETACHED HOUSE,1/05/2019,15/05/2019,27/05/2019,RGS,104,14,12,26,BRISBANE,INALA
4077,4,4 BR DETACHED HOUSE,24/08/2018,24/08/2018,24/08/2018,RGS,104,0,0,0,BRISBANE,INALA
4077,3,3 BR DETACHED HOUSE,21/11/2017,6/07/2018,6/07/2018,RGS,104,227,0,227,BRISBANE,INALA
4076,3,3 BR DETACHED HOUSE,15/04/2019,1/05/2019,15/05/2019,RGS,104,16,14,30,BRISBANE,INALA
4054,3,3 BR DETACHED HOUSE,15/11/2018,19/12/2018,7/01/2019,RGS,108,34,19,53,BRISBANE,FERNY GROVE
4054,3,3 BR DETACHED HOUSE,16/05/2019,30/05/2019,28/06/2019,RGS,108,14,29,43,BRISBANE,FERNY GROVE
4054,3,3 BR DETACHED HOUSE,25/01/2019,26/02/2019,1/03/2019,RGS,108,32,3,35,BRISBANE,FERNY GROVE
4017,4,4 BR DETACHED HOUSE,31/10/2018,14/11/2018,27/11/2018,RGS,105,14,13,27,BRISBANE,SANDGATE
4017,4,4 BR DETACHED HOUSE,10/10/2018,25/10/2018,8/11/2018,RGS,105,15,14,29,BRISBANE,SANDGATE
4017,4,4 BR DETACHED HOUSE,18/10/2018,16/11/2018,29/11/2018,RGS,105,29,13,42,BRISBANE,SANDGATE
4017,1,1 BR SENIOR UNIT,4/03/2019,18/03/2019,8/04/2019,SNR,105,14,21,35,BRISBANE,SANDGATE
4171,1,1 BR SENIOR UNIT,11/12/2018,21/12/2018,11/01/2019,SNR,109,10,21,31,BRISBANE,BULIMBA
4171,1,1 BR SENIOR UNIT,3/01/2019,17/01/2019,23/01/2019,SNR,109,14,6,20,BRISBANE,BULIMBA
4178,1,1 BR SENIOR UNIT,31/08/2018,18/09/2018,20/09/2018,SNR,109,18,2,20,BRISBANE,LYTTON
4178,1,1 BR SENIOR UNIT,15/08/2018,28/08/2018,31/08/2018,SNR,109,13,3,16,BRISBANE,LYTTON
4120,1,1 BR SENIOR UNIT,28/11/2018,11/12/2018,12/12/2018,SNR,107,13,1,14,BRISBANE,GREENSLOPES
4120,1,1 BR SENIOR UNIT,4/04/2019,15/04/2019,26/04/2019,SNR,107,11,11,22,BRISBANE,GREENSLOPES
4120,1,1 BR SENIOR UNIT,16/08/2018,28/08/2018,26/09/2018,SNR,107,12,29,41,BRISBANE,GREENSLOPES
4120,1,1 BR SENIOR UNIT,9/01/2019,24/01/2019,29/01/2019,SNR,107,15,5,20,BRISBANE,GREENSLOPES
4120,1,1 BR SENIOR UNIT,18/03/2019,9/04/2019,11/04/2019,SNR,107,22,2,24,BRISBANE,GREENSLOPES
4120,1,1 BR SENIOR UNIT,26/11/2018,10/12/2018,20/12/2018,SNR,107,14,10,24,BRISBANE,GREENSLOPES
4120,1,1 BR SENIOR UNIT,16/07/2018,30/07/2018,16/08/2018,SNR,107,14,17,31,BRISBANE,GREENSLOPES
4120,1,1 BR SENIOR UNIT,23/11/2018,6/12/2018,14/12/2018,SNR,107,13,8,21,BRISBANE,GREENSLOPES
4120,1,1 BR SENIOR UNIT,22/08/2018,10/09/2018,9/10/2018,SNR,107,19,29,48,BRISBANE,GREENSLOPES
4120,1,1 BR SENIOR UNIT,27/03/2019,9/04/2019,11/04/2019,SNR,107,13,2,15,BRISBANE,GREENSLOPES
4104,1,1 BR SENIOR UNIT,5/02/2019,14/02/2019,18/02/2019,SNR,107,9,4,13,BRISBANE,MILLER
4104,1,1 BR SENIOR UNIT,23/04/2019,9/05/2019,10/05/2019,SNR,107,16,1,17,BRISBANE,MILLER
4104,1,1 BR SENIOR UNIT,13/12/2018,24/12/2018,3/01/2019,SNR,107,11,10,21,BRISBANE,MILLER
4104,1,1 BR SENIOR UNIT,24/07/2018,6/08/2018,18/09/2018,SNR,107,13,43,56,BRISBANE,MILLER
4104,1,1 BR SENIOR UNIT,27/05/2019,10/06/2019,17/06/2019,SNR,107,14,7,21,BRISBANE,MILLER
4104,1,1 BR SENIOR UNIT,3/08/2018,14/08/2018,20/09/2018,SNR,107,11,37,48,BRISBANE,MILLER
4104,1,1 BR SENIOR UNIT,3/05/2019,16/05/2019,21/05/2019,SNR,107,13,5,18,BRISBANE,MILLER
4104,1,1 BR SENIOR UNIT,2/10/2018,16/10/2018,2/11/2018,SNR,107,14,17,31,BRISBANE,MILLER
4012,1,1 BR SENIOR UNIT,2/04/2019,18/04/2019,14/05/2019,SNR,105,16,26,42,BRISBANE,NUDGEE
4051,1,1 BR SENIOR UNIT,18/02/2019,4/03/2019,6/03/2019,SNR,108,14,2,16,BRISBANE,FERNY GROVE
4051,1,1 BR SENIOR UNIT,9/04/2019,26/04/2019,20/05/2019,SNR,108,17,24,41,BRISBANE,FERNY GROVE
4051,1,1 BR SENIOR UNIT,26/10/2018,7/11/2018,7/11/2018,SNR,108,12,0,12,BRISBANE,FERNY GROVE
4051,1,1 BR SENIOR UNIT,29/04/2019,28/05/2019,28/05/2019,SNR,108,29,0,29,BRISBANE,FERNY GROVE
4051,1,1 BR SENIOR UNIT,6/12/2018,3/01/2019,11/01/2019,SNR,108,28,8,36,BRISBANE,FERNY GROVE
4051,1,1 BR SENIOR UNIT,18/04/2019,8/05/2019,27/05/2019,SNR,108,20,19,39,BRISBANE,FERNY GROVE
4051,1,1 BR SENIOR UNIT,5/12/2018,18/12/2018,21/12/2018,SNR,108,13,3,16,BRISBANE,FERNY GROVE
4051,1,1 BR SENIOR UNIT,11/04/2019,26/04/2019,7/06/2019,SNR,108,15,42,57,BRISBANE,FERNY GROVE
4170,1,1 BR SENIOR UNIT,23/08/2018,10/09/2018,4/10/2018,SNR,109,18,24,42,BRISBANE,BULIMBA
4170,1,1 BR SENIOR UNIT,3/08/2018,23/08/2018,3/10/2018,SNR,109,20,41,61,BRISBANE,BULIMBA
4005,1,1 BR SENIOR UNIT,3/07/2018,18/07/2018,20/07/2018,SNR,108,15,2,17,BRISBANE,MCCONNEL
4005,1,1 BR SENIOR UNIT,31/08/2018,14/09/2018,26/09/2018,SNR,108,14,12,26,BRISBANE,MCCONNEL
4005,1,1 BR SENIOR UNIT,10/12/2018,19/12/2018,25/01/2019,SNR,108,9,37,46,BRISBANE,MCCONNEL
4005,1,1 BR SENIOR UNIT,22/08/2018,18/09/2018,26/09/2018,SNR,108,27,8,35,BRISBANE,MCCONNEL
4051,1,1 BR APARTMENT,27/11/2018,18/12/2018,24/12/2018,RGS,108,21,6,27,BRISBANE,STAFFORD
4051,2,2 BR APARTMENT,28/03/2019,10/04/2019,12/04/2019,RGS,108,13,2,15,BRISBANE,STAFFORD
4051,3,3 BR APARTMENT,9/01/2019,22/01/2019,23/01/2019,RGS,108,13,1,14,BRISBANE,STAFFORD
4051,1,1 BR APARTMENT,26/11/2018,18/12/2018,8/01/2019,RGS,108,22,21,43,BRISBANE,STAFFORD
4051,2,2 BR APARTMENT,10/12/2018,20/12/2018,10/01/2019,RGS,108,10,21,31,BRISBANE,STAFFORD
4051,2,2 BR APARTMENT,15/02/2019,4/03/2019,7/03/2019,RGS,108,17,3,20,BRISBANE,STAFFORD
4051,1,1 BR APARTMENT,18/02/2019,6/03/2019,8/03/2019,RGS,108,16,2,18,BRISBANE,STAFFORD
4051,3,3 BR APARTMENT,26/11/2018,14/12/2018,2/01/2019,RGS,108,18,19,37,BRISBANE,STAFFORD
4051,3,3 BR APARTMENT,8/04/2019,1/05/2019,20/05/2019,RGS,108,23,19,42,BRISBANE,STAFFORD
4051,3,3 BR APARTMENT,8/04/2019,8/04/2019,8/04/2019,RGS,108,0,0,0,BRISBANE,STAFFORD
4051,2,2 BR APARTMENT,3/08/2018,21/08/2018,23/08/2018,RGS,108,18,2,20,BRISBANE,STAFFORD
4051,2,2 BR APARTMENT,14/08/2018,27/08/2018,29/08/2018,RGS,108,13,2,15,BRISBANE,STAFFORD
4101,1,1 BR SENIOR UNIT,27/05/2019,4/06/2019,26/06/2019,SNR,108,8,22,30,BRISBANE,SOUTH BRISBANE
4101,2,2 BR APARTMENT,2/04/2019,18/04/2019,2/05/2019,RGS,108,16,14,30,BRISBANE,SOUTH BRISBANE
4101,2,2 BR APARTMENT,29/10/2018,16/11/2018,29/11/2018,RGS,108,18,13,31,BRISBANE,SOUTH BRISBANE
4101,1,1 BR SENIOR UNIT,1/11/2018,20/11/2018,23/11/2018,SNR,108,19,3,22,BRISBANE,SOUTH BRISBANE
4101,1,1 BR SENIOR UNIT,4/03/2019,14/03/2019,19/03/2019,SNR,108,10,5,15,BRISBANE,SOUTH BRISBANE
4101,1,1 BR SENIOR UNIT,20/08/2018,5/09/2018,20/09/2018,SNR,108,16,15,31,BRISBANE,SOUTH BRISBANE
4064,1,1 BR SENIOR UNIT,16/04/2019,10/05/2019,24/05/2019,SNR,108,24,14,38,BRISBANE,COOPER
4061,3,3 BR DETACHED HOUSE,3/05/2019,24/05/2019,14/06/2019,RGS,108,21,21,42,BRISBANE,COOPER
4179,3,3 BR DETACHED HOUSE,23/05/2019,7/06/2019,17/06/2019,RGS,109,15,10,25,BRISBANE,LYTTON
4179,3,3 BR DETACHED HOUSE,4/07/2018,2/08/2018,8/08/2018,RGS,109,29,6,35,BRISBANE,LYTTON
4055,3,3 BR DETACHED HOUSE,24/12/2018,5/02/2019,18/02/2019,RGS,108,43,13,56,BRISBANE,FERNY GROVE
4055,3,3 BR DETACHED HOUSE,9/01/2019,7/02/2019,8/03/2019,RGS,108,29,29,58,BRISBANE,FERNY GROVE
4055,3,3 BR DETACHED HOUSE,11/07/2018,11/07/2018,12/07/2018,RGS,108,0,1,1,BRISBANE,FERNY GROVE
4055,3,3 BR DETACHED HOUSE,6/02/2019,14/03/2019,20/03/2019,RGS,108,36,6,42,BRISBANE,FERNY GROVE
4055,3,3 BR DETACHED HOUSE,31/10/2018,28/11/2018,3/12/2018,RGS,108,28,5,33,BRISBANE,FERNY GROVE
4172,4,4 BR DETACHED HOUSE,21/08/2018,4/09/2018,17/09/2018,RGS,109,14,13,27,BRISBANE,BULIMBA
4178,1,1 BR SENIOR UNIT,5/03/2019,20/03/2019,21/03/2019,SNR,109,15,1,16,BRISBANE,LYTTON
4178,1,1 BR SENIOR UNIT,20/05/2019,31/05/2019,7/06/2019,SNR,109,11,7,18,BRISBANE,LYTTON
4178,1,1 BR SENIOR UNIT,15/04/2019,9/05/2019,7/06/2019,SNR,109,24,29,53,BRISBANE,LYTTON
4178,1,1 BR SENIOR UNIT,12/03/2019,27/03/2019,28/03/2019,SNR,109,15,1,16,BRISBANE,LYTTON
4017,1,1 BR SENIOR UNIT,10/07/2018,25/07/2018,14/08/2018,SNR,105,15,20,35,BRISBANE,SANDGATE
4017,1,1 BR SENIOR UNIT,6/08/2018,22/08/2018,6/09/2018,SNR,105,16,15,31,BRISBANE,SANDGATE
4017,1,1 BR SENIOR UNIT,22/03/2019,4/04/2019,15/05/2019,SNR,105,13,41,54,BRISBANE,SANDGATE
4053,1,1 BR APARTMENT,16/11/2018,6/12/2018,11/12/2018,RGS,108,20,5,25,BRISBANE,FERNY GROVE
4053,3,3 BR DETACHED HOUSE,22/11/2018,20/12/2018,21/12/2018,RGS,108,28,1,29,BRISBANE,FERNY GROVE
4077,4,4 BR DETACHED HOUSE,6/12/2018,3/01/2019,4/01/2019,RGS,104,28,1,29,BRISBANE,INALA
4179,2,2 BR ATTACHED HOUSING,2/11/2018,4/12/2018,12/12/2018,RGS,109,32,8,40,BRISBANE,LYTTON
4179,2,2 BR ATTACHED HOUSING,4/03/2019,21/03/2019,27/03/2019,RGS,109,17,6,23,BRISBANE,LYTTON
4179,2,2 BR ATTACHED HOUSING,7/03/2019,28/03/2019,11/04/2019,RGS,109,21,14,35,BRISBANE,LYTTON
4179,2,2 BR ATTACHED HOUSING,29/01/2019,1/02/2019,1/02/2019,RGS,109,3,0,3,BRISBANE,LYTTON
4169,2,2 BR APARTMENT,14/08/2018,5/09/2018,21/09/2018,RGS,108,22,16,38,BRISBANE,SOUTH BRISBANE
4170,2,2 BR ATTACHED HOUSING,4/03/2019,18/03/2019,28/03/2019,RGS,109,14,10,24,BRISBANE,BULIMBA
4170,2,2 BR ATTACHED HOUSING,28/03/2019,5/04/2019,9/04/2019,RGS,109,8,4,12,BRISBANE,BULIMBA
4120,1,1 BR SENIOR UNIT,4/10/2018,31/01/2019,1/02/2019,SNR,107,119,1,120,BRISBANE,GREENSLOPES
4120,1,1 BR SENIOR UNIT,20/07/2018,6/08/2018,5/09/2018,SNR,107,17,30,47,BRISBANE,GREENSLOPES
4005,1,1 BR SENIOR UNIT,20/08/2018,3/09/2018,7/09/2018,SNR,108,14,4,18,BRISBANE,MCCONNEL
4005,1,1 BR SENIOR UNIT,18/07/2018,1/08/2018,2/08/2018,SNR,108,14,1,15,BRISBANE,MCCONNEL
4005,1,1 BR SENIOR UNIT,3/05/2019,28/05/2019,14/06/2019,SNR,108,25,17,42,BRISBANE,MCCONNEL
4017,1,1 BR SENIOR UNIT,22/08/2018,10/09/2018,3/10/2018,SNR,105,19,23,42,BRISBANE,SANDGATE
4122,1,1 BR SENIOR UNIT,10/08/2018,23/08/2018,17/09/2018,SNR,107,13,25,38,BRISBANE,MANSFIELD
4171,2,2 BR APARTMENT,2/04/2019,12/04/2019,23/04/2019,RGS,109,10,11,21,BRISBANE,BULIMBA
4170,1,1 BR APARTMENT,18/10/2018,1/11/2018,8/11/2018,RGS,109,14,7,21,BRISBANE,BULIMBA
4170,1,1 BR APARTMENT,27/09/2018,19/10/2018,30/10/2018,RGS,109,22,11,33,BRISBANE,BULIMBA
4170,1,1 BR APARTMENT,27/07/2018,8/08/2018,12/09/2018,RGS,109,12,35,47,BRISBANE,BULIMBA
4170,1,1 BR APARTMENT,19/03/2019,4/04/2019,5/04/2019,RGS,109,16,1,17,BRISBANE,BULIMBA
4170,1,1 BR APARTMENT,24/01/2019,4/02/2019,5/03/2019,RGS,109,11,29,40,BRISBANE,BULIMBA
4170,1,1 BR APARTMENT,9/07/2018,9/07/2018,9/07/2018,RGS,109,0,0,0,BRISBANE,BULIMBA
4170,1,1 BR APARTMENT,20/07/2018,2/08/2018,23/08/2018,RGS,109,13,21,34,BRISBANE,BULIMBA
4051,2,2 BR APARTMENT,29/10/2018,14/11/2018,16/11/2018,RGS,108,16,2,18,BRISBANE,EVERTON
4006,2,2 BR APARTMENT,19/12/2018,21/01/2019,25/01/2019,RGS,108,33,4,37,BRISBANE,MCCONNEL
4006,2,2 BR APARTMENT,1/05/2019,9/05/2019,10/05/2019,RGS,108,8,1,9,BRISBANE,MCCONNEL
4006,2,2 BR APARTMENT,5/04/2019,26/04/2019,30/04/2019,RGS,108,21,4,25,BRISBANE,MCCONNEL
4006,2,2 BR APARTMENT,24/10/2018,6/11/2018,8/11/2018,RGS,108,13,2,15,BRISBANE,MCCONNEL
4006,2,2 BR APARTMENT,3/12/2018,18/12/2018,11/01/2019,RGS,108,15,24,39,BRISBANE,MCCONNEL
4178,2,2 BR ATTACHED HOUSING,6/08/2018,18/09/2018,21/09/2018,RGS,109,43,3,46,BRISBANE,LYTTON
4178,2,2 BR ATTACHED HOUSING,9/07/2018,31/07/2018,15/08/2018,RGS,109,22,15,37,BRISBANE,LYTTON
4101,2,2 BR APARTMENT,7/06/2019,19/06/2019,21/06/2019,RGS,108,12,2,14,BRISBANE,SOUTH BRISBANE
4101,2,2 BR APARTMENT,8/04/2019,1/05/2019,7/05/2019,RGS,108,23,6,29,BRISBANE,SOUTH BRISBANE
4170,2,2 BR APARTMENT,22/08/2018,4/09/2018,14/09/2018,RGS,109,13,10,23,BRISBANE,BULIMBA
4000,2,2 BR APARTMENT,24/01/2019,26/02/2019,28/02/2019,RGS,108,33,2,35,BRISBANE,MCCONNEL
4000,2,2 BR APARTMENT,6/06/2019,20/06/2019,24/06/2019,RGS,108,14,4,18,BRISBANE,MCCONNEL
4000,2,2 BR APARTMENT,25/02/2019,14/03/2019,28/03/2019,RGS,108,17,14,31,BRISBANE,MCCONNEL
4000,2,2 BR APARTMENT,7/08/2018,20/08/2018,27/08/2018,RGS,108,13,7,20,BRISBANE,MCCONNEL
4178,1,1 BR SENIOR UNIT,21/09/2018,9/10/2018,12/10/2018,SNR,109,18,3,21,BRISBANE,LYTTON
4051,1,1 BR APARTMENT,27/09/2018,18/10/2018,19/10/2018,RGS,108,21,1,22,BRISBANE,EVERTON
4051,1,1 BR APARTMENT,3/06/2019,18/06/2019,25/06/2019,RGS,108,15,7,22,BRISBANE,EVERTON
4051,1,1 BR APARTMENT,25/06/2018,4/07/2018,6/07/2018,RGS,108,9,2,11,BRISBANE,EVERTON
4051,1,1 BR APARTMENT,8/04/2019,26/04/2019,26/06/2019,RGS,108,18,61,79,BRISBANE,EVERTON
4051,1,1 BR APARTMENT,26/11/2018,12/12/2018,4/01/2019,RGS,108,16,23,39,BRISBANE,EVERTON
4169,1,1 BR SENIOR UNIT,16/11/2018,29/11/2018,30/11/2018,SNR,108,13,1,14,BRISBANE,SOUTH BRISBANE
4169,1,1 BR SENIOR UNIT,12/02/2019,26/02/2019,28/02/2019,SNR,108,14,2,16,BRISBANE,SOUTH BRISBANE
4169,1,1 BR SENIOR UNIT,4/04/2019,30/04/2019,14/05/2019,SNR,108,26,14,40,BRISBANE,SOUTH BRISBANE
4169,1,1 BR SENIOR UNIT,24/09/2018,3/10/2018,11/10/2018,SNR,108,9,8,17,BRISBANE,SOUTH BRISBANE
4169,1,1 BR SENIOR UNIT,3/01/2019,18/01/2019,21/01/2019,SNR,108,15,3,18,BRISBANE,SOUTH BRISBANE
4169,1,1 BR SENIOR UNIT,13/07/2018,27/07/2018,1/08/2018,SNR,108,14,5,19,BRISBANE,SOUTH BRISBANE
4053,2,2 BR ATTACHED HOUSING,13/03/2019,2/04/2019,15/04/2019,RGS,108,20,13,33,BRISBANE,FERNY GROVE
4053,2,2 BR ATTACHED HOUSING,3/06/2019,20/06/2019,24/06/2019,RGS,108,17,4,21,BRISBANE,FERNY GROVE
4103,1,1 BR SENIOR UNIT,5/04/2019,16/04/2019,29/04/2019,SNR,107,11,13,24,BRISBANE,MILLER
4053,1,1 BR SENIOR UNIT,19/11/2018,6/12/2018,16/01/2019,SNR,105,17,41,58,BRISBANE,EVERTON
4171,1,1 BR SENIOR UNIT,3/04/2019,15/04/2019,29/04/2019,SNR,109,12,14,26,BRISBANE,BULIMBA
4171,1,1 BR SENIOR UNIT,6/11/2018,20/11/2018,21/11/2018,SNR,109,14,1,15,BRISBANE,BULIMBA
4171,1,1 BR SENIOR UNIT,25/10/2018,9/11/2018,14/11/2018,SNR,109,15,5,20,BRISBANE,BULIMBA
4171,1,1 BR SENIOR UNIT,6/07/2018,25/07/2018,1/08/2018,SNR,109,19,7,26,BRISBANE,BULIMBA
4171,1,1 BR SENIOR UNIT,2/04/2019,10/04/2019,12/04/2019,SNR,109,8,2,10,BRISBANE,BULIMBA
4169,2,2 BR APARTMENT,12/12/2018,8/01/2019,10/01/2019,RGS,108,27,2,29,BRISBANE,SOUTH BRISBANE
4169,1,1 BR APARTMENT,11/12/2018,26/02/2019,8/03/2019,RGS,108,77,10,87,BRISBANE,SOUTH BRISBANE
4169,1,1 BR APARTMENT,4/03/2019,14/03/2019,12/04/2019,RGS,108,10,29,39,BRISBANE,SOUTH BRISBANE
4169,1,1 BR APARTMENT,6/03/2019,7/03/2019,11/03/2019,RGS,108,1,4,5,BRISBANE,SOUTH BRISBANE
4169,1,1 BR APARTMENT,12/02/2019,26/02/2019,4/03/2019,RGS,108,14,6,20,BRISBANE,SOUTH BRISBANE
4169,1,1 BR APARTMENT,28/02/2019,20/03/2019,1/05/2019,RGS,108,20,42,62,BRISBANE,SOUTH BRISBANE
4030,2,2 BR APARTMENT,11/04/2019,20/05/2019,7/06/2019,RGS,108,39,18,57,BRISBANE,CLAYFIELD
4030,2,2 BR APARTMENT,4/02/2019,22/02/2019,19/03/2019,RGS,108,18,25,43,BRISBANE,CLAYFIELD
4102,1,1 BR SENIOR UNIT,28/11/2018,10/12/2018,14/12/2018,SNR,108,12,4,16,BRISBANE,SOUTH BRISBANE
4152,1,1 BR SENIOR UNIT,26/04/2018,28/08/2018,12/09/2018,SNR,107,124,15,139,BRISBANE,CHATSWORTH
4152,1,1 BR SENIOR UNIT,21/05/2019,30/05/2019,13/06/2019,SNR,107,9,14,23,BRISBANE,CHATSWORTH
4034,3,3 BR ATTACHED HOUSING,11/05/2018,22/06/2018,9/07/2018,RGS,105,42,17,59,BRISBANE,NUDGEE
4034,3,3 BR ATTACHED HOUSING,8/11/2018,27/11/2018,29/01/2019,RGS,105,19,63,82,BRISBANE,NUDGEE
4034,2,2 BR ATTACHED HOUSING,30/01/2019,7/05/2019,16/05/2019,RGS,105,97,9,106,BRISBANE,NUDGEE
4152,1,1 BR SENIOR UNIT,11/09/2018,4/10/2018,16/10/2018,SNR,107,23,12,35,BRISBANE,BULIMBA
4152,1,1 BR SENIOR UNIT,1/05/2019,13/05/2019,14/05/2019,SNR,107,12,1,13,BRISBANE,BULIMBA
4152,1,1 BR SENIOR UNIT,6/02/2019,25/02/2019,6/03/2019,SNR,107,19,9,28,BRISBANE,BULIMBA
4152,1,1 BR SENIOR UNIT,1/05/2018,28/08/2018,6/09/2018,SNR,107,119,9,128,BRISBANE,BULIMBA
4152,1,1 BR SENIOR UNIT,11/03/2019,22/03/2019,1/04/2019,SNR,107,11,10,21,BRISBANE,BULIMBA
4122,1,1 BR SENIOR UNIT,23/10/2018,6/11/2018,9/11/2018,SNR,107,14,3,17,BRISBANE,MANSFIELD
4122,1,1 BR SENIOR UNIT,26/03/2019,26/03/2019,26/03/2019,SNR,107,0,0,0,BRISBANE,MANSFIELD
4122,1,1 BR SENIOR UNIT,3/08/2018,16/08/2018,6/09/2018,SNR,107,13,21,34,BRISBANE,MANSFIELD
4012,1,1 BR SENIOR UNIT,1/03/2019,18/03/2019,12/04/2019,SNR,105,17,25,42,BRISBANE,NUDGEE
4103,1,1 BR SENIOR UNIT,13/07/2018,13/07/2018,13/07/2018,SNR,107,0,0,0,BRISBANE,MILLER
4012,1,1 BR SENIOR UNIT,7/08/2018,20/08/2018,3/09/2018,SNR,105,13,14,27,BRISBANE,NUDGEE
4012,1,1 BR SENIOR UNIT,5/03/2019,19/03/2019,16/04/2019,SNR,105,14,28,42,BRISBANE,NUDGEE
4012,1,1 BR SENIOR UNIT,12/06/2018,27/06/2018,2/07/2018,SNR,105,15,5,20,BRISBANE,NUDGEE
4179,2,2 BR ATTACHED HOUSING,25/06/2018,19/07/2018,9/08/2018,RGS,109,24,21,45,BRISBANE,LYTTON
4179,2,2 BR ATTACHED HOUSING,20/05/2019,4/06/2019,6/06/2019,RGS,109,15,2,17,BRISBANE,LYTTON
4179,2,2 BR ATTACHED HOUSING,24/01/2019,14/02/2019,18/02/2019,RGS,109,21,4,25,BRISBANE,LYTTON
4178,1,1 BR SENIOR UNIT,11/04/2019,2/05/2019,7/05/2019,SNR,109,21,5,26,BRISBANE,LYTTON
4012,2,2 BR ATTACHED HOUSING,9/01/2019,18/01/2019,21/02/2019,RGS,105,9,34,43,BRISBANE,NUDGEE
4012,2,2 BR ATTACHED HOUSING,12/10/2018,25/10/2018,23/11/2018,RGS,105,13,29,42,BRISBANE,NUDGEE
4012,2,2 BR ATTACHED HOUSING,15/01/2019,4/02/2019,11/02/2019,RGS,105,20,7,27,BRISBANE,NUDGEE
4102,1,1 BR APARTMENT,23/10/2018,6/11/2018,9/11/2018,RGS,107,14,3,17,BRISBANE,SOUTH BRISBANE
4102,1,1 BR APARTMENT,22/03/2019,4/04/2019,16/04/2019,RGS,107,13,12,25,BRISBANE,SOUTH BRISBANE
4102,1,1 BR APARTMENT,18/03/2019,8/04/2019,9/04/2019,RGS,107,21,1,22,BRISBANE,SOUTH BRISBANE
4102,1,1 BR APARTMENT,2/01/2019,25/01/2019,13/02/2019,RGS,107,23,19,42,BRISBANE,SOUTH BRISBANE
4102,1,1 BR APARTMENT,3/05/2019,24/05/2019,29/05/2019,RGS,107,21,5,26,BRISBANE,SOUTH BRISBANE
4102,1,1 BR APARTMENT,3/05/2019,3/05/2019,3/05/2019,RGS,107,0,0,0,BRISBANE,SOUTH BRISBANE
4104,1,1 BR APARTMENT,31/10/2018,15/11/2018,20/11/2018,RGS,107,15,5,20,BRISBANE,MILLER
4104,1,1 BR APARTMENT,24/07/2018,8/08/2018,27/08/2018,RGS,107,15,19,34,BRISBANE,MILLER
4104,1,1 BR APARTMENT,20/02/2019,5/03/2019,12/03/2019,RGS,107,13,7,20,BRISBANE,MILLER
4104,1,1 BR APARTMENT,16/07/2018,26/07/2018,16/08/2018,RGS,107,10,21,31,BRISBANE,MILLER
4104,1,1 BR APARTMENT,6/09/2018,25/09/2018,12/10/2018,RGS,107,19,17,36,BRISBANE,MILLER
4179,1,1 BR APARTMENT,17/01/2019,8/02/2019,12/02/2019,RGS,109,22,4,26,BRISBANE,LYTTON
4179,1,1 BR APARTMENT,20/06/2018,24/07/2018,24/07/2018,RGS,109,34,0,34,BRISBANE,LYTTON
4105,1,1 BR SENIOR UNIT,29/05/2019,10/06/2019,13/06/2019,SNR,107,12,3,15,BRISBANE,MILLER
4105,2,2 BR ATTACHED HOUSING,23/08/2018,28/09/2018,5/10/2018,RGS,107,36,7,43,BRISBANE,TOOHEY
4051,2,2 BR APARTMENT,14/09/2018,15/10/2018,25/10/2018,RGS,108,31,10,41,BRISBANE,EVERTON
4051,2,2 BR APARTMENT,8/04/2019,26/04/2019,20/05/2019,RGS,108,18,24,42,BRISBANE,EVERTON
4051,2,2 BR APARTMENT,27/08/2018,13/09/2018,27/09/2018,RGS,108,17,14,31,BRISBANE,EVERTON
4034,1,1 BR SENIOR UNIT,9/10/2018,19/10/2018,19/11/2018,SNR,105,10,31,41,BRISBANE,NUDGEE
4102,1,1 BR APARTMENT,18/01/2019,14/02/2019,21/02/2019,RGS,108,27,7,34,BRISBANE,SOUTH BRISBANE
4102,2,2 BR APARTMENT,1/03/2019,14/03/2019,25/03/2019,RGS,108,13,11,24,BRISBANE,SOUTH BRISBANE
4102,2,2 BR APARTMENT,14/02/2019,13/03/2019,4/04/2019,RGS,108,27,22,49,BRISBANE,SOUTH BRISBANE
4102,2,2 BR APARTMENT,16/08/2018,3/09/2018,5/09/2018,RGS,108,18,2,20,BRISBANE,SOUTH BRISBANE
4102,2,2 BR APARTMENT,17/05/2019,29/05/2019,12/06/2019,RGS,108,12,14,26,BRISBANE,SOUTH BRISBANE
4102,2,2 BR APARTMENT,15/05/2019,3/06/2019,11/06/2019,RGS,108,19,8,27,BRISBANE,SOUTH BRISBANE
4102,1,1 BR APARTMENT,2/05/2019,15/05/2019,3/06/2019,RGS,108,13,19,32,BRISBANE,SOUTH BRISBANE
4102,2,2 BR APARTMENT,30/07/2018,20/08/2018,21/08/2018,RGS,108,21,1,22,BRISBANE,SOUTH BRISBANE
4121,2,2 BR APARTMENT,26/11/2018,6/12/2018,12/12/2018,RGS,107,10,6,16,BRISBANE,GREENSLOPES
4169,1,1 BR APARTMENT,6/03/2019,20/03/2019,1/04/2019,RGS,108,14,12,26,BRISBANE,SOUTH BRISBANE
4059,1,1 BR APARTMENT,8/03/2019,22/03/2019,15/05/2019,RGS,108,14,54,68,BRISBANE,COOPER
4059,2,2 BR APARTMENT,5/03/2019,22/03/2019,22/03/2019,RGS,108,17,0,17,BRISBANE,COOPER
4178,3,3 BR ATTACHED HOUSING,10/12/2018,15/01/2019,14/02/2019,RGS,109,36,30,66,BRISBANE,LYTTON
4178,2,2 BR ATTACHED HOUSING,5/07/2018,1/08/2018,23/08/2018,RGS,109,27,22,49,BRISBANE,LYTTON
4178,2,2 BR ATTACHED HOUSING,24/01/2019,6/03/2019,5/04/2019,RGS,109,41,30,71,BRISBANE,LYTTON
4178,2,2 BR ATTACHED HOUSING,5/12/2018,20/12/2018,11/02/2019,RGS,109,15,53,68,BRISBANE,LYTTON
4178,3,3 BR ATTACHED HOUSING,1/04/2019,2/04/2019,11/04/2019,RGS,109,1,9,10,BRISBANE,LYTTON
4178,3,3 BR ATTACHED HOUSING,15/04/2019,29/04/2019,2/05/2019,RGS,109,14,3,17,BRISBANE,LYTTON
4178,2,2 BR ATTACHED HOUSING,8/08/2018,11/09/2018,12/09/2018,RGS,109,34,1,35,BRISBANE,LYTTON
4178,2,2 BR ATTACHED HOUSING,7/08/2018,24/08/2018,28/08/2018,RGS,109,17,4,21,BRISBANE,LYTTON
4178,2,2 BR ATTACHED HOUSING,3/06/2019,13/06/2019,18/06/2019,RGS,109,10,5,15,BRISBANE,LYTTON
4178,3,3 BR ATTACHED HOUSING,8/04/2019,29/05/2019,10/06/2019,RGS,109,51,12,63,BRISBANE,LYTTON
4178,3,3 BR ATTACHED HOUSING,31/10/2018,23/11/2018,17/01/2019,RGS,109,23,55,78,BRISBANE,LYTTON
4178,2,2 BR ATTACHED HOUSING,21/12/2018,21/01/2019,5/02/2019,RGS,109,31,15,46,BRISBANE,LYTTON
4178,3,3 BR ATTACHED HOUSING,4/04/2019,15/04/2019,15/04/2019,RGS,109,11,0,11,BRISBANE,LYTTON
4178,2,2 BR ATTACHED HOUSING,12/09/2018,10/12/2018,11/12/2018,RGS,109,89,1,90,BRISBANE,LYTTON
4178,2,2 BR ATTACHED HOUSING,14/09/2018,2/10/2018,3/10/2018,RGS,109,18,1,19,BRISBANE,LYTTON
4178,2,2 BR ATTACHED HOUSING,7/05/2019,23/05/2019,28/05/2019,RGS,109,16,5,21,BRISBANE,LYTTON
4178,2,2 BR ATTACHED HOUSING,17/08/2018,4/09/2018,11/10/2018,RGS,109,18,37,55,BRISBANE,LYTTON
4178,3,3 BR ATTACHED HOUSING,19/03/2019,1/05/2019,15/05/2019,RGS,109,43,14,57,BRISBANE,LYTTON
4178,3,3 BR ATTACHED HOUSING,26/03/2019,24/04/2019,30/04/2019,RGS,109,29,6,35,BRISBANE,LYTTON
4178,3,3 BR ATTACHED HOUSING,12/03/2019,27/03/2019,2/04/2019,RGS,109,15,6,21,BRISBANE,LYTTON
4178,3,3 BR ATTACHED HOUSING,22/10/2018,14/11/2018,16/11/2018,RGS,109,23,2,25,BRISBANE,LYTTON
4178,2,2 BR ATTACHED HOUSING,5/07/2018,1/08/2018,23/08/2018,RGS,109,27,22,49,BRISBANE,LYTTON
4178,3,3 BR ATTACHED HOUSING,23/08/2018,12/09/2018,17/09/2018,RGS,109,20,5,25,BRISBANE,LYTTON
4053,1,1 BR SENIOR UNIT,25/03/2019,10/04/2019,15/05/2019,SNR,105,16,35,51,BRISBANE,STAFFORD
4053,1,1 BR SENIOR UNIT,9/08/2018,22/08/2018,17/09/2018,SNR,105,13,26,39,BRISBANE,STAFFORD
4105,1,1 BR SENIOR UNIT,16/08/2018,31/08/2018,7/09/2018,SNR,107,15,7,22,BRISBANE,MILLER
4105,1,1 BR SENIOR UNIT,15/11/2018,27/11/2018,29/11/2018,SNR,107,12,2,14,BRISBANE,MILLER
4051,1,1 BR SENIOR UNIT,20/08/2018,28/08/2018,29/08/2018,SNR,108,8,1,9,BRISBANE,FERNY GROVE
4051,1,1 BR SENIOR UNIT,29/08/2018,13/09/2018,14/09/2018,SNR,108,15,1,16,BRISBANE,FERNY GROVE
4170,2,2 BR ATTACHED HOUSING,31/08/2018,13/09/2018,19/09/2018,RGS,109,13,6,19,BRISBANE,BULIMBA
4053,1,1 BR SENIOR UNIT,12/11/2018,30/11/2018,21/12/2018,SNR,105,18,21,39,BRISBANE,STAFFORD
4170,2,2 BR ATTACHED HOUSING,14/05/2019,7/06/2019,14/06/2019,RGS,109,24,7,31,BRISBANE,BULIMBA
4051,2,2 BR ATTACHED HOUSING,5/06/2018,28/06/2018,4/07/2018,RGS,108,23,6,29,BRISBANE,EVERTON
4103,2,2 BR ATTACHED HOUSING,9/05/2019,10/05/2019,10/05/2019,RGS,107,1,0,1,BRISBANE,MILLER
4151,1,1 BR SENIOR UNIT,10/01/2019,29/01/2019,5/02/2019,SNR,107,19,7,26,BRISBANE,GREENSLOPES
4151,1,1 BR SENIOR UNIT,5/06/2018,14/06/2018,5/07/2018,SNR,107,9,21,30,BRISBANE,GREENSLOPES
4120,1,1 BR SENIOR UNIT,3/01/2019,22/01/2019,8/02/2019,SNR,107,19,17,36,BRISBANE,GREENSLOPES
4012,1,1 BR SENIOR UNIT,21/06/2019,24/06/2019,25/06/2019,SNR,105,3,1,4,BRISBANE,NUDGEE
4120,1,1 BR SENIOR UNIT,28/08/2018,25/09/2018,9/10/2018,SNR,107,28,14,42,BRISBANE,GREENSLOPES
4120,1,1 BR SENIOR UNIT,3/06/2019,10/06/2019,11/06/2019,SNR,107,7,1,8,BRISBANE,GREENSLOPES
4120,1,1 BR SENIOR UNIT,12/06/2019,21/06/2019,21/06/2019,SNR,107,9,0,9,BRISBANE,GREENSLOPES
4012,1,1 BR SENIOR UNIT,11/03/2019,1/04/2019,16/05/2019,SNR,105,21,45,66,BRISBANE,NUDGEE
4005,1,1 BR APARTMENT,26/09/2018,17/10/2018,30/10/2018,RGS,108,21,13,34,BRISBANE,MCCONNEL
4005,1,1 BR APARTMENT,21/02/2019,4/03/2019,20/03/2019,RGS,108,11,16,27,BRISBANE,MCCONNEL
4102,1,1 BR SENIOR UNIT,28/11/2018,17/12/2018,24/12/2018,SNR,108,19,7,26,BRISBANE,SOUTH BRISBANE
4051,2,2 BR APARTMENT,16/10/2018,26/10/2018,26/10/2018,RGS,108,10,0,10,BRISBANE,EVERTON
4115,2,2 BR ATTACHED HOUSING,7/02/2019,22/02/2019,22/02/2019,RGS,104,15,0,15,BRISBANE,ALGESTER
4115,2,2 BR ATTACHED HOUSING,8/02/2019,21/02/2019,14/03/2019,RGS,104,13,21,34,BRISBANE,ALGESTER
4153,3,3 BR ATTACHED HOUSING,15/04/2019,15/05/2019,17/05/2019,RGS,109,30,2,32,BRISBANE,CHATSWORTH
4153,2,2 BR ATTACHED HOUSING,25/03/2019,4/04/2019,17/04/2019,RGS,109,10,13,23,BRISBANE,CHATSWORTH
4153,2,2 BR ATTACHED HOUSING,12/12/2018,8/01/2019,22/01/2019,RGS,109,27,14,41,BRISBANE,CHATSWORTH
4153,2,2 BR ATTACHED HOUSING,8/05/2019,27/05/2019,28/05/2019,RGS,109,19,1,20,BRISBANE,CHATSWORTH
4034,2,2 BR ATTACHED HOUSING,12/06/2018,29/06/2018,23/07/2018,RGS,105,17,24,41,BRISBANE,NUDGEE
4034,2,2 BR ATTACHED HOUSING,12/07/2018,12/07/2018,12/07/2018,RGS,105,0,0,0,BRISBANE,NUDGEE
4034,2,2 BR ATTACHED HOUSING,22/10/2018,8/11/2018,15/01/2019,RGS,105,17,68,85,BRISBANE,NUDGEE
4034,3,3 BR ATTACHED HOUSING,8/03/2019,3/04/2019,8/05/2019,RGS,105,26,35,61,BRISBANE,NUDGEE
4034,3,3 BR ATTACHED HOUSING,10/09/2018,28/09/2018,12/11/2018,RGS,105,18,45,63,BRISBANE,NUDGEE
4179,2,2 BR ATTACHED HOUSING,13/02/2019,26/02/2019,27/02/2019,RGS,109,13,1,14,BRISBANE,LYTTON
4102,1,1 BR APARTMENT,29/10/2018,9/11/2018,14/11/2018,RGS,107,11,5,16,BRISBANE,SOUTH BRISBANE
4109,2,2 BR ATTACHED HOUSING,19/06/2018,18/07/2018,16/08/2018,RGS,107,29,29,58,BRISBANE,STRETTON
4109,2,2 BR ATTACHED HOUSING,8/04/2019,26/04/2019,30/04/2019,RGS,107,18,4,22,BRISBANE,STRETTON
4109,3,3 BR ATTACHED HOUSING,12/03/2019,2/04/2019,9/04/2019,RGS,107,21,7,28,BRISBANE,STRETTON
4178,2,2 BR DETACHED HOUSE,19/06/2018,16/07/2018,2/08/2018,RGS,109,27,17,44,BRISBANE,LYTTON
4051,1,1 BR SENIOR UNIT,20/09/2018,16/11/2018,22/11/2018,SNR,108,57,6,63,BRISBANE,STAFFORD
4051,1,1 BR SENIOR UNIT,3/12/2018,17/12/2018,20/12/2018,SNR,108,14,3,17,BRISBANE,STAFFORD
4103,2,2 BR ATTACHED HOUSING,6/07/2018,6/08/2018,20/08/2018,RGS,107,31,14,45,BRISBANE,MILLER
4034,3,3 BR ATTACHED HOUSING,23/07/2018,9/08/2018,3/09/2018,RGS,105,17,25,42,BRISBANE,NUDGEE
4034,3,3 BR ATTACHED HOUSING,27/02/2019,22/03/2019,1/05/2019,RGS,105,23,40,63,BRISBANE,NUDGEE
4034,3,3 BR ATTACHED HOUSING,2/01/2019,25/01/2019,19/02/2019,RGS,105,23,25,48,BRISBANE,NUDGEE
4034,3,3 BR ATTACHED HOUSING,20/02/2019,28/02/2019,28/03/2019,RGS,105,8,28,36,BRISBANE,NUDGEE
4034,3,3 BR ATTACHED HOUSING,2/04/2019,2/05/2019,9/05/2019,RGS,105,30,7,37,BRISBANE,NUDGEE
4170,1,1 BR SENIOR UNIT,11/01/2019,22/01/2019,23/01/2019,SNR,109,11,1,12,BRISBANE,BULIMBA
4105,1,1 BR SENIOR UNIT,6/11/2018,15/11/2018,16/11/2018,SNR,107,9,1,10,BRISBANE,TOOHEY
4105,1,1 BR SENIOR UNIT,21/11/2018,5/12/2018,11/12/2018,SNR,107,14,6,20,BRISBANE,TOOHEY
4105,1,1 BR SENIOR UNIT,9/01/2019,21/01/2019,22/01/2019,SNR,107,12,1,13,BRISBANE,MILLER
4105,1,1 BR SENIOR UNIT,4/12/2018,14/12/2018,21/12/2018,SNR,107,10,7,17,BRISBANE,MILLER
4053,3,3 BR ATTACHED HOUSING,26/11/2018,16/01/2019,4/02/2019,RGS,105,51,19,70,BRISBANE,EVERTON
4034,2,2 BR ATTACHED HOUSING,22/01/2019,8/02/2019,28/02/2019,RGS,105,17,20,37,BRISBANE,NUDGEE
4034,3,3 BR ATTACHED HOUSING,26/09/2018,23/10/2018,31/10/2018,RGS,105,27,8,35,BRISBANE,NUDGEE
4179,2,2 BR ATTACHED HOUSING,2/07/2018,25/07/2018,7/08/2018,RGS,109,23,13,36,BRISBANE,LYTTON
4179,2,2 BR ATTACHED HOUSING,10/09/2018,27/09/2018,12/10/2018,RGS,109,17,15,32,BRISBANE,LYTTON
4179,2,2 BR ATTACHED HOUSING,17/05/2019,31/05/2019,5/06/2019,RGS,109,14,5,19,BRISBANE,LYTTON
4179,2,2 BR ATTACHED HOUSING,14/11/2018,18/12/2018,20/12/2018,RGS,109,34,2,36,BRISBANE,LYTTON
4179,2,2 BR ATTACHED HOUSING,17/10/2018,2/11/2018,13/11/2018,RGS,109,16,11,27,BRISBANE,LYTTON
4179,2,2 BR ATTACHED HOUSING,26/06/2018,23/07/2018,26/07/2018,RGS,109,27,3,30,BRISBANE,LYTTON
4179,3,3 BR ATTACHED HOUSING,10/04/2019,1/05/2019,16/05/2019,RGS,109,21,15,36,BRISBANE,LYTTON
4053,2,2 BR ATTACHED HOUSING,2/10/2018,17/10/2018,18/10/2018,RGS,108,15,1,16,BRISBANE,FERNY GROVE
4171,2,2 BR ATTACHED HOUSING,5/09/2018,19/09/2018,11/10/2018,RGS,109,14,22,36,BRISBANE,BULIMBA
4171,2,2 BR ATTACHED HOUSING,3/07/2018,25/07/2018,6/08/2018,RGS,109,22,12,34,BRISBANE,BULIMBA
4010,1,1 BR SENIOR UNIT,3/08/2018,14/08/2018,30/08/2018,SNR,108,11,16,27,BRISBANE,CLAYFIELD
4010,1,1 BR SENIOR UNIT,1/04/2019,11/04/2019,16/04/2019,SNR,108,10,5,15,BRISBANE,CLAYFIELD
4010,1,1 BR SENIOR UNIT,3/12/2018,18/12/2018,21/12/2018,SNR,108,15,3,18,BRISBANE,CLAYFIELD
4010,1,1 BR SENIOR UNIT,25/01/2019,26/02/2019,11/03/2019,SNR,108,32,13,45,BRISBANE,CLAYFIELD
4010,1,1 BR SENIOR UNIT,2/04/2019,9/05/2019,9/05/2019,SNR,108,37,0,37,BRISBANE,CLAYFIELD
4077,1,1 BR APARTMENT,8/01/2019,17/01/2019,24/01/2019,RGS,104,9,7,16,BRISBANE,INALA
4077,1,1 BR APARTMENT,8/03/2019,21/03/2019,1/04/2019,RGS,104,13,11,24,BRISBANE,INALA
4077,1,1 BR APARTMENT,26/02/2018,24/09/2018,24/09/2018,RGS,104,210,0,210,BRISBANE,INALA
4077,1,1 BR APARTMENT,26/06/2018,10/07/2018,3/08/2018,RGS,104,14,24,38,BRISBANE,INALA
4077,1,1 BR SENIOR UNIT,8/03/2019,20/03/2019,29/03/2019,SNR,104,12,9,21,BRISBANE,INALA
4077,1,1 BR SENIOR UNIT,28/05/2018,18/06/2018,2/07/2018,SNR,104,21,14,35,BRISBANE,INALA
4077,1,1 BR SENIOR UNIT,17/01/2019,21/01/2019,23/01/2019,SNR,104,4,2,6,BRISBANE,INALA
4122,3,3 BR CLUSTER HOUSING,20/12/2018,25/01/2019,5/02/2019,RGS,107,36,11,47,BRISBANE,MANSFIELD
4122,3,3 BR CLUSTER HOUSING,19/07/2018,30/07/2018,28/08/2018,RGS,107,11,29,40,BRISBANE,MANSFIELD
4122,4,4 BR CLUSTER HOUSING,12/07/2018,30/07/2018,7/08/2018,RGS,107,18,8,26,BRISBANE,MANSFIELD
4077,3,3 BR ATTACHED HOUSING,15/06/2018,26/07/2018,27/07/2018,RGS,104,41,1,42,BRISBANE,INALA
4032,1,1 BR SENIOR UNIT,19/12/2018,9/01/2019,23/01/2019,SNR,105,21,14,35,BRISBANE,STAFFORD
4032,1,1 BR SENIOR UNIT,5/09/2018,20/09/2018,19/10/2018,SNR,105,15,29,44,BRISBANE,STAFFORD
4032,1,1 BR SENIOR UNIT,5/09/2018,5/09/2018,5/09/2018,SNR,105,0,0,0,BRISBANE,STAFFORD
4032,1,1 BR SENIOR UNIT,26/06/2018,25/07/2018,22/08/2018,SNR,105,29,28,57,BRISBANE,STAFFORD
4032,1,1 BR SENIOR UNIT,14/11/2018,29/11/2018,11/01/2019,SNR,105,15,43,58,BRISBANE,STAFFORD
4032,1,1 BR SENIOR UNIT,11/09/2018,21/09/2018,13/11/2018,SNR,105,10,53,63,BRISBANE,STAFFORD
4032,1,1 BR SENIOR UNIT,25/09/2018,19/10/2018,16/11/2018,SNR,105,24,28,52,BRISBANE,STAFFORD
4032,1,1 BR SENIOR UNIT,17/08/2018,30/08/2018,21/09/2018,SNR,105,13,22,35,BRISBANE,STAFFORD
4122,1,1 BR SENIOR UNIT,17/04/2019,3/05/2019,8/05/2019,SNR,107,16,5,21,BRISBANE,GREENSLOPES
4122,1,1 BR SENIOR UNIT,26/11/2018,14/12/2018,3/01/2019,SNR,107,18,20,38,BRISBANE,GREENSLOPES
4122,1,1 BR SENIOR UNIT,27/08/2018,10/09/2018,3/10/2018,SNR,107,14,23,37,BRISBANE,GREENSLOPES
4122,1,1 BR SENIOR UNIT,16/10/2018,30/10/2018,9/11/2018,SNR,107,14,10,24,BRISBANE,GREENSLOPES
4178,1,1 BR SENIOR UNIT,3/12/2018,17/01/2019,21/01/2019,SNR,109,45,4,49,BRISBANE,LYTTON
4075,1,1 BR SENIOR UNIT,6/03/2019,20/03/2019,8/04/2019,SNR,104,14,19,33,BRISBANE,MOUNT OMMANEY
4013,2,2 BR ATTACHED HOUSING,5/07/2018,20/07/2018,14/08/2018,RGS,105,15,25,40,BRISBANE,NUDGEE
4013,2,2 BR ATTACHED HOUSING,24/07/2018,3/08/2018,13/09/2018,RGS,105,10,41,51,BRISBANE,NUDGEE
4013,1,1 BR SENIOR UNIT,15/05/2019,30/05/2019,5/06/2019,SNR,105,15,6,21,BRISBANE,NUDGEE
4013,2,2 BR APARTMENT,24/01/2019,28/02/2019,11/03/2019,RGS,105,35,11,46,BRISBANE,NUDGEE
4170,1,1 BR APARTMENT,18/01/2019,4/02/2019,12/02/2019,RGS,109,17,8,25,BRISBANE,BULIMBA
4170,1,1 BR APARTMENT,8/05/2019,16/05/2019,24/05/2019,RGS,109,8,8,16,BRISBANE,BULIMBA
4101,1,1 BR SENIOR UNIT,8/06/2018,2/07/2018,3/07/2018,SNR,108,24,1,25,BRISBANE,SOUTH BRISBANE
4101,1,1 BR SENIOR UNIT,29/06/2018,16/07/2018,19/07/2018,SNR,108,17,3,20,BRISBANE,SOUTH BRISBANE
4101,1,1 BR SENIOR UNIT,16/04/2019,10/05/2019,15/05/2019,SNR,108,24,5,29,BRISBANE,SOUTH BRISBANE
4005,1,1 BR SENIOR UNIT,21/12/2018,11/01/2019,6/02/2019,SNR,108,21,26,47,BRISBANE,MCCONNEL
4005,1,1 BR SENIOR UNIT,8/11/2018,19/12/2018,8/01/2019,SNR,108,41,20,61,BRISBANE,MCCONNEL
4034,1,1 BR SENIOR UNIT,24/07/2018,25/07/2018,14/08/2018,SNR,105,1,20,21,BRISBANE,NUDGEE
4034,1,1 BR SENIOR UNIT,7/02/2019,15/04/2019,17/05/2019,SNR,105,67,32,99,BRISBANE,NUDGEE
4034,1,1 BR SENIOR UNIT,23/05/2019,5/06/2019,6/06/2019,SNR,105,13,1,14,BRISBANE,NUDGEE
4121,1,1 BR SENIOR UNIT,17/01/2019,5/02/2019,19/02/2019,SNR,107,19,14,33,BRISBANE,GREENSLOPES
4122,1,1 BR SENIOR UNIT,27/11/2018,10/12/2018,17/12/2018,SNR,107,13,7,20,BRISBANE,MANSFIELD
4122,1,1 BR SENIOR UNIT,26/03/2019,4/04/2019,5/04/2019,SNR,107,9,1,10,BRISBANE,MANSFIELD
4122,1,1 BR SENIOR UNIT,4/12/2018,18/12/2018,20/12/2018,SNR,107,14,2,16,BRISBANE,MANSFIELD
4122,1,1 BR APARTMENT,13/11/2018,4/12/2018,10/12/2018,RGS,107,21,6,27,BRISBANE,MANSFIELD
4122,1,1 BR APARTMENT,10/05/2019,22/05/2019,30/05/2019,RGS,107,12,8,20,BRISBANE,MANSFIELD
4051,1,1 BR APARTMENT,21/01/2019,4/02/2019,26/03/2019,RGS,108,14,50,64,BRISBANE,STAFFORD
4051,1,1 BR APARTMENT,14/05/2019,22/05/2019,30/05/2019,RGS,108,8,8,16,BRISBANE,STAFFORD
4051,1,1 BR APARTMENT,11/02/2019,8/03/2019,2/04/2019,RGS,108,25,25,50,BRISBANE,STAFFORD
4051,1,1 BR APARTMENT,18/06/2018,2/07/2018,4/07/2018,RGS,108,14,2,16,BRISBANE,STAFFORD
4011,1,1 BR APARTMENT,8/03/2019,21/03/2019,27/03/2019,RGS,108,13,6,19,BRISBANE,CLAYFIELD
4011,1,1 BR APARTMENT,26/09/2018,16/10/2018,18/10/2018,RGS,108,20,2,22,BRISBANE,CLAYFIELD
4101,1,1 BR APARTMENT,25/10/2018,9/11/2018,19/11/2018,RGS,108,15,10,25,BRISBANE,SOUTH BRISBANE
4171,1,1 BR SENIOR UNIT,19/11/2018,3/12/2018,14/12/2018,SNR,109,14,11,25,BRISBANE,BULIMBA
4169,1,1 BR SENIOR UNIT,22/10/2018,23/10/2018,23/10/2018,SNR,108,1,0,1,BRISBANE,SOUTH BRISBANE
4169,1,1 BR SENIOR UNIT,23/10/2018,14/11/2018,21/11/2018,SNR,108,22,7,29,BRISBANE,SOUTH BRISBANE
4012,1,1 BR SENIOR UNIT,12/02/2019,26/02/2019,28/02/2019,SNR,105,14,2,16,BRISBANE,NUDGEE
4012,1,1 BR SENIOR UNIT,23/04/2019,8/05/2019,22/05/2019,SNR,105,15,14,29,BRISBANE,NUDGEE
4051,2,2 BR APARTMENT,15/10/2018,24/10/2018,26/10/2018,RGS,108,9,2,11,BRISBANE,FERNY GROVE
4012,1,1 BR SENIOR UNIT,6/09/2018,23/10/2018,13/11/2018,SNR,105,47,21,68,BRISBANE,NUDGEE
4012,1,1 BR SENIOR UNIT,30/04/2019,16/05/2019,28/05/2019,SNR,105,16,12,28,BRISBANE,NUDGEE
4110,3,3 BR CLUSTER HOUSING,26/10/2018,7/11/2018,9/11/2018,RGS,104,12,2,14,BRISBANE,ALGESTER
4110,2,2 BR CLUSTER HOUSING,8/03/2019,21/03/2019,29/03/2019,RGS,104,13,8,21,BRISBANE,ALGESTER
4110,4,4 BR CLUSTER HOUSING,22/02/2019,22/02/2019,22/02/2019,RGS,104,0,0,0,BRISBANE,ALGESTER
4103,1,1 BR SENIOR UNIT,24/07/2018,24/07/2018,24/07/2018,SNR,107,0,0,0,BRISBANE,MILLER
4103,1,1 BR SENIOR UNIT,6/03/2019,15/03/2019,25/03/2019,SNR,107,9,10,19,BRISBANE,MILLER
4178,2,2 BR ATTACHED HOUSING,12/03/2019,28/03/2019,29/03/2019,RGS,109,16,1,17,BRISBANE,LYTTON
4178,3,3 BR ATTACHED HOUSING,31/08/2018,27/09/2018,2/10/2018,RGS,109,27,5,32,BRISBANE,LYTTON
4178,1,1 BR SENIOR UNIT,28/06/2018,16/07/2018,18/07/2018,SNR,109,18,2,20,BRISBANE,LYTTON
4178,1,1 BR SENIOR UNIT,5/03/2019,20/03/2019,28/03/2019,SNR,109,15,8,23,BRISBANE,LYTTON
4017,1,1 BR SENIOR UNIT,10/09/2018,26/09/2018,29/10/2018,SNR,105,16,33,49,BRISBANE,SANDGATE
4017,1,1 BR SENIOR UNIT,28/02/2019,18/03/2019,7/05/2019,SNR,105,18,50,68,BRISBANE,SANDGATE
4007,1,1 BR SENIOR UNIT,5/06/2019,18/06/2019,27/06/2019,SNR,108,13,9,22,BRISBANE,CLAYFIELD
4007,1,1 BR SENIOR UNIT,5/09/2018,14/09/2018,14/09/2018,SNR,108,9,0,9,BRISBANE,CLAYFIELD
4077,3,3 BR DETACHED HOUSE,30/01/2019,29/04/2019,30/04/2019,RGS,104,89,1,90,BRISBANE,INALA
4173,3,3 BR CLUSTER HOUSING,11/06/2018,3/07/2018,12/07/2018,RGS,109,22,9,31,BRISBANE,LYTTON
4173,3,3 BR CLUSTER HOUSING,12/12/2018,16/01/2019,8/02/2019,RGS,109,35,23,58,BRISBANE,LYTTON
4173,3,3 BR CLUSTER HOUSING,27/08/2018,21/09/2018,2/10/2018,RGS,109,25,11,36,BRISBANE,LYTTON
4173,3,3 BR CLUSTER HOUSING,26/03/2019,11/04/2019,16/04/2019,RGS,109,16,5,21,BRISBANE,LYTTON
4173,4,4 BR CLUSTER HOUSING,3/04/2019,1/05/2019,13/05/2019,RGS,109,28,12,40,BRISBANE,LYTTON
4105,1,1 BR APARTMENT,25/01/2019,11/02/2019,20/02/2019,RGS,107,17,9,26,BRISBANE,TOOHEY
4105,1,1 BR APARTMENT,30/05/2019,10/06/2019,13/06/2019,RGS,107,11,3,14,BRISBANE,TOOHEY
4105,1,1 BR APARTMENT,4/12/2018,18/12/2018,2/01/2019,RGS,107,14,15,29,BRISBANE,TOOHEY
4102,1,1 BR SENIOR UNIT,13/03/2019,13/03/2019,13/03/2019,SNR,107,0,0,0,BRISBANE,SOUTH BRISBANE
4102,1,1 BR SENIOR UNIT,3/10/2018,19/10/2018,2/11/2018,SNR,107,16,14,30,BRISBANE,SOUTH BRISBANE
4051,2,2 BR APARTMENT,17/07/2018,30/07/2018,31/07/2018,RGS,108,13,1,14,BRISBANE,STAFFORD
4031,1,1 BR APARTMENT,8/08/2018,23/08/2018,14/09/2018,RGS,105,15,22,37,BRISBANE,STAFFORD
4031,1,1 BR APARTMENT,3/09/2018,28/09/2018,7/11/2018,RGS,105,25,40,65,BRISBANE,STAFFORD
4031,1,1 BR APARTMENT,18/01/2019,11/02/2019,8/03/2019,RGS,105,24,25,49,BRISBANE,STAFFORD
4105,1,1 BR APARTMENT,20/09/2018,2/10/2018,18/10/2018,RGS,107,12,16,28,BRISBANE,TOOHEY
4104,1,1 BR SENIOR UNIT,28/08/2018,10/09/2018,20/09/2018,SNR,107,13,10,23,BRISBANE,MILLER
4104,1,1 BR SENIOR UNIT,2/04/2019,15/04/2019,23/04/2019,SNR,107,13,8,21,BRISBANE,MILLER
4120,1,1 BR SENIOR UNIT,1/02/2019,13/02/2019,19/02/2019,SNR,107,12,6,18,BRISBANE,GREENSLOPES
4012,2,2 BR ATTACHED HOUSING,31/08/2018,12/09/2018,12/10/2018,RGS,105,12,30,42,BRISBANE,NUDGEE
4103,1,1 BR APARTMENT,3/10/2018,16/10/2018,31/10/2018,RGS,107,13,15,28,BRISBANE,MILLER
4103,1,1 BR APARTMENT,24/07/2018,16/08/2018,23/08/2018,RGS,107,23,7,30,BRISBANE,MILLER
4170,3,3 BR ATTACHED HOUSING,3/07/2018,23/07/2018,30/07/2018,RGS,109,20,7,27,BRISBANE,BULIMBA
4152,1,1 BR SENIOR UNIT,17/09/2018,8/10/2018,26/10/2018,SNR,109,21,18,39,BRISBANE,CHATSWORTH
4152,1,1 BR SENIOR UNIT,10/01/2019,22/01/2019,24/01/2019,SNR,109,12,2,14,BRISBANE,CHATSWORTH
4171,2,2 BR ATTACHED HOUSING,16/08/2018,4/09/2018,13/09/2018,RGS,109,19,9,28,BRISBANE,BULIMBA
4171,2,2 BR ATTACHED HOUSING,21/05/2019,6/06/2019,7/06/2019,RGS,109,16,1,17,BRISBANE,BULIMBA
4103,2,2 BR ATTACHED HOUSING,7/06/2018,22/06/2018,5/07/2018,RGS,107,15,13,28,BRISBANE,SOUTH BRISBANE
4103,2,2 BR ATTACHED HOUSING,1/04/2019,9/04/2019,17/04/2019,RGS,107,8,8,16,BRISBANE,SOUTH BRISBANE
4103,2,2 BR ATTACHED HOUSING,2/04/2019,16/04/2019,23/04/2019,RGS,107,14,7,21,BRISBANE,MILLER
4170,1,1 BR APARTMENT,5/09/2018,4/10/2018,24/10/2018,RGS,109,29,20,49,BRISBANE,BULIMBA
4103,1,1 BR SENIOR UNIT,23/11/2018,10/12/2018,20/12/2018,SNR,107,17,10,27,BRISBANE,MILLER
4013,1,1 BR APARTMENT,24/12/2018,16/01/2019,21/01/2019,RGS,105,23,5,28,BRISBANE,NUDGEE
4178,1,1 BR SENIOR UNIT,12/10/2018,31/10/2018,6/11/2018,SNR,109,19,6,25,BRISBANE,LYTTON
4105,2,2 BR ATTACHED HOUSING,31/08/2018,25/09/2018,9/10/2018,RGS,107,25,14,39,BRISBANE,TOOHEY
4105,1,1 BR SENIOR UNIT,16/05/2019,28/05/2019,5/06/2019,SNR,107,12,8,20,BRISBANE,MILLER
4034,1,1 BR SENIOR UNIT,17/10/2018,31/10/2018,30/11/2018,SNR,105,14,30,44,BRISBANE,NUDGEE
4007,3,3 BR ATTACHED HOUSING,27/05/2019,10/06/2019,28/06/2019,RGS,108,14,18,32,BRISBANE,CLAYFIELD
4077,1,1 BR APARTMENT,21/09/2018,4/10/2018,10/10/2018,RGS,104,13,6,19,BRISBANE,INALA
4018,1,1 BR SENIOR UNIT,11/07/2018,20/07/2018,3/08/2018,SNR,105,9,14,23,BRISBANE,SANDGATE
4018,1,1 BR SENIOR UNIT,12/04/2019,3/05/2019,16/05/2019,SNR,105,21,13,34,BRISBANE,SANDGATE
4018,1,1 BR SENIOR UNIT,27/03/2019,10/04/2019,15/05/2019,SNR,105,14,35,49,BRISBANE,SANDGATE
4018,1,1 BR SENIOR UNIT,23/04/2019,14/05/2019,22/05/2019,SNR,105,21,8,29,BRISBANE,SANDGATE
4018,1,1 BR SENIOR UNIT,21/01/2019,1/02/2019,20/02/2019,SNR,105,11,19,30,BRISBANE,SANDGATE
4018,1,1 BR SENIOR UNIT,20/02/2019,21/02/2019,18/03/2019,SNR,105,1,25,26,BRISBANE,SANDGATE
4018,1,1 BR SENIOR UNIT,15/05/2019,23/05/2019,28/05/2019,SNR,105,8,5,13,BRISBANE,SANDGATE
4010,5,5 BR DETACHED HOUSE,2/10/2018,23/10/2018,25/10/2018,RGS,108,21,2,23,BRISBANE,CLAYFIELD
4032,1,1 BR APARTMENT,21/06/2018,9/07/2018,26/07/2018,RGS,105,18,17,35,BRISBANE,STAFFORD
4032,1,1 BR APARTMENT,29/10/2018,8/11/2018,9/11/2018,RGS,105,10,1,11,BRISBANE,STAFFORD
4032,1,1 BR APARTMENT,3/04/2019,18/04/2019,17/05/2019,RGS,105,15,29,44,BRISBANE,STAFFORD
4032,1,1 BR APARTMENT,3/04/2019,3/04/2019,3/04/2019,RGS,105,0,0,0,BRISBANE,STAFFORD
4171,2,2 BR ATTACHED HOUSING,16/11/2018,30/11/2018,6/12/2018,RGS,109,14,6,20,BRISBANE,BULIMBA
4171,2,2 BR ATTACHED HOUSING,3/01/2019,21/01/2019,21/01/2019,RGS,109,18,0,18,BRISBANE,BULIMBA
4007,1,1 BR SENIOR UNIT,9/05/2019,22/05/2019,31/05/2019,SNR,108,13,9,22,BRISBANE,CLAYFIELD
4178,1,1 BR APARTMENT,5/10/2018,17/10/2018,19/10/2018,RGS,109,12,2,14,BRISBANE,LYTTON
4178,1,1 BR APARTMENT,10/09/2018,3/10/2018,16/10/2018,RGS,109,23,13,36,BRISBANE,LYTTON
4178,1,1 BR APARTMENT,29/10/2018,14/11/2018,4/12/2018,RGS,109,16,20,36,BRISBANE,LYTTON
4178,1,1 BR APARTMENT,26/04/2019,14/05/2019,15/05/2019,RGS,109,18,1,19,BRISBANE,LYTTON
4122,1,1 BR APARTMENT,5/11/2018,20/11/2018,21/11/2018,RGS,107,15,1,16,BRISBANE,MANSFIELD
4120,1,1 BR SENIOR UNIT,29/05/2019,7/06/2019,18/06/2019,SNR,107,9,11,20,BRISBANE,GREENSLOPES
4030,1,1 BR APARTMENT,16/05/2019,16/05/2019,16/05/2019,RGS,108,0,0,0,BRISBANE,CLAYFIELD
4030,1,1 BR APARTMENT,16/05/2019,3/06/2019,19/06/2019,RGS,108,18,16,34,BRISBANE,CLAYFIELD
4030,1,1 BR APARTMENT,11/10/2018,23/10/2018,23/10/2018,RGS,108,12,0,12,BRISBANE,CLAYFIELD
4030,1,1 BR APARTMENT,3/12/2018,18/12/2018,11/01/2019,RGS,108,15,24,39,BRISBANE,CLAYFIELD
4101,1,1 BR APARTMENT,30/11/2018,13/12/2018,18/12/2018,RGS,108,13,5,18,BRISBANE,SOUTH BRISBANE
4101,1,1 BR APARTMENT,6/08/2018,20/08/2018,22/08/2018,RGS,108,14,2,16,BRISBANE,SOUTH BRISBANE
4178,1,1 BR SENIOR UNIT,23/04/2019,10/05/2019,20/05/2019,SNR,109,17,10,27,BRISBANE,LYTTON
4102,1,1 BR SENIOR UNIT,1/04/2019,18/04/2019,24/04/2019,SNR,108,17,6,23,BRISBANE,SOUTH BRISBANE
4103,2,2 BR ATTACHED HOUSING,10/06/2019,20/06/2019,27/06/2019,RGS,107,10,7,17,BRISBANE,MILLER
4105,3,3 BR ATTACHED HOUSING,26/11/2018,11/12/2018,12/12/2018,RGS,107,15,1,16,BRISBANE,TOOHEY
4034,1,1 BR SENIOR UNIT,23/08/2018,5/09/2018,12/09/2018,SNR,105,13,7,20,BRISBANE,ASPLEY
4034,1,1 BR SENIOR UNIT,20/06/2018,5/07/2018,24/07/2018,SNR,105,15,19,34,BRISBANE,ASPLEY
4101,2,2 BR APARTMENT,21/01/2019,21/01/2019,21/01/2019,RGS,108,0,0,0,BRISBANE,SOUTH BRISBANE
4101,2,2 BR APARTMENT,21/01/2019,14/02/2019,25/02/2019,RGS,108,24,11,35,BRISBANE,SOUTH BRISBANE
4178,1,1 BR SENIOR UNIT,5/03/2019,22/03/2019,4/04/2019,SNR,109,17,13,30,BRISBANE,LYTTON
4178,1,1 BR SENIOR UNIT,29/08/2018,7/09/2018,13/09/2018,SNR,109,9,6,15,BRISBANE,LYTTON
4178,1,1 BR SENIOR UNIT,26/10/2018,14/11/2018,19/11/2018,SNR,109,19,5,24,BRISBANE,LYTTON
4178,1,1 BR SENIOR UNIT,12/10/2018,25/10/2018,1/11/2018,SNR,109,13,7,20,BRISBANE,LYTTON
4178,1,1 BR SENIOR UNIT,26/03/2019,11/04/2019,15/04/2019,SNR,109,16,4,20,BRISBANE,LYTTON
4178,1,1 BR SENIOR UNIT,28/02/2019,14/03/2019,25/03/2019,SNR,109,14,11,25,BRISBANE,LYTTON
4178,1,1 BR SENIOR UNIT,15/06/2018,12/07/2018,17/07/2018,SNR,109,27,5,32,BRISBANE,LYTTON
4178,1,1 BR SENIOR UNIT,26/03/2019,12/04/2019,17/04/2019,SNR,109,17,5,22,BRISBANE,LYTTON
4178,1,1 BR SENIOR UNIT,3/10/2018,19/10/2018,14/11/2018,SNR,109,16,26,42,BRISBANE,LYTTON
4178,1,1 BR SENIOR UNIT,18/07/2018,7/08/2018,7/08/2018,SNR,109,20,0,20,BRISBANE,LYTTON
4170,2,2 BR ATTACHED HOUSING,31/08/2018,19/09/2018,3/10/2018,RGS,109,19,14,33,BRISBANE,BULIMBA
4170,2,2 BR ATTACHED HOUSING,10/09/2018,25/09/2018,11/10/2018,RGS,109,15,16,31,BRISBANE,BULIMBA
4012,1,1 BR SENIOR UNIT,17/08/2018,5/09/2018,28/09/2018,SNR,105,19,23,42,BRISBANE,NUDGEE
4169,1,1 BR APARTMENT,27/09/2018,16/10/2018,17/10/2018,RGS,108,19,1,20,BRISBANE,SOUTH BRISBANE
4169,1,1 BR APARTMENT,28/06/2018,13/07/2018,13/07/2018,RGS,108,15,0,15,BRISBANE,SOUTH BRISBANE
4169,1,1 BR APARTMENT,28/11/2018,11/12/2018,14/12/2018,RGS,108,13,3,16,BRISBANE,SOUTH BRISBANE
4169,1,1 BR APARTMENT,1/06/2018,5/09/2018,10/09/2018,RGS,108,96,5,101,BRISBANE,SOUTH BRISBANE
4068,1,1 BR SENIOR UNIT,1/04/2019,18/04/2019,23/04/2019,SNR,108,17,5,22,BRISBANE,MAIWAR
4102,2,2 BR ATTACHED HOUSING,6/08/2018,28/08/2018,14/09/2018,RGS,107,22,17,39,BRISBANE,SOUTH BRISBANE
4102,2,2 BR ATTACHED HOUSING,6/08/2018,6/08/2018,6/08/2018,RGS,107,0,0,0,BRISBANE,SOUTH BRISBANE
4169,2,2 BR ATTACHED HOUSING,14/11/2018,13/12/2018,21/12/2018,RGS,108,29,8,37,BRISBANE,SOUTH BRISBANE
4169,2,2 BR ATTACHED HOUSING,25/09/2018,24/10/2018,30/10/2018,RGS,108,29,6,35,BRISBANE,SOUTH BRISBANE
4007,1,1 BR SENIOR UNIT,19/09/2018,8/10/2018,9/10/2018,SNR,108,19,1,20,BRISBANE,CLAYFIELD
4007,1,1 BR SENIOR UNIT,6/06/2019,19/06/2019,24/06/2019,SNR,108,13,5,18,BRISBANE,CLAYFIELD
4005,1,1 BR APARTMENT,22/01/2019,4/02/2019,26/02/2019,RGS,108,13,22,35,BRISBANE,MCCONNEL
4005,1,1 BR APARTMENT,2/01/2019,22/01/2019,25/01/2019,RGS,108,20,3,23,BRISBANE,MCCONNEL
4005,1,1 BR APARTMENT,13/09/2018,5/10/2018,29/10/2018,RGS,108,22,24,46,BRISBANE,MCCONNEL
4005,1,1 BR APARTMENT,3/06/2019,20/06/2019,21/06/2019,RGS,108,17,1,18,BRISBANE,MCCONNEL
4017,1,1 BR SENIOR UNIT,20/11/2018,20/11/2018,27/11/2018,SNR,105,0,7,7,BRISBANE,SANDGATE
4017,1,1 BR SENIOR UNIT,4/09/2018,13/09/2018,24/09/2018,SNR,105,9,11,20,BRISBANE,SANDGATE
4017,1,1 BR SENIOR UNIT,15/04/2019,3/05/2019,20/05/2019,SNR,105,18,17,35,BRISBANE,SANDGATE
4013,1,1 BR APARTMENT,27/06/2018,5/07/2018,17/08/2018,RGS,105,8,43,51,BRISBANE,NUDGEE
4051,1,1 BR APARTMENT,19/06/2018,28/06/2018,19/07/2018,RGS,108,9,21,30,BRISBANE,STAFFORD
4051,1,1 BR APARTMENT,20/11/2018,11/12/2018,11/01/2019,RGS,108,21,31,52,BRISBANE,EVERTON
4032,1,1 BR APARTMENT,8/03/2019,22/03/2019,7/05/2019,RGS,105,14,46,60,BRISBANE,STAFFORD
4121,4,4 BR CLUSTER HOUSING,19/11/2018,27/11/2018,27/11/2018,RGS,107,8,0,8,BRISBANE,MILLER
4121,4,4 BR CLUSTER HOUSING,27/11/2018,29/11/2018,29/11/2018,RGS,107,2,0,2,BRISBANE,MILLER
4121,2,2 BR CLUSTER HOUSING,1/02/2019,19/02/2019,21/02/2019,RGS,107,18,2,20,BRISBANE,MILLER
4121,3,3 BR CLUSTER HOUSING,25/09/2018,18/10/2018,22/10/2018,RGS,107,23,4,27,BRISBANE,MILLER
4013,2,2 BR APARTMENT,27/08/2018,11/09/2018,1/11/2018,RGS,105,15,51,66,BRISBANE,NUDGEE
4013,2,2 BR APARTMENT,9/11/2018,9/11/2018,9/11/2018,RGS,105,0,0,0,BRISBANE,NUDGEE
4013,2,2 BR APARTMENT,24/06/2019,24/06/2019,24/06/2019,RGS,105,0,0,0,BRISBANE,NUDGEE
4179,2,2 BR ATTACHED HOUSING,31/07/2018,23/08/2018,12/09/2018,RGS,109,23,20,43,BRISBANE,LYTTON
4179,2,2 BR ATTACHED HOUSING,29/01/2019,11/02/2019,18/02/2019,RGS,109,13,7,20,BRISBANE,LYTTON
4179,2,2 BR ATTACHED HOUSING,9/07/2018,1/08/2018,10/08/2018,RGS,109,23,9,32,BRISBANE,LYTTON
4178,3,3 BR DETACHED HOUSE,26/04/2019,15/05/2019,17/05/2019,RGS,109,19,2,21,BRISBANE,LYTTON
4178,3,3 BR DETACHED HOUSE,19/07/2018,7/08/2018,15/08/2018,RGS,109,19,8,27,BRISBANE,LYTTON
4178,3,3 BR DETACHED HOUSE,5/10/2018,14/11/2018,16/11/2018,RGS,109,40,2,42,BRISBANE,LYTTON
4178,3,3 BR CLUSTER HOUSING,25/03/2019,10/04/2019,10/05/2019,RGS,109,16,30,46,BRISBANE,LYTTON
4178,3,3 BR CLUSTER HOUSING,5/04/2019,29/04/2019,2/05/2019,RGS,109,24,3,27,BRISBANE,LYTTON
4170,2,2 BR APARTMENT,7/09/2018,4/10/2018,17/10/2018,RGS,109,27,13,40,BRISBANE,BULIMBA
4169,1,1 BR APARTMENT,13/11/2018,20/12/2018,3/01/2019,RGS,108,37,14,51,BRISBANE,SOUTH BRISBANE
4013,2,2 BR ATTACHED HOUSING,8/08/2018,22/08/2018,31/08/2018,RGS,105,14,9,23,BRISBANE,NUDGEE
4120,2,2 BR ATTACHED HOUSING,15/03/2019,28/03/2019,10/04/2019,RGS,107,13,13,26,BRISBANE,GREENSLOPES
4005,1,1 BR APARTMENT,24/12/2018,22/01/2019,19/02/2019,RGS,108,29,28,57,BRISBANE,MCCONNEL
4005,1,1 BR APARTMENT,27/05/2019,7/06/2019,17/06/2019,RGS,108,11,10,21,BRISBANE,MCCONNEL
4170,2,2 BR APARTMENT,21/02/2019,5/03/2019,21/03/2019,RGS,109,12,16,28,BRISBANE,BULIMBA
4170,2,2 BR APARTMENT,24/01/2019,8/02/2019,18/02/2019,RGS,109,15,10,25,BRISBANE,BULIMBA
4170,2,2 BR APARTMENT,20/02/2019,28/02/2019,6/03/2019,RGS,109,8,6,14,BRISBANE,BULIMBA
4102,1,1 BR SENIOR UNIT,1/02/2019,14/02/2019,5/03/2019,SNR,108,13,19,32,BRISBANE,SOUTH BRISBANE
4102,1,1 BR SENIOR UNIT,17/10/2018,29/10/2018,29/10/2018,SNR,108,12,0,12,BRISBANE,SOUTH BRISBANE
4102,1,1 BR SENIOR UNIT,6/11/2018,29/11/2018,11/12/2018,SNR,108,23,12,35,BRISBANE,SOUTH BRISBANE
4030,1,1 BR APARTMENT,20/03/2019,7/05/2019,7/05/2019,RGS,108,48,0,48,BRISBANE,CLAYFIELD
4121,1,1 BR SENIOR UNIT,4/04/2019,15/04/2019,30/04/2019,SNR,107,11,15,26,BRISBANE,GREENSLOPES
4121,1,1 BR SENIOR UNIT,25/03/2019,9/04/2019,10/04/2019,SNR,107,15,1,16,BRISBANE,GREENSLOPES
4120,2,2 BR APARTMENT,20/07/2018,6/08/2018,16/08/2018,RGS,107,17,10,27,BRISBANE,GREENSLOPES
4120,2,2 BR APARTMENT,20/07/2018,20/07/2018,20/07/2018,RGS,107,0,0,0,BRISBANE,GREENSLOPES
4178,1,1 BR SENIOR UNIT,27/09/2018,19/10/2018,24/10/2018,SNR,109,22,5,27,BRISBANE,LYTTON
4178,1,1 BR SENIOR UNIT,19/07/2018,1/08/2018,14/08/2018,SNR,109,13,13,26,BRISBANE,LYTTON
4011,1,1 BR SENIOR UNIT,2/05/2019,16/05/2019,29/05/2019,SNR,108,14,13,27,BRISBANE,CLAYFIELD
4121,4,4 BR DETACHED HOUSE,20/05/2019,29/05/2019,4/06/2019,RGS,107,9,6,15,BRISBANE,GREENSLOPES
4178,5,5 BR DETACHED HOUSE,22/10/2018,15/11/2018,16/11/2018,RGS,109,24,1,25,BRISBANE,LYTTON
4122,1,1 BR SENIOR UNIT,3/06/2019,17/06/2019,20/06/2019,SNR,107,14,3,17,BRISBANE,MANSFIELD
4103,1,1 BR SENIOR UNIT,24/01/2019,6/02/2019,20/02/2019,SNR,107,13,14,27,BRISBANE,MILLER
4103,1,1 BR APARTMENT,28/05/2018,7/06/2018,6/07/2018,RGS,107,10,29,39,BRISBANE,MILLER
4005,1,1 BR APARTMENT,11/02/2019,27/02/2019,28/02/2019,RGS,108,16,1,17,BRISBANE,MCCONNEL
4005,1,1 BR SENIOR UNIT,20/05/2019,3/06/2019,21/06/2019,SNR,108,14,18,32,BRISBANE,MCCONNEL
4012,1,1 BR APARTMENT,21/03/2019,18/04/2019,14/05/2019,RGS,105,28,26,54,BRISBANE,NUDGEE
4012,1,1 BR APARTMENT,15/01/2019,8/02/2019,25/02/2019,RGS,105,24,17,41,BRISBANE,NUDGEE
4105,1,1 BR APARTMENT,4/03/2019,13/03/2019,26/03/2019,RGS,107,9,13,22,BRISBANE,MILLER
4068,1,1 BR SENIOR UNIT,25/06/2018,10/07/2018,10/07/2018,SNR,108,15,0,15,BRISBANE,MAIWAR
4121,1,1 BR SENIOR UNIT,17/10/2018,5/11/2018,12/11/2018,SNR,107,19,7,26,BRISBANE,MILLER
4151,2,2 BR ATTACHED HOUSING,24/09/2018,10/10/2018,31/10/2018,RGS,107,16,21,37,BRISBANE,GREENSLOPES
4031,1,1 BR SENIOR UNIT,9/07/2018,20/07/2018,7/08/2018,SNR,105,11,18,29,BRISBANE,STAFFORD
4031,1,1 BR SENIOR UNIT,10/08/2018,23/08/2018,27/09/2018,SNR,105,13,35,48,BRISBANE,STAFFORD
4109,2,2 BR APARTMENT,15/11/2018,30/11/2018,30/11/2018,RGS,107,15,0,15,BRISBANE,STRETTON
4122,1,1 BR APARTMENT,6/09/2018,27/09/2018,17/10/2018,RGS,107,21,20,41,BRISBANE,MANSFIELD
4000,1,1 BR APARTMENT,10/10/2018,25/10/2018,30/10/2018,RGS,108,15,5,20,BRISBANE,MCCONNEL
4000,3,3 BR ATTACHED HOUSING,24/04/2019,9/05/2019,13/05/2019,RGS,108,15,4,19,BRISBANE,MCCONNEL
4030,2,2 BR APARTMENT,22/10/2018,7/11/2018,15/11/2018,RGS,108,16,8,24,BRISBANE,CLAYFIELD
4170,1,1 BR SENIOR UNIT,21/06/2018,2/07/2018,24/07/2018,SNR,109,11,22,33,BRISBANE,BULIMBA
4030,1,1 BR SENIOR UNIT,1/11/2018,14/11/2018,21/11/2018,SNR,108,13,7,20,BRISBANE,CLAYFIELD
4017,3,3 BR DETACHED HOUSE,2/08/2018,17/08/2018,7/09/2018,RGS,105,15,21,36,BRISBANE,SANDGATE
4034,1,1 BR SENIOR UNIT,14/03/2019,28/03/2019,8/05/2019,SNR,105,14,41,55,BRISBANE,NUDGEE
4151,1,1 BR APARTMENT,1/11/2018,1/11/2018,6/11/2018,RGS,107,0,5,5,BRISBANE,GREENSLOPES
4151,1,1 BR APARTMENT,6/06/2019,19/06/2019,24/06/2019,RGS,107,13,5,18,BRISBANE,GREENSLOPES
4012,1,1 BR APARTMENT,17/07/2018,7/08/2018,13/08/2018,RGS,105,21,6,27,BRISBANE,NUDGEE
4012,1,1 BR APARTMENT,5/10/2018,5/02/2019,21/02/2019,RGS,105,123,16,139,BRISBANE,NUDGEE
4178,1,1 BR SENIOR UNIT,31/10/2018,19/11/2018,23/11/2018,SNR,109,19,4,23,BRISBANE,LYTTON
4051,1,1 BR SENIOR UNIT,31/08/2018,13/09/2018,14/09/2018,SNR,108,13,1,14,BRISBANE,EVERTON
4171,1,1 BR APARTMENT,29/03/2019,13/05/2019,20/05/2019,RGS,109,45,7,52,BRISBANE,BULIMBA
4171,1,1 BR APARTMENT,11/02/2019,11/03/2019,20/03/2019,RGS,109,28,9,37,BRISBANE,BULIMBA
4171,1,1 BR SENIOR UNIT,24/07/2018,9/08/2018,30/08/2018,SNR,109,16,21,37,BRISBANE,BULIMBA
4103,2,2 BR ATTACHED HOUSING,18/09/2018,4/10/2018,17/10/2018,RGS,107,16,13,29,BRISBANE,MILLER
4103,2,2 BR ATTACHED HOUSING,16/01/2019,31/01/2019,6/02/2019,RGS,107,15,6,21,BRISBANE,MILLER
4178,1,1 BR SENIOR UNIT,18/12/2018,11/01/2019,1/02/2019,SNR,109,24,21,45,BRISBANE,LYTTON
4051,2,2 BR ATTACHED HOUSING,28/08/2018,28/08/2018,28/08/2018,RGS,108,0,0,0,BRISBANE,STAFFORD
4051,2,2 BR ATTACHED HOUSING,28/08/2018,19/09/2018,17/04/2019,RGS,108,22,210,232,BRISBANE,STAFFORD
4036,3,3 BR DETACHED HOUSE,7/09/2018,5/10/2018,26/11/2018,RGS,105,28,52,80,BRISBANE,SANDGATE
4178,1,1 BR SENIOR UNIT,18/09/2018,8/10/2018,10/10/2018,SNR,109,20,2,22,BRISBANE,LYTTON
4005,1,1 BR APARTMENT,12/12/2018,9/01/2019,14/01/2019,RGS,108,28,5,33,BRISBANE,MCCONNEL
4101,2,2 BR APARTMENT,26/04/2019,26/04/2019,26/04/2019,RGS,108,0,0,0,BRISBANE,SOUTH BRISBANE
4101,2,2 BR APARTMENT,26/04/2019,15/05/2019,30/05/2019,RGS,108,19,15,34,BRISBANE,SOUTH BRISBANE
4101,1,1 BR APARTMENT,8/02/2019,26/02/2019,1/03/2019,RGS,108,18,3,21,BRISBANE,SOUTH BRISBANE
4101,1,1 BR APARTMENT,20/11/2018,20/11/2018,20/11/2018,RGS,108,0,0,0,BRISBANE,SOUTH BRISBANE
4122,1,1 BR APARTMENT,16/10/2018,30/10/2018,8/11/2018,RGS,107,14,9,23,BRISBANE,MANSFIELD
4170,2,2 BR ATTACHED HOUSING,1/04/2019,16/04/2019,23/04/2019,RGS,109,15,7,22,BRISBANE,BULIMBA
4170,2,2 BR ATTACHED HOUSING,8/11/2018,22/11/2018,26/11/2018,RGS,109,14,4,18,BRISBANE,BULIMBA
4178,1,1 BR SENIOR UNIT,15/06/2018,9/07/2018,9/07/2018,SNR,109,24,0,24,BRISBANE,LYTTON
4103,2,2 BR ATTACHED HOUSING,27/06/2018,2/08/2018,16/08/2018,RGS,107,36,14,50,BRISBANE,SOUTH BRISBANE
4103,2,2 BR ATTACHED HOUSING,10/05/2019,23/05/2019,29/05/2019,RGS,107,13,6,19,BRISBANE,SOUTH BRISBANE
4034,2,2 BR CLUSTER HOUSING,16/10/2018,1/11/2018,17/12/2018,RGS,105,16,46,62,BRISBANE,NUDGEE
4170,1,1 BR SENIOR UNIT,29/06/2018,18/07/2018,24/07/2018,SNR,109,19,6,25,BRISBANE,BULIMBA
4170,3,3 BR ATTACHED HOUSING,23/11/2018,14/12/2018,4/01/2019,RGS,109,21,21,42,BRISBANE,BULIMBA
4170,2,2 BR APARTMENT,25/07/2018,8/08/2018,22/08/2018,RGS,109,14,14,28,BRISBANE,BULIMBA
4013,1,1 BR SENIOR UNIT,21/06/2019,21/06/2019,21/06/2019,SNR,105,0,0,0,BRISBANE,NUDGEE
4013,1,1 BR SENIOR UNIT,13/02/2019,19/02/2019,3/04/2019,SNR,105,6,43,49,BRISBANE,NUDGEE
4102,1,1 BR SENIOR UNIT,5/03/2019,18/03/2019,21/03/2019,SNR,107,13,3,16,BRISBANE,SOUTH BRISBANE
4169,1,1 BR APARTMENT,6/09/2018,18/09/2018,21/09/2018,RGS,108,12,3,15,BRISBANE,SOUTH BRISBANE
4170,1,1 BR SENIOR UNIT,11/12/2018,21/12/2018,7/01/2019,SNR,109,10,17,27,BRISBANE,BULIMBA
4077,1,1 BR SENIOR UNIT,10/07/2018,24/07/2018,25/07/2018,SNR,104,14,1,15,BRISBANE,INALA
4064,1,1 BR SENIOR UNIT,16/08/2018,3/09/2018,10/09/2018,SNR,108,18,7,25,BRISBANE,COOPER
4030,1,1 BR APARTMENT,13/03/2019,1/04/2019,1/04/2019,RGS,108,19,0,19,BRISBANE,CLAYFIELD
4030,1,1 BR APARTMENT,8/03/2019,8/03/2019,8/03/2019,RGS,108,0,0,0,BRISBANE,CLAYFIELD
4030,1,1 BR APARTMENT,3/12/2018,14/12/2018,10/01/2019,RGS,108,11,27,38,BRISBANE,CLAYFIELD
4120,1,1 BR SENIOR UNIT,25/09/2018,17/10/2018,26/10/2018,SNR,107,22,9,31,BRISBANE,GREENSLOPES
4012,1,1 BR APARTMENT,12/11/2018,26/11/2018,9/01/2019,RGS,105,14,44,58,BRISBANE,NUDGEE
4030,2,2 BR ATTACHED HOUSING,25/09/2018,5/10/2018,10/10/2018,RGS,108,10,5,15,BRISBANE,CLAYFIELD
4030,2,2 BR ATTACHED HOUSING,29/11/2018,13/12/2018,18/12/2018,RGS,108,14,5,19,BRISBANE,CLAYFIELD
4031,1,1 BR SENIOR UNIT,24/07/2018,3/08/2018,30/08/2018,SNR,105,10,27,37,BRISBANE,CLAYFIELD
4122,1,1 BR APARTMENT,26/11/2018,14/12/2018,18/12/2018,RGS,107,18,4,22,BRISBANE,MANSFIELD
4122,1,1 BR APARTMENT,4/03/2019,6/03/2019,7/03/2019,RGS,107,2,1,3,BRISBANE,MANSFIELD
4169,1,1 BR APARTMENT,13/09/2018,28/09/2018,5/10/2018,RGS,108,15,7,22,BRISBANE,SOUTH BRISBANE
4169,1,1 BR APARTMENT,1/03/2019,14/03/2019,18/03/2019,RGS,108,13,4,17,BRISBANE,SOUTH BRISBANE
4169,1,1 BR APARTMENT,27/02/2019,14/03/2019,21/03/2019,RGS,108,15,7,22,BRISBANE,SOUTH BRISBANE
4169,1,1 BR APARTMENT,9/11/2018,30/11/2018,10/12/2018,RGS,108,21,10,31,BRISBANE,SOUTH BRISBANE
4169,2,2 BR APARTMENT,26/06/2018,10/07/2018,11/07/2018,RGS,108,14,1,15,BRISBANE,SOUTH BRISBANE
4034,1,1 BR SENIOR UNIT,29/04/2019,8/05/2019,20/05/2019,SNR,105,9,12,21,BRISBANE,NUDGEE
4113,4,4 BR DETACHED HOUSE,4/01/2019,29/01/2019,1/02/2019,RGS,107,25,3,28,BRISBANE,TOOHEY
4031,1,1 BR SENIOR UNIT,13/02/2019,28/02/2019,27/03/2019,SNR,105,15,27,42,BRISBANE,STAFFORD
4006,2,2 BR APARTMENT,8/02/2019,22/02/2019,22/02/2019,RGS,108,14,0,14,BRISBANE,MCCONNEL
4006,2,2 BR APARTMENT,5/02/2019,8/02/2019,8/02/2019,RGS,108,3,0,3,BRISBANE,MCCONNEL
4006,1,1 BR APARTMENT,17/04/2019,23/05/2019,27/05/2019,RGS,108,36,4,40,BRISBANE,MCCONNEL
4006,1,1 BR APARTMENT,16/05/2019,3/06/2019,11/06/2019,RGS,108,18,8,26,BRISBANE,MCCONNEL
4006,2,2 BR APARTMENT,29/06/2018,17/07/2018,18/07/2018,RGS,108,18,1,19,BRISBANE,MCCONNEL
4075,2,2 BR APARTMENT,25/07/2018,9/08/2018,10/08/2018,RGS,104,15,1,16,BRISBANE,MOUNT OMMANEY
4005,1,1 BR SENIOR UNIT,3/10/2018,19/10/2018,23/10/2018,SNR,108,16,4,20,BRISBANE,MCCONNEL
4007,1,1 BR SENIOR UNIT,2/05/2019,22/05/2019,28/05/2019,SNR,108,20,6,26,BRISBANE,CLAYFIELD
4032,1,1 BR APARTMENT,5/03/2019,20/03/2019,1/05/2019,RGS,105,15,42,57,BRISBANE,STAFFORD
4122,1,1 BR SENIOR UNIT,23/11/2018,23/11/2018,23/11/2018,SNR,107,0,0,0,BRISBANE,MANSFIELD
4122,1,1 BR SENIOR UNIT,23/11/2018,23/11/2018,23/11/2018,SNR,107,0,0,0,BRISBANE,MANSFIELD
4075,1,1 BR SENIOR UNIT,3/07/2018,12/07/2018,16/07/2018,SNR,104,9,4,13,BRISBANE,MILLER
4005,2,2 BR APARTMENT,4/03/2019,20/03/2019,20/03/2019,RGS,108,16,0,16,BRISBANE,MCCONNEL
4068,2,2 BR APARTMENT,9/01/2019,22/01/2019,24/01/2019,RGS,108,13,2,15,BRISBANE,MAIWAR
4170,1,1 BR SENIOR UNIT,3/10/2018,1/11/2018,12/11/2018,SNR,109,29,11,40,BRISBANE,BULIMBA
4170,1,1 BR SENIOR UNIT,16/07/2018,30/07/2018,14/08/2018,SNR,109,14,15,29,BRISBANE,BULIMBA
4006,1,1 BR APARTMENT,12/11/2018,6/12/2018,12/12/2018,RGS,108,24,6,30,BRISBANE,MCCONNEL
4006,1,1 BR APARTMENT,28/03/2019,28/03/2019,29/03/2019,RGS,108,0,1,1,BRISBANE,MCCONNEL
4051,3,3 BR ATTACHED HOUSING,25/10/2018,14/11/2018,7/12/2018,RGS,108,20,23,43,BRISBANE,FERNY GROVE
4053,1,1 BR SENIOR UNIT,13/02/2019,22/02/2019,8/04/2019,SNR,105,9,45,54,BRISBANE,EVERTON
4053,1,1 BR SENIOR UNIT,18/04/2019,8/05/2019,20/05/2019,SNR,105,20,12,32,BRISBANE,EVERTON
4122,1,1 BR SENIOR UNIT,14/01/2019,30/01/2019,5/02/2019,SNR,107,16,6,22,BRISBANE,MANSFIELD
4174,3,3 BR DETACHED HOUSE,23/07/2018,22/08/2018,24/08/2018,RGS,109,30,2,32,BRISBANE,LYTTON
4120,1,1 BR SENIOR UNIT,23/05/2019,4/06/2019,10/06/2019,SNR,107,12,6,18,BRISBANE,GREENSLOPES
4051,1,1 BR SENIOR UNIT,17/04/2019,10/05/2019,14/05/2019,SNR,108,23,4,27,BRISBANE,EVERTON
4051,1,1 BR SENIOR UNIT,16/08/2018,4/09/2018,6/09/2018,SNR,108,19,2,21,BRISBANE,EVERTON
4006,1,1 BR APARTMENT,13/06/2018,29/06/2018,3/07/2018,RGS,108,16,4,20,BRISBANE,MCCONNEL
4051,2,2 BR ATTACHED HOUSING,18/09/2018,4/10/2018,8/10/2018,RGS,108,16,4,20,BRISBANE,FERNY GROVE
4060,1,1 BR SENIOR UNIT,30/04/2019,13/05/2019,17/05/2019,SNR,108,13,4,17,BRISBANE,COOPER
4120,1,1 BR SENIOR UNIT,20/08/2018,11/09/2018,9/10/2018,SNR,107,22,28,50,BRISBANE,GREENSLOPES
4051,1,1 BR SENIOR UNIT,12/12/2018,24/12/2018,14/01/2019,SNR,108,12,21,33,BRISBANE,STAFFORD
4075,1,1 BR SENIOR UNIT,7/06/2019,17/06/2019,17/06/2019,SNR,104,10,0,10,BRISBANE,MILLER
4171,1,1 BR SENIOR UNIT,21/08/2018,4/09/2018,6/09/2018,SNR,109,14,2,16,BRISBANE,BULIMBA
4171,1,1 BR SENIOR UNIT,21/08/2018,21/08/2018,21/08/2018,SNR,109,0,0,0,BRISBANE,BULIMBA
4051,1,1 BR APARTMENT,23/04/2019,14/05/2019,24/05/2019,RGS,108,21,10,31,BRISBANE,STAFFORD
4051,1,1 BR APARTMENT,27/07/2018,8/08/2018,8/08/2018,RGS,108,12,0,12,BRISBANE,STAFFORD
4051,1,1 BR APARTMENT,27/03/2019,11/04/2019,29/04/2019,RGS,108,15,18,33,BRISBANE,STAFFORD
4051,1,1 BR APARTMENT,25/06/2018,2/07/2018,4/07/2018,RGS,108,7,2,9,BRISBANE,STAFFORD
4170,1,1 BR APARTMENT,27/11/2018,18/12/2018,4/01/2019,RGS,109,21,17,38,BRISBANE,BULIMBA
4031,1,1 BR APARTMENT,26/06/2018,27/07/2018,9/08/2018,RGS,105,31,13,44,BRISBANE,STAFFORD
4151,1,1 BR APARTMENT,31/07/2018,21/08/2018,7/09/2018,RGS,107,21,17,38,BRISBANE,GREENSLOPES
4179,1,1 BR APARTMENT,9/10/2018,31/10/2018,9/11/2018,RGS,109,22,9,31,BRISBANE,LYTTON
4178,2,2 BR APARTMENT,28/09/2018,22/10/2018,7/11/2018,RGS,109,24,16,40,BRISBANE,LYTTON
4012,2,2 BR APARTMENT,23/04/2019,14/05/2019,20/05/2019,RGS,105,21,6,27,BRISBANE,NUDGEE
4178,1,1 BR SENIOR UNIT,2/10/2018,17/10/2018,12/11/2018,SNR,109,15,26,41,BRISBANE,LYTTON
4178,1,1 BR SENIOR UNIT,27/02/2019,19/03/2019,20/03/2019,SNR,109,20,1,21,BRISBANE,LYTTON
4012,1,1 BR SENIOR UNIT,19/10/2018,2/11/2018,10/12/2018,SNR,105,14,38,52,BRISBANE,NUDGEE
4108,2,2 BR DETACHED HOUSE,13/07/2018,8/08/2018,9/08/2018,RGS,107,26,1,27,BRISBANE,TOOHEY
4012,2,2 BR ATTACHED HOUSING,13/05/2019,13/05/2019,13/05/2019,RGS,105,0,0,0,BRISBANE,NUDGEE
4068,1,1 BR SENIOR UNIT,24/07/2018,3/08/2018,7/08/2018,SNR,108,10,4,14,BRISBANE,MAIWAR
4032,1,1 BR SENIOR UNIT,21/01/2019,1/02/2019,6/02/2019,SNR,105,11,5,16,BRISBANE,STAFFORD
4031,1,1 BR SENIOR UNIT,21/11/2018,21/11/2018,21/11/2018,SNR,105,0,0,0,BRISBANE,STAFFORD
4059,1,1 BR APARTMENT,13/05/2019,3/06/2019,17/06/2019,RGS,108,21,14,35,BRISBANE,COOPER
4059,1,1 BR APARTMENT,12/07/2018,24/07/2018,25/07/2018,RGS,108,12,1,13,BRISBANE,COOPER
4059,1,1 BR APARTMENT,20/03/2019,3/04/2019,2/05/2019,RGS,108,14,29,43,BRISBANE,COOPER
4059,2,2 BR ATTACHED HOUSING,11/04/2019,30/04/2019,22/05/2019,RGS,108,19,22,41,BRISBANE,COOPER
4059,2,2 BR ATTACHED HOUSING,18/04/2019,14/05/2019,12/06/2019,RGS,108,26,29,55,BRISBANE,COOPER
4121,1,1 BR APARTMENT,24/04/2019,15/05/2019,20/05/2019,RGS,107,21,5,26,BRISBANE,GREENSLOPES
4054,5,5 BR DETACHED HOUSE,14/06/2019,14/06/2019,14/06/2019,RGS,108,0,0,0,BRISBANE,FERNY GROVE
4077,1,1 BR SENIOR UNIT,28/05/2018,28/06/2018,3/07/2018,SNR,104,31,5,36,BRISBANE,INALA
4051,1,1 BR APARTMENT,30/11/2018,17/12/2018,18/01/2019,RGS,108,17,32,49,BRISBANE,STAFFORD
4066,1,1 BR APARTMENT,11/09/2018,12/11/2018,16/11/2018,RGS,108,62,4,66,BRISBANE,MAIWAR
4000,2,2 BR APARTMENT,4/07/2018,23/07/2018,26/07/2018,RGS,108,19,3,22,BRISBANE,MCCONNEL
4000,3,3 BR ATTACHED HOUSING,20/09/2018,10/10/2018,16/10/2018,RGS,108,20,6,26,BRISBANE,MCCONNEL
4000,3,3 BR ATTACHED HOUSING,20/09/2018,20/09/2018,20/09/2018,RGS,108,0,0,0,BRISBANE,MCCONNEL
4000,3,3 BR ATTACHED HOUSING,19/09/2018,20/09/2018,20/09/2018,RGS,108,1,0,1,BRISBANE,MCCONNEL
4000,3,3 BR ATTACHED HOUSING,22/10/2018,2/11/2018,9/11/2018,RGS,108,11,7,18,BRISBANE,MCCONNEL
4151,1,1 BR APARTMENT,7/09/2018,27/09/2018,25/10/2018,RGS,107,20,28,48,BRISBANE,GREENSLOPES
4152,2,2 BR APARTMENT,11/03/2019,22/03/2019,3/04/2019,RGS,107,11,12,23,BRISBANE,CHATSWORTH
4018,1,1 BR SENIOR UNIT,27/06/2018,11/07/2018,13/07/2018,SNR,105,14,2,16,BRISBANE,SANDGATE
4170,2,2 BR ATTACHED HOUSING,20/12/2018,14/01/2019,25/01/2019,RGS,109,25,11,36,BRISBANE,BULIMBA
4034,1,1 BR SENIOR UNIT,14/03/2019,28/03/2019,7/05/2019,SNR,105,14,40,54,BRISBANE,ASPLEY
4012,1,1 BR ATTACHED HOUSING,8/11/2018,4/02/2019,8/02/2019,RGS,105,88,4,92,BRISBANE,NUDGEE
4012,1,1 BR ATTACHED HOUSING,18/04/2019,10/05/2019,15/05/2019,RGS,105,22,5,27,BRISBANE,NUDGEE
4113,5,5 BR DETACHED HOUSE,14/01/2019,15/02/2019,27/02/2019,RGS,107,32,12,44,BRISBANE,STRETTON
4012,1,1 BR APARTMENT,4/06/2018,22/06/2018,2/07/2018,RGS,105,18,10,28,BRISBANE,NUDGEE
4012,1,1 BR APARTMENT,11/03/2019,28/03/2019,5/04/2019,RGS,105,17,8,25,BRISBANE,NUDGEE
4178,1,1 BR SENIOR UNIT,16/10/2018,31/10/2018,5/11/2018,SNR,109,15,5,20,BRISBANE,LYTTON
4120,1,1 BR APARTMENT,18/09/2018,15/10/2018,16/10/2018,RGS,107,27,1,28,BRISBANE,GREENSLOPES
4120,1,1 BR APARTMENT,8/10/2018,25/10/2018,9/11/2018,RGS,107,17,15,32,BRISBANE,GREENSLOPES
4151,2,2 BR APARTMENT,7/09/2018,19/09/2018,3/10/2018,RGS,107,12,14,26,BRISBANE,GREENSLOPES
4151,2,2 BR APARTMENT,7/09/2018,7/09/2018,7/09/2018,RGS,107,0,0,0,BRISBANE,GREENSLOPES
4032,1,1 BR APARTMENT,16/08/2018,11/09/2018,9/10/2018,RGS,105,26,28,54,BRISBANE,STAFFORD
4032,1,1 BR APARTMENT,19/02/2019,19/02/2019,19/02/2019,RGS,105,0,0,0,BRISBANE,STAFFORD
4032,1,1 BR APARTMENT,19/02/2019,6/03/2019,9/04/2019,RGS,105,15,34,49,BRISBANE,STAFFORD
4032,2,2 BR SENIOR UNIT,11/03/2019,11/03/2019,25/03/2019,SNR,105,0,14,14,BRISBANE,STAFFORD
4101,1,1 BR APARTMENT,2/08/2018,3/08/2018,3/08/2018,RGS,108,1,0,1,BRISBANE,SOUTH BRISBANE
4101,2,2 BR APARTMENT,24/10/2018,14/11/2018,16/11/2018,RGS,108,21,2,23,BRISBANE,SOUTH BRISBANE
4101,2,2 BR APARTMENT,5/02/2019,5/02/2019,5/02/2019,RGS,108,0,0,0,BRISBANE,SOUTH BRISBANE
4101,2,2 BR APARTMENT,5/02/2019,8/03/2019,13/03/2019,RGS,108,31,5,36,BRISBANE,SOUTH BRISBANE
4101,1,1 BR APARTMENT,20/03/2019,3/04/2019,5/04/2019,RGS,108,14,2,16,BRISBANE,SOUTH BRISBANE
4077,2,2 BR APARTMENT,8/01/2019,8/01/2019,1/02/2019,RGS,104,0,24,24,BRISBANE,INALA
4077,2,2 BR APARTMENT,8/01/2019,8/01/2019,23/01/2019,RGS,104,0,15,15,BRISBANE,INALA
4077,2,2 BR APARTMENT,8/01/2019,8/01/2019,18/01/2019,RGS,104,0,10,10,BRISBANE,INALA
4077,2,2 BR APARTMENT,8/01/2019,8/01/2019,7/02/2019,RGS,104,0,30,30,BRISBANE,INALA
4077,2,2 BR APARTMENT,8/01/2019,8/01/2019,15/01/2019,RGS,104,0,7,7,BRISBANE,INALA
4077,2,2 BR APARTMENT,8/01/2019,8/01/2019,14/01/2019,RGS,104,0,6,6,BRISBANE,INALA
4077,2,2 BR APARTMENT,8/01/2019,8/01/2019,18/01/2019,RGS,104,0,10,10,BRISBANE,INALA
4107,3,3 BR DETACHED HOUSE,17/01/2019,4/02/2019,6/02/2019,RGS,107,18,2,20,BRISBANE,TOOHEY
4122,3,3 BR DETACHED HOUSE,27/11/2018,27/11/2018,27/11/2018,RGS,107,0,0,0,BRISBANE,MANSFIELD
4122,2,2 BR DETACHED HOUSE,25/02/2019,12/03/2019,15/03/2019,RGS,107,15,3,18,BRISBANE,MANSFIELD
4152,2,2 BR APARTMENT,28/02/2019,2/04/2019,3/04/2019,RGS,109,33,1,34,BRISBANE,CHATSWORTH
4102,2,2 BR APARTMENT,29/06/2018,18/07/2018,25/07/2018,RGS,107,19,7,26,BRISBANE,SOUTH BRISBANE
4102,2,2 BR APARTMENT,7/09/2018,4/10/2018,17/10/2018,RGS,107,27,13,40,BRISBANE,SOUTH BRISBANE
4178,2,2 BR ATTACHED HOUSING,14/08/2018,31/08/2018,3/09/2018,RGS,109,17,3,20,BRISBANE,LYTTON
4103,2,2 BR APARTMENT,14/02/2019,12/03/2019,13/03/2019,RGS,107,26,1,27,BRISBANE,MILLER
4108,3,3 BR DETACHED HOUSE,16/01/2019,21/01/2019,4/02/2019,RGS,107,5,14,19,BRISBANE,TOOHEY
4109,4,4 BR DETACHED HOUSE,14/02/2019,18/02/2019,25/02/2019,RGS,107,4,7,11,BRISBANE,STRETTON
4108,3,3 BR DETACHED HOUSE,16/01/2019,21/01/2019,21/01/2019,RGS,107,5,0,5,BRISBANE,TOOHEY
4178,2,2 BR ATTACHED HOUSING,2/07/2018,26/07/2018,26/07/2018,RGS,109,24,0,24,BRISBANE,LYTTON
4113,3,3 BR DETACHED HOUSE,14/02/2019,15/02/2019,19/02/2019,RGS,107,1,4,5,BRISBANE,TOOHEY
4054,3,3 BR DETACHED HOUSE,17/04/2018,23/07/2018,26/07/2018,RGS,108,97,3,100,BRISBANE,FERNY GROVE
4179,3,3 BR DETACHED HOUSE,20/05/2019,5/06/2019,10/06/2019,RGS,109,16,5,21,BRISBANE,LYTTON
4152,2,2 BR APARTMENT,22/06/2018,16/07/2018,30/07/2018,RGS,109,24,14,38,BRISBANE,CHATSWORTH
4152,1,1 BR APARTMENT,5/06/2019,18/06/2019,27/06/2019,RGS,109,13,9,22,BRISBANE,CHATSWORTH
4034,3,3 BR DETACHED HOUSE,28/08/2018,25/09/2018,17/10/2018,RGS,105,28,22,50,BRISBANE,NUDGEE
4051,2,2 BR APARTMENT,2/04/2019,16/04/2019,24/05/2019,RGS,108,14,38,52,BRISBANE,STAFFORD
4051,1,1 BR APARTMENT,15/10/2018,29/10/2018,1/11/2018,RGS,108,14,3,17,BRISBANE,STAFFORD
4051,2,2 BR APARTMENT,26/06/2018,10/07/2018,12/07/2018,RGS,108,14,2,16,BRISBANE,STAFFORD
4053,1,1 BR SENIOR UNIT,4/01/2019,18/01/2019,22/02/2019,SNR,105,14,35,49,BRISBANE,EVERTON
4059,2,2 BR APARTMENT,12/11/2018,4/12/2018,20/12/2018,RGS,108,22,16,38,BRISBANE,MCCONNEL
4178,3,3 BR DETACHED HOUSE,23/07/2018,21/08/2018,27/08/2018,RGS,109,29,6,35,BRISBANE,LYTTON
4169,2,2 BR APARTMENT,22/08/2018,7/09/2018,11/09/2018,RGS,108,16,4,20,BRISBANE,SOUTH BRISBANE
4169,2,2 BR APARTMENT,11/01/2019,5/02/2019,1/03/2019,RGS,108,25,24,49,BRISBANE,SOUTH BRISBANE
4034,3,3 BR DETACHED HOUSE,21/05/2019,7/06/2019,12/06/2019,RGS,105,17,5,22,BRISBANE,ASPLEY
4178,2,2 BR DETACHED HOUSE,30/04/2019,29/05/2019,7/06/2019,RGS,109,29,9,38,BRISBANE,LYTTON
4169,1,1 BR APARTMENT,11/06/2018,2/07/2018,3/07/2018,RGS,108,21,1,22,BRISBANE,SOUTH BRISBANE
4169,2,2 BR APARTMENT,6/08/2018,13/08/2018,20/08/2018,RGS,108,7,7,14,BRISBANE,SOUTH BRISBANE
4030,1,1 BR APARTMENT,15/01/2019,4/03/2019,4/03/2019,RGS,108,48,0,48,BRISBANE,CLAYFIELD
4030,1,1 BR APARTMENT,16/01/2019,31/01/2019,13/02/2019,RGS,108,15,13,28,BRISBANE,CLAYFIELD
4030,1,1 BR APARTMENT,20/06/2018,29/06/2018,10/07/2018,RGS,108,9,11,20,BRISBANE,CLAYFIELD
4169,2,2 BR APARTMENT,23/04/2019,10/05/2019,24/05/2019,RGS,108,17,14,31,BRISBANE,SOUTH BRISBANE
4109,2,2 BR APARTMENT,20/06/2018,18/07/2018,3/08/2018,RGS,107,28,16,44,BRISBANE,TOOHEY
4179,3,3 BR DETACHED HOUSE,8/04/2019,8/05/2019,9/05/2019,RGS,109,30,1,31,BRISBANE,LYTTON
4068,2,2 BR APARTMENT,2/10/2018,24/10/2018,8/11/2018,RGS,108,22,15,37,BRISBANE,MAIWAR
4068,1,1 BR APARTMENT,26/06/2018,10/07/2018,16/07/2018,RGS,108,14,6,20,BRISBANE,MAIWAR
4007,1,1 BR APARTMENT,8/03/2019,21/03/2019,22/03/2019,RGS,108,13,1,14,BRISBANE,CLAYFIELD
4173,2,2 BR APARTMENT,11/04/2019,10/05/2019,16/05/2019,RGS,109,29,6,35,BRISBANE,LYTTON
4051,2,2 BR APARTMENT,24/10/2018,8/11/2018,20/11/2018,RGS,108,15,12,27,BRISBANE,FERNY GROVE
4051,2,2 BR APARTMENT,13/05/2019,13/05/2019,13/05/2019,RGS,108,0,0,0,BRISBANE,FERNY GROVE
4051,2,2 BR APARTMENT,25/09/2018,16/10/2018,7/11/2018,RGS,108,21,22,43,BRISBANE,FERNY GROVE
4030,2,2 BR APARTMENT,21/08/2018,4/09/2018,5/09/2018,RGS,108,14,1,15,BRISBANE,CLAYFIELD
4051,2,2 BR APARTMENT,7/09/2018,24/09/2018,24/09/2018,RGS,108,17,0,17,BRISBANE,STAFFORD
4170,2,2 BR APARTMENT,11/03/2019,28/03/2019,17/04/2019,RGS,109,17,20,37,BRISBANE,BULIMBA
4034,2,2 BR APARTMENT,28/02/2019,4/03/2019,4/03/2019,RGS,105,4,0,4,BRISBANE,NUDGEE
4103,2,2 BR APARTMENT,29/06/2018,18/07/2018,30/07/2018,RGS,107,19,12,31,BRISBANE,MILLER
4012,2,2 BR APARTMENT,21/09/2018,5/10/2018,9/11/2018,RGS,105,14,35,49,BRISBANE,NUDGEE
4012,2,2 BR APARTMENT,6/09/2018,6/09/2018,6/09/2018,RGS,105,0,0,0,BRISBANE,NUDGEE
4171,2,2 BR APARTMENT,2/04/2019,15/04/2019,1/05/2019,RGS,109,13,16,29,BRISBANE,BULIMBA
4171,2,2 BR APARTMENT,22/05/2019,27/06/2019,28/06/2019,RGS,109,36,1,37,BRISBANE,BULIMBA
4113,4,4 BR DETACHED HOUSE,3/05/2018,14/06/2018,5/07/2018,AHG,107,42,21,63,BRISBANE,STRETTON
4152,3,3 BR DETACHED HOUSE,15/03/2019,28/03/2019,4/04/2019,AHG,107,13,7,20,BRISBANE,CHATSWORTH
4122,3,3 BR DETACHED HOUSE,27/08/2018,28/08/2018,28/08/2018,AHG,107,1,0,1,BRISBANE,MANSFIELD
4179,3,3 BR DETACHED HOUSE,18/06/2018,3/07/2018,5/07/2018,AHG,109,15,2,17,BRISBANE,LYTTON
4113,3,3 BR DETACHED HOUSE,1/04/2019,1/04/2019,1/04/2019,AHG,107,0,0,0,BRISBANE,STRETTON
4017,2,2 BR DETACHED HOUSE,29/05/2019,29/05/2019,29/05/2019,AHG,105,0,0,0,BRISBANE,SANDGATE
4034,3,3 BR DETACHED HOUSE,20/03/2019,4/04/2019,18/04/2019,RGS,105,15,14,29,BRISBANE,NUDGEE
4078,3,3 BR DETACHED HOUSE,3/09/2018,4/09/2018,7/09/2018,RGS,104,1,3,4,BRISBANE,INALA
4032,2,2 BR ATTACHED HOUSING,5/12/2018,6/12/2018,10/12/2018,RGS,105,1,4,5,BRISBANE,STAFFORD
4053,2,2 BR APARTMENT,8/08/2018,5/09/2018,2/10/2018,RGS,105,28,27,55,BRISBANE,EVERTON
4051,2,2 BR APARTMENT,9/01/2019,22/01/2019,25/01/2019,RGS,108,13,3,16,BRISBANE,STAFFORD
4051,2,2 BR APARTMENT,24/12/2018,23/01/2019,5/02/2019,RGS,108,30,13,43,BRISBANE,EVERTON
4032,2,2 BR APARTMENT,15/04/2019,3/05/2019,22/05/2019,RGS,105,18,19,37,BRISBANE,STAFFORD
4018,2,2 BR DETACHED HOUSE,25/02/2019,13/03/2019,29/03/2019,RGS,105,16,16,32,BRISBANE,SANDGATE
4115,4,4 BR DETACHED HOUSE,14/02/2019,8/03/2019,22/03/2019,RGS,104,22,14,36,BRISBANE,ALGESTER
4115,3,3 BR DETACHED HOUSE,13/02/2019,20/02/2019,1/03/2019,RGS,104,7,9,16,BRISBANE,ALGESTER
4078,4,4 BR DETACHED HOUSE,14/02/2019,4/03/2019,27/03/2019,RGS,104,18,23,41,BRISBANE,INALA
4116,4,4 BR DETACHED HOUSE,14/02/2019,8/03/2019,25/03/2019,RGS,104,22,17,39,BRISBANE,STRETTON
4078,4,4 BR DETACHED HOUSE,14/02/2019,8/03/2019,19/03/2019,RGS,104,22,11,33,BRISBANE,INALA
4078,3,3 BR DETACHED HOUSE,14/02/2019,8/03/2019,14/03/2019,RGS,104,22,6,28,BRISBANE,INALA
4116,4,4 BR DETACHED HOUSE,14/02/2019,20/02/2019,21/02/2019,RGS,104,6,1,7,BRISBANE,ALGESTER
4116,4,4 BR DETACHED HOUSE,14/02/2019,4/03/2019,6/03/2019,RGS,104,18,2,20,BRISBANE,STRETTON
4116,3,3 BR DETACHED HOUSE,14/02/2019,28/02/2019,28/02/2019,RGS,104,14,0,14,BRISBANE,ALGESTER
4116,4,4 BR DETACHED HOUSE,14/02/2019,8/03/2019,20/03/2019,RGS,104,22,12,34,BRISBANE,STRETTON
4116,4,4 BR DETACHED HOUSE,7/03/2019,8/03/2019,15/03/2019,RGS,104,1,7,8,BRISBANE,STRETTON
4116,4,4 BR DETACHED HOUSE,14/02/2019,4/03/2019,7/03/2019,RGS,104,18,3,21,BRISBANE,STRETTON
4116,4,4 BR DETACHED HOUSE,14/02/2019,20/02/2019,21/02/2019,RGS,104,6,1,7,BRISBANE,STRETTON
4116,3,3 BR DETACHED HOUSE,14/02/2019,1/03/2019,1/03/2019,RGS,104,15,0,15,BRISBANE,STRETTON
4101,1,1 BR SENIOR UNIT,23/01/2019,7/02/2019,8/02/2019,AHS,108,15,1,16,BRISBANE,SOUTH BRISBANE
4861,3,3 BR DETACHED HOUSE,28/09/2018,16/10/2018,26/10/2018,RGS,202,18,10,28,CAIRNS,HILL
4861,3,3 BR DETACHED HOUSE,21/03/2019,3/04/2019,24/04/2019,RGS,202,13,21,34,CAIRNS,HILL
4861,3,3 BR DETACHED HOUSE,5/02/2019,15/02/2019,25/02/2019,RGS,202,10,10,20,CAIRNS,HILL
4725,3,3 BR DETACHED HOUSE,25/03/2019,8/05/2019,21/06/2019,RGS,211,44,44,88,BARCALDINE,GREGORY
4725,2,2 BR DETACHED HOUSE,20/03/2018,28/06/2018,31/01/2019,RGS,211,100,217,317,BARCALDINE,GREGORY
4725,2,2 BR DETACHED HOUSE,20/11/2018,7/12/2018,29/01/2019,RGS,211,17,53,70,BARCALDINE,GREGORY
4725,1,1 BR SENIOR UNIT,20/11/2018,4/01/2019,9/01/2019,SNR,211,45,5,50,BARCALDINE,GREGORY
4304,3,3 BR DETACHED HOUSE,26/09/2018,25/10/2018,25/10/2018,RGS,102,29,0,29,IPSWICH,BUNDAMBA
4304,3,3 BR DETACHED HOUSE,11/02/2019,21/02/2019,19/03/2019,RGS,102,10,26,36,IPSWICH,BUNDAMBA
4304,3,3 BR DETACHED HOUSE,25/10/2018,14/11/2018,26/11/2018,RGS,102,20,12,32,IPSWICH,BUNDAMBA
4304,3,3 BR DETACHED HOUSE,14/11/2018,21/11/2018,29/11/2018,RGS,102,7,8,15,IPSWICH,BUNDAMBA
4304,3,3 BR DETACHED HOUSE,29/03/2019,9/04/2019,16/04/2019,RGS,102,11,7,18,IPSWICH,BUNDAMBA
4304,3,3 BR DETACHED HOUSE,29/10/2018,20/11/2018,26/11/2018,RGS,102,22,6,28,IPSWICH,BUNDAMBA
4304,3,3 BR DETACHED HOUSE,5/04/2019,1/05/2019,21/06/2019,RGS,102,26,51,77,IPSWICH,BUNDAMBA
4304,3,3 BR DETACHED HOUSE,19/11/2018,7/12/2018,21/12/2018,RGS,102,18,14,32,IPSWICH,BUNDAMBA
4304,3,3 BR DETACHED HOUSE,23/07/2018,1/08/2018,20/08/2018,RGS,102,9,19,28,IPSWICH,BUNDAMBA
4304,2,2 BR DUPLEX,9/10/2018,25/10/2018,23/01/2019,RGS,102,16,90,106,IPSWICH,BUNDAMBA
4304,3,3 BR DETACHED HOUSE,3/10/2018,30/10/2018,6/12/2018,AHG,102,27,37,64,IPSWICH,BUNDAMBA
4304,4,4 BR DETACHED HOUSE,13/11/2018,14/12/2018,17/12/2018,RGS,102,31,3,34,IPSWICH,BUNDAMBA
4670,1,1 BR SENIOR UNIT,20/05/2019,24/05/2019,3/06/2019,SNR,208,4,10,14,BUNDABERG,BUNDABERG
4670,1,1 BR SENIOR UNIT,26/03/2019,3/04/2019,5/04/2019,SNR,208,8,2,10,BUNDABERG,BUNDABERG
4670,3,3 BR DETACHED HOUSE,18/02/2019,28/02/2019,1/03/2019,RGS,208,10,1,11,BUNDABERG,BUNDABERG
4670,3,3 BR DETACHED HOUSE,17/10/2018,26/10/2018,29/10/2018,RGS,208,9,3,12,BUNDABERG,BUNDABERG
4670,2,2 BR DUPLEX,7/08/2018,17/08/2018,4/09/2018,RGS,208,10,18,28,BUNDABERG,BUNDABERG
4670,3,3 BR DETACHED HOUSE,11/02/2019,25/02/2019,26/02/2019,AHG,208,14,1,15,BUNDABERG,BUNDABERG
4670,3,3 BR DETACHED HOUSE,26/10/2018,5/11/2018,6/11/2018,RGS,208,10,1,11,BUNDABERG,BUNDABERG
4670,2,2 BR DUPLEX,29/04/2019,8/05/2019,9/05/2019,RGS,208,9,1,10,BUNDABERG,BUNDABERG
4670,2,2 BR DUPLEX,25/02/2019,26/02/2019,26/02/2019,RGS,208,1,0,1,BUNDABERG,BUNDABERG
4670,2,2 BR DUPLEX,27/02/2019,8/03/2019,14/03/2019,RGS,208,9,6,15,BUNDABERG,BUNDABERG
4670,2,2 BR ATTACHED HOUSING,1/04/2019,8/04/2019,12/04/2019,RGS,208,7,4,11,BUNDABERG,BUNDABERG
4670,1,1 BR APARTMENT,10/01/2019,18/01/2019,21/01/2019,RGS,208,8,3,11,BUNDABERG,BUNDABERG
4670,1,1 BR APARTMENT,2/05/2019,8/05/2019,10/05/2019,RGS,208,6,2,8,BUNDABERG,BUNDABERG
4670,2,2 BR DETACHED HOUSE,14/06/2018,26/06/2018,6/07/2018,RGS,208,12,10,22,BUNDABERG,BUNDABERG
4670,1,1 BR SENIOR UNIT,15/02/2019,1/03/2019,6/03/2019,SNR,208,14,5,19,BUNDABERG,BUNDABERG
4670,1,1 BR SENIOR UNIT,23/08/2018,31/08/2018,12/09/2018,SNR,208,8,12,20,BUNDABERG,BUNDABERG
4670,1,1 BR SENIOR UNIT,18/06/2019,24/06/2019,24/06/2019,SNR,208,6,0,6,BUNDABERG,BUNDABERG
4670,1,1 BR SENIOR UNIT,14/05/2019,22/05/2019,22/05/2019,SNR,208,8,0,8,BUNDABERG,BUNDABERG
4670,2,2 BR DUPLEX,1/02/2019,12/02/2019,13/02/2019,RGS,208,11,1,12,BUNDABERG,BUNDABERG
4670,2,2 BR DUPLEX,9/04/2019,11/04/2019,12/04/2019,RGS,208,2,1,3,BUNDABERG,BUNDABERG
4670,4,4 BR DETACHED HOUSE,7/02/2019,15/02/2019,21/02/2019,RGS,208,8,6,14,BUNDABERG,BUNDABERG
4670,2,2 BR DUPLEX,11/03/2019,17/04/2019,23/04/2019,RGS,208,37,6,43,BUNDABERG,BUNDABERG
4670,2,2 BR DUPLEX,29/05/2019,6/06/2019,7/06/2019,RGS,208,8,1,9,BUNDABERG,BUNDABERG
4670,1,1 BR SENIOR UNIT,12/03/2019,21/03/2019,26/03/2019,SNR,208,9,5,14,BUNDABERG,BUNDABERG
4670,1,1 BR SENIOR UNIT,1/02/2019,6/02/2019,19/02/2019,SNR,208,5,13,18,BUNDABERG,BUNDABERG
4670,1,1 BR SENIOR UNIT,15/10/2018,19/10/2018,22/10/2018,SNR,208,4,3,7,BUNDABERG,BUNDABERG
4670,1,1 BR SENIOR UNIT,2/01/2019,11/01/2019,14/01/2019,SNR,208,9,3,12,BUNDABERG,BUNDABERG
4670,1,1 BR SENIOR UNIT,29/11/2018,7/12/2018,7/12/2018,SNR,208,8,0,8,BUNDABERG,BUNDABERG
4670,1,1 BR SENIOR UNIT,5/03/2019,12/03/2019,15/03/2019,SNR,208,7,3,10,BUNDABERG,BUNDABERG
4670,2,2 BR ATTACHED HOUSING,3/12/2018,7/12/2018,13/12/2018,RGS,208,4,6,10,BUNDABERG,BUNDABERG
4670,2,2 BR ATTACHED HOUSING,4/02/2019,11/02/2019,11/02/2019,RGS,208,7,0,7,BUNDABERG,BUNDABERG
4670,2,2 BR ATTACHED HOUSING,15/04/2019,26/04/2019,26/04/2019,RGS,208,11,0,11,BUNDABERG,BUNDABERG
4670,2,2 BR ATTACHED HOUSING,17/06/2019,24/06/2019,25/06/2019,RGS,208,7,1,8,BUNDABERG,BUNDABERG
4670,2,2 BR ATTACHED HOUSING,21/12/2018,7/01/2019,8/01/2019,RGS,208,17,1,18,BUNDABERG,BUNDABERG
4670,2,2 BR DUPLEX,24/07/2018,2/08/2018,20/08/2018,RGS,208,9,18,27,BUNDABERG,BUNDABERG
4670,2,2 BR DUPLEX,25/06/2019,28/06/2019,28/06/2019,RGS,208,3,0,3,BUNDABERG,BUNDABERG
4670,5,5 BR DETACHED HOUSE,13/11/2018,26/11/2018,26/11/2018,RGS,208,13,0,13,BUNDABERG,BUNDABERG
4670,3,3 BR DETACHED HOUSE,6/03/2019,1/04/2019,4/04/2019,RGS,208,26,3,29,BUNDABERG,BUNDABERG
4670,3,3 BR DETACHED HOUSE,24/07/2018,2/08/2018,8/08/2018,RGS,208,9,6,15,BUNDABERG,BUNDABERG
4670,3,3 BR DETACHED HOUSE,23/07/2018,24/07/2018,24/07/2018,RGS,208,1,0,1,BUNDABERG,BUNDABERG
4670,3,3 BR DETACHED HOUSE,22/10/2018,5/11/2018,5/11/2018,RGS,208,14,0,14,BUNDABERG,BUNDABERG
4670,1,1 BR SENIOR UNIT,28/06/2018,4/07/2018,10/07/2018,SNR,208,6,6,12,BUNDABERG,BUNDABERG
4670,1,1 BR SENIOR UNIT,29/08/2018,6/09/2018,19/09/2018,SNR,208,8,13,21,BUNDABERG,BUNDABERG
4670,2,2 BR CLUSTER HOUSING,28/08/2018,6/09/2018,10/09/2018,RGS,208,9,4,13,BUNDABERG,BUNDABERG
4670,3,3 BR DETACHED HOUSE,15/11/2018,22/11/2018,23/11/2018,RGS,208,7,1,8,BUNDABERG,BUNDABERG
4670,3,3 BR DETACHED HOUSE,18/04/2019,10/05/2019,14/05/2019,RGS,208,22,4,26,BUNDABERG,BUNDABERG
4670,3,3 BR ATTACHED HOUSING,29/10/2018,7/11/2018,9/11/2018,RGS,208,9,2,11,BUNDABERG,BUNDABERG
4670,3,3 BR ATTACHED HOUSING,27/05/2019,5/06/2019,5/06/2019,RGS,208,9,0,9,BUNDABERG,BUNDABERG
4670,2,2 BR ATTACHED HOUSING,25/02/2019,6/03/2019,15/03/2019,RGS,208,9,9,18,BUNDABERG,BUNDABERG
4670,3,3 BR ATTACHED HOUSING,27/02/2019,6/03/2019,12/03/2019,RGS,208,7,6,13,BUNDABERG,BUNDABERG
4670,3,3 BR ATTACHED HOUSING,31/07/2018,8/08/2018,29/08/2018,RGS,208,8,21,29,BUNDABERG,BUNDABERG
4670,2,2 BR ATTACHED HOUSING,21/11/2018,4/12/2018,11/12/2018,RGS,208,13,7,20,BUNDABERG,BUNDABERG
4670,2,2 BR ATTACHED HOUSING,15/03/2019,26/03/2019,27/03/2019,RGS,208,11,1,12,BUNDABERG,BUNDABERG
4670,3,3 BR ATTACHED HOUSING,9/01/2019,17/01/2019,18/01/2019,RGS,208,8,1,9,BUNDABERG,BUNDABERG
4670,2,2 BR ATTACHED HOUSING,5/03/2019,14/03/2019,22/03/2019,RGS,208,9,8,17,BUNDABERG,BUNDABERG
4670,1,1 BR SENIOR UNIT,24/01/2019,31/01/2019,1/02/2019,SNR,208,7,1,8,BUNDABERG,BUNDABERG
4670,1,1 BR SENIOR UNIT,26/11/2018,5/12/2018,6/12/2018,SNR,208,9,1,10,BUNDABERG,BUNDABERG
4670,1,1 BR SENIOR UNIT,18/04/2019,24/04/2019,29/04/2019,SNR,208,6,5,11,BUNDABERG,BUNDABERG
4670,1,1 BR SENIOR UNIT,4/02/2019,7/02/2019,18/02/2019,SNR,208,3,11,14,BUNDABERG,BUNDABERG
4670,1,1 BR SENIOR UNIT,29/04/2019,7/05/2019,10/05/2019,SNR,208,8,3,11,BUNDABERG,BUNDABERG
4670,2,2 BR ATTACHED HOUSING,24/09/2018,8/10/2018,8/10/2018,RGS,208,14,0,14,BUNDABERG,BUNDABERG
4670,3,3 BR ATTACHED HOUSING,28/03/2019,29/03/2019,29/03/2019,RGS,208,1,0,1,BUNDABERG,BUNDABERG
4670,3,3 BR ATTACHED HOUSING,11/03/2019,20/03/2019,25/03/2019,RGS,208,9,5,14,BUNDABERG,BUNDABERG
4670,1,1 BR SENIOR UNIT,11/09/2018,19/09/2018,19/09/2018,SNR,208,8,0,8,BUNDABERG,BUNDABERG
4670,1,1 BR SENIOR UNIT,19/09/2018,28/09/2018,3/10/2018,SNR,208,9,5,14,BUNDABERG,BUNDABERG
4670,1,1 BR APARTMENT,20/02/2019,17/04/2019,18/04/2019,RGS,208,56,1,57,BUNDABERG,BUNDABERG
4670,3,3 BR DETACHED HOUSE,22/03/2019,25/03/2019,25/03/2019,RGS,208,3,0,3,BUNDABERG,BURNETT
4670,5,5 BR DETACHED HOUSE,13/06/2018,11/07/2018,18/07/2018,RGS,208,28,7,35,BUNDABERG,BUNDABERG
4670,2,2 BR ATTACHED HOUSING,10/08/2018,17/08/2018,3/09/2018,RGS,208,7,17,24,BUNDABERG,BUNDABERG
4670,2,2 BR ATTACHED HOUSING,14/01/2019,22/01/2019,25/01/2019,RGS,208,8,3,11,BUNDABERG,BUNDABERG
4670,1,1 BR SENIOR UNIT,20/03/2019,26/03/2019,28/03/2019,SNR,208,6,2,8,BUNDABERG,BUNDABERG
4670,1,1 BR SENIOR UNIT,6/03/2019,14/03/2019,19/03/2019,SNR,208,8,5,13,BUNDABERG,BUNDABERG
4670,1,1 BR SENIOR UNIT,27/05/2019,4/06/2019,6/06/2019,SNR,208,8,2,10,BUNDABERG,BUNDABERG
4670,4,4 BR DETACHED HOUSE,16/08/2018,17/08/2018,21/08/2018,RGS,208,1,4,5,BUNDABERG,BURNETT
4670,1,1 BR SENIOR UNIT,5/11/2018,13/11/2018,16/11/2018,SNR,208,8,3,11,BUNDABERG,BUNDABERG
4670,1,1 BR SENIOR UNIT,21/01/2019,24/01/2019,29/01/2019,SNR,208,3,5,8,BUNDABERG,BUNDABERG
4670,2,2 BR CLUSTER HOUSING,10/09/2018,20/09/2018,25/09/2018,RGS,208,10,5,15,BUNDABERG,BUNDABERG
4670,2,2 BR DETACHED HOUSE,15/01/2019,22/01/2019,31/01/2019,RGS,208,7,9,16,BUNDABERG,BUNDABERG
4670,2,2 BR APARTMENT,15/06/2018,29/06/2018,23/07/2018,RGS,208,14,24,38,BUNDABERG,BUNDABERG
4670,2,2 BR CLUSTER HOUSING,17/09/2018,28/09/2018,2/10/2018,RGS,208,11,4,15,BUNDABERG,BUNDABERG
4670,2,2 BR CLUSTER HOUSING,15/02/2019,21/02/2019,25/02/2019,RGS,208,6,4,10,BUNDABERG,BUNDABERG
4670,2,2 BR APARTMENT,5/07/2018,13/07/2018,19/07/2018,RGS,208,8,6,14,BUNDABERG,BUNDABERG
4670,2,2 BR APARTMENT,14/11/2018,30/11/2018,4/12/2018,RGS,208,16,4,20,BUNDABERG,BUNDABERG
4670,2,2 BR APARTMENT,14/06/2018,20/06/2018,6/07/2018,RGS,208,6,16,22,BUNDABERG,BUNDABERG
4670,2,2 BR APARTMENT,27/07/2018,6/08/2018,24/08/2018,RGS,208,10,18,28,BUNDABERG,BUNDABERG
4670,2,2 BR APARTMENT,27/03/2019,3/04/2019,4/04/2019,RGS,208,7,1,8,BUNDABERG,BUNDABERG
4670,1,1 BR APARTMENT,10/01/2019,18/01/2019,21/01/2019,RGS,208,8,3,11,BUNDABERG,BUNDABERG
4670,1,1 BR APARTMENT,9/10/2018,16/10/2018,17/10/2018,RGS,208,7,1,8,BUNDABERG,BUNDABERG
4670,2,2 BR CLUSTER HOUSING,4/06/2019,20/06/2019,25/06/2019,RGS,208,16,5,21,BUNDABERG,BUNDABERG
4670,2,2 BR DUAL OCCUPANCY,11/06/2018,20/06/2018,4/07/2018,AHG,208,9,14,23,BUNDABERG,BUNDABERG
4670,2,2 BR DUPLEX,25/02/2019,18/03/2019,19/03/2019,RGS,208,21,1,22,BUNDABERG,BUNDABERG
4670,2,2 BR DUPLEX,29/10/2018,13/11/2018,14/11/2018,RGS,208,15,1,16,BUNDABERG,BUNDABERG
4670,2,2 BR DUPLEX,28/09/2018,9/10/2018,9/10/2018,RGS,208,11,0,11,BUNDABERG,BUNDABERG
4670,2,2 BR DUPLEX,26/06/2018,16/07/2018,16/07/2018,RGS,208,20,0,20,BUNDABERG,BUNDABERG
4670,2,2 BR DUPLEX,12/04/2019,15/04/2019,15/04/2019,RGS,208,3,0,3,BUNDABERG,BUNDABERG
4670,2,2 BR DUPLEX,2/04/2019,5/04/2019,10/04/2019,RGS,208,3,5,8,BUNDABERG,BUNDABERG
4670,2,2 BR DUPLEX,11/06/2019,21/06/2019,24/06/2019,RGS,208,10,3,13,BUNDABERG,BUNDABERG
4670,1,1 BR APARTMENT,2/01/2019,11/01/2019,11/01/2019,RGS,208,9,0,9,BUNDABERG,BUNDABERG
4670,1,1 BR APARTMENT,27/07/2018,6/08/2018,15/08/2018,RGS,208,10,9,19,BUNDABERG,BUNDABERG
4670,3,3 BR DETACHED HOUSE,22/05/2019,23/05/2019,24/05/2019,RGS,208,1,1,2,BUNDABERG,BUNDABERG
4670,3,3 BR DETACHED HOUSE,14/12/2018,2/01/2019,2/01/2019,AHG,208,19,0,19,BUNDABERG,BUNDABERG
4670,2,2 BR DUAL OCCUPANCY,1/02/2019,8/02/2019,12/02/2019,AHG,208,7,4,11,BUNDABERG,BUNDABERG
4670,4,4 BR DETACHED HOUSE,5/12/2018,20/12/2018,2/01/2019,AHG,208,15,13,28,BUNDABERG,BUNDABERG
4670,4,4 BR DETACHED HOUSE,7/01/2019,9/01/2019,10/01/2019,AHG,208,2,1,3,BUNDABERG,BUNDABERG
4670,3,3 BR DETACHED HOUSE,21/12/2018,11/01/2019,16/01/2019,AHG,208,21,5,26,BUNDABERG,BUNDABERG
4670,3,3 BR DETACHED HOUSE,19/06/2019,27/06/2019,28/06/2019,AHG,208,8,1,9,BUNDABERG,BUNDABERG
4670,4,4 BR DETACHED HOUSE,29/11/2018,30/11/2018,30/11/2018,RGS,208,1,0,1,BUNDABERG,BUNDABERG
4575,1,1 BR SENIOR UNIT,8/02/2019,15/02/2019,6/03/2019,SNR,205,7,19,26,SUNSHINE COAST,KAWANA
4575,1,1 BR APARTMENT,27/05/2019,3/06/2019,17/06/2019,RGS,205,7,14,21,SUNSHINE COAST,KAWANA
4285,2,2 BR DETACHED HOUSE,16/08/2018,11/09/2018,14/09/2018,RGS,102,26,3,29,SCENIC RIM,SCENIC RIM
4285,3,3 BR DETACHED HOUSE,26/11/2018,7/12/2018,11/12/2018,RGS,102,11,4,15,SCENIC RIM,SCENIC RIM
4285,1,1 BR SENIOR UNIT,6/08/2018,21/08/2018,29/08/2018,SNR,102,15,8,23,SCENIC RIM,SCENIC RIM
4285,1,1 BR SENIOR UNIT,5/07/2018,19/07/2018,23/07/2018,SNR,102,14,4,18,SCENIC RIM,SCENIC RIM
4285,3,3 BR DETACHED HOUSE,18/07/2018,14/08/2018,30/08/2018,RGS,102,27,16,43,SCENIC RIM,SCENIC RIM
4285,3,3 BR DETACHED HOUSE,25/10/2018,19/11/2018,23/11/2018,RGS,102,25,4,29,SCENIC RIM,SCENIC RIM
4285,3,3 BR DETACHED HOUSE,25/02/2019,8/03/2019,2/04/2019,RGS,102,11,25,36,SCENIC RIM,SCENIC RIM
4285,3,3 BR DETACHED HOUSE,10/07/2018,14/08/2018,17/08/2018,RGS,102,35,3,38,SCENIC RIM,SCENIC RIM
4285,3,3 BR ATTACHED HOUSING,31/08/2018,7/09/2018,18/09/2018,RGS,102,7,11,18,SCENIC RIM,SCENIC RIM
4285,1,1 BR APARTMENT,10/06/2019,19/06/2019,24/06/2019,RGS,102,9,5,14,SCENIC RIM,SCENIC RIM
4285,3,3 BR DETACHED HOUSE,20/11/2018,3/12/2018,2/01/2019,RGS,102,13,30,43,SCENIC RIM,SCENIC RIM
4285,4,4 BR DETACHED HOUSE,3/01/2019,5/02/2019,6/02/2019,RGS,102,33,1,34,SCENIC RIM,SCENIC RIM
4285,2,2 BR APARTMENT,13/12/2018,18/12/2018,21/12/2018,RGS,102,5,3,8,SCENIC RIM,SCENIC RIM
4285,2,2 BR APARTMENT,14/01/2019,16/01/2019,1/02/2019,RGS,102,2,16,18,SCENIC RIM,SCENIC RIM
4285,2,2 BR APARTMENT,2/01/2019,14/01/2019,14/01/2019,RGS,102,12,0,12,SCENIC RIM,SCENIC RIM
4285,3,3 BR DETACHED HOUSE,19/11/2018,3/12/2018,4/12/2018,RGS,102,14,1,15,SCENIC RIM,SCENIC RIM
4285,1,1 BR SENIOR UNIT,18/03/2019,22/03/2019,26/03/2019,SNR,102,4,4,8,SCENIC RIM,SCENIC RIM
4510,3,3 BR DETACHED HOUSE,24/08/2018,7/09/2018,11/09/2018,RGS,103,14,4,18,MORETON BAY,PUMICESTONE
4205,3,3 BR DETACHED HOUSE,24/10/2018,20/11/2018,23/11/2018,RGS,101,27,3,30,LOGAN,WATERFORD
4205,3,3 BR DETACHED HOUSE,3/07/2018,19/07/2018,30/07/2018,RGS,101,16,11,27,LOGAN,WATERFORD
4205,3,3 BR DETACHED HOUSE,24/07/2018,7/08/2018,17/08/2018,RGS,101,14,10,24,LOGAN,WATERFORD
4205,3,3 BR DETACHED HOUSE,1/03/2019,4/03/2019,8/04/2019,RGS,101,3,35,38,LOGAN,WATERFORD
4205,4,4 BR DETACHED HOUSE,4/03/2019,19/03/2019,2/04/2019,RGS,101,15,14,29,LOGAN,WATERFORD
4205,2,2 BR DETACHED HOUSE,1/02/2019,14/02/2019,19/02/2019,RGS,101,13,5,18,LOGAN,WATERFORD
4205,3,3 BR DETACHED HOUSE,25/07/2018,14/08/2018,27/08/2018,AHG,101,20,13,33,LOGAN,WATERFORD
4670,3,3 BR DETACHED HOUSE,12/04/2019,3/05/2019,3/05/2019,RGS,208,21,0,21,BUNDABERG,BURNETT
4670,3,3 BR DETACHED HOUSE,19/11/2018,30/11/2018,4/12/2018,RGS,208,11,4,15,BUNDABERG,BURNETT
4670,4,4 BR DETACHED HOUSE,6/12/2018,17/12/2018,19/12/2018,RGS,208,11,2,13,BUNDABERG,BURNETT
4670,3,3 BR DETACHED HOUSE,25/02/2019,6/03/2019,8/03/2019,RGS,208,9,2,11,BUNDABERG,BURNETT
4670,2,2 BR DUPLEX,24/04/2019,3/05/2019,7/05/2019,RGS,208,9,4,13,BUNDABERG,BURNETT
4216,1,1 BR SENIOR UNIT,29/03/2019,5/04/2019,29/04/2019,SNR,204,7,24,31,GOLD COAST,BONNEY
4216,1,1 BR SENIOR UNIT,22/08/2018,4/09/2018,14/09/2018,SNR,204,13,10,23,GOLD COAST,BONNEY
4216,1,1 BR SENIOR UNIT,26/07/2018,2/08/2018,17/08/2018,SNR,204,7,15,22,GOLD COAST,BONNEY
4216,1,1 BR APARTMENT,2/05/2019,15/05/2019,4/06/2019,RGS,204,13,20,33,GOLD COAST,BONNEY
4216,1,1 BR SENIOR UNIT,3/07/2018,10/07/2018,12/07/2018,SNR,204,7,2,9,GOLD COAST,BROADWATER
4216,1,1 BR SENIOR UNIT,12/06/2018,22/06/2018,11/07/2018,SNR,204,10,19,29,GOLD COAST,BROADWATER
4216,2,2 BR ATTACHED HOUSING,28/02/2019,11/03/2019,16/04/2019,RGS,204,11,36,47,GOLD COAST,BONNEY
4621,3,3 BR DETACHED HOUSE,11/02/2019,20/02/2019,21/02/2019,RGS,208,9,1,10,NORTH BURNETT,CALLIDE
4621,2,2 BR DUPLEX,14/01/2019,23/01/2019,30/01/2019,RGS,208,9,7,16,NORTH BURNETT,CALLIDE
4159,3,3 BR DETACHED HOUSE,12/10/2018,31/10/2018,5/11/2018,RGS,106,19,5,24,REDLAND,OODGEROO
4159,3,3 BR DETACHED HOUSE,7/01/2019,5/02/2019,7/02/2019,RGS,106,29,2,31,REDLAND,OODGEROO
4159,3,3 BR DETACHED HOUSE,19/11/2018,10/12/2018,12/12/2018,RGS,106,21,2,23,REDLAND,OODGEROO
4159,1,1 BR SENIOR UNIT,15/06/2018,3/07/2018,16/07/2018,SNR,106,18,13,31,REDLAND,CAPALABA
4159,1,1 BR SENIOR UNIT,29/08/2018,18/09/2018,28/09/2018,SNR,106,20,10,30,REDLAND,CAPALABA
4159,1,1 BR SENIOR UNIT,14/08/2018,5/09/2018,13/09/2018,SNR,106,22,8,30,REDLAND,CAPALABA
4159,1,1 BR SENIOR UNIT,5/10/2018,19/10/2018,23/10/2018,SNR,106,14,4,18,REDLAND,CAPALABA
4159,2,2 BR DUPLEX,3/07/2018,25/07/2018,23/08/2018,RGS,106,22,29,51,REDLAND,CAPALABA
4159,3,3 BR DETACHED HOUSE,3/12/2018,19/12/2018,2/01/2019,RGS,106,16,14,30,REDLAND,CAPALABA
4715,3,3 BR DETACHED HOUSE,4/09/2018,28/11/2018,1/02/2019,RGS,206,85,65,150,BANANA,CALLIDE
4715,3,3 BR DETACHED HOUSE,1/11/2017,14/12/2017,13/08/2018,RGS,206,43,242,285,BANANA,CALLIDE
4715,3,3 BR DETACHED HOUSE,5/04/2019,17/04/2019,1/05/2019,RGS,206,12,14,26,BANANA,CALLIDE
4715,3,3 BR DETACHED HOUSE,17/05/2018,12/07/2018,17/07/2018,RGS,206,56,5,61,BANANA,CALLIDE
4715,3,3 BR DETACHED HOUSE,16/01/2019,22/02/2019,28/02/2019,RGS,206,37,6,43,BANANA,CALLIDE
4715,3,3 BR DETACHED HOUSE,1/11/2017,14/12/2017,16/08/2018,RGS,206,43,245,288,BANANA,CALLIDE
4715,3,3 BR DETACHED HOUSE,12/11/2017,22/03/2018,6/08/2018,RGS,206,130,137,267,BANANA,CALLIDE
4715,3,3 BR DETACHED HOUSE,1/11/2017,14/12/2017,20/12/2018,RGS,206,43,371,414,BANANA,CALLIDE
4715,3,3 BR DETACHED HOUSE,1/11/2017,14/12/2017,16/08/2018,RGS,206,43,245,288,BANANA,CALLIDE
4715,3,3 BR DETACHED HOUSE,15/01/2019,15/03/2019,19/03/2019,RGS,206,59,4,63,BANANA,CALLIDE
4715,3,3 BR DETACHED HOUSE,18/09/2017,17/11/2017,20/08/2018,RGS,206,60,276,336,BANANA,CALLIDE
4715,3,3 BR DETACHED HOUSE,14/02/2019,15/03/2019,26/03/2019,RGS,206,29,11,40,BANANA,CALLIDE
4715,3,3 BR DETACHED HOUSE,12/11/2017,14/12/2017,8/01/2019,RGS,206,32,390,422,BANANA,CALLIDE
4715,3,3 BR DETACHED HOUSE,24/07/2018,23/11/2018,22/01/2019,RGS,206,122,60,182,BANANA,CALLIDE
4715,3,3 BR DETACHED HOUSE,1/11/2017,14/12/2017,6/07/2018,RGS,206,43,204,247,BANANA,CALLIDE
4715,3,3 BR DETACHED HOUSE,28/03/2019,8/04/2019,23/05/2019,RGS,206,11,45,56,BANANA,CALLIDE
4715,3,3 BR DETACHED HOUSE,15/09/2017,22/03/2018,7/08/2018,RGS,206,188,138,326,BANANA,CALLIDE
4715,3,3 BR DETACHED HOUSE,20/02/2018,15/10/2018,15/10/2018,RGS,206,237,0,237,BANANA,CALLIDE
4715,3,3 BR DETACHED HOUSE,11/12/2018,11/12/2018,11/12/2018,RGS,206,0,0,0,BANANA,CALLIDE
4715,3,3 BR DETACHED HOUSE,28/03/2019,5/04/2019,16/05/2019,RGS,206,8,41,49,BANANA,CALLIDE
4715,3,3 BR DETACHED HOUSE,1/11/2017,14/12/2017,24/10/2018,RGS,206,43,314,357,BANANA,CALLIDE
4715,3,3 BR DETACHED HOUSE,8/12/2017,22/03/2018,22/01/2019,RGS,206,104,306,410,BANANA,CALLIDE
4715,3,3 BR DETACHED HOUSE,1/11/2017,7/12/2017,31/08/2018,RGS,206,36,267,303,BANANA,CALLIDE
4715,3,3 BR DETACHED HOUSE,30/07/2018,23/11/2018,7/12/2018,RGS,206,116,14,130,BANANA,CALLIDE
4715,3,3 BR DETACHED HOUSE,13/11/2018,8/03/2019,12/03/2019,RGS,206,115,4,119,BANANA,CALLIDE
4715,3,3 BR DETACHED HOUSE,1/11/2017,14/12/2017,13/12/2018,RGS,206,43,364,407,BANANA,CALLIDE
4715,3,3 BR DETACHED HOUSE,7/11/2017,8/12/2017,8/01/2019,RGS,206,31,396,427,BANANA,CALLIDE
4715,3,3 BR DETACHED HOUSE,1/11/2017,14/12/2017,6/07/2018,RGS,206,43,204,247,BANANA,CALLIDE
4715,3,3 BR DETACHED HOUSE,1/11/2017,14/12/2017,12/12/2018,RGS,206,43,363,406,BANANA,CALLIDE
4715,3,3 BR DETACHED HOUSE,4/02/2019,22/02/2019,26/02/2019,RGS,206,18,4,22,BANANA,CALLIDE
4715,3,3 BR DETACHED HOUSE,4/01/2019,8/02/2019,28/02/2019,RGS,206,35,20,55,BANANA,CALLIDE
4715,3,3 BR DETACHED HOUSE,13/03/2019,27/03/2019,9/04/2019,RGS,206,14,13,27,BANANA,CALLIDE
4715,3,3 BR DETACHED HOUSE,1/11/2017,14/12/2017,10/07/2018,RGS,206,43,208,251,BANANA,CALLIDE
4715,3,3 BR DETACHED HOUSE,17/04/2019,26/04/2019,6/06/2019,RGS,206,9,41,50,BANANA,CALLIDE
4715,1,1 BR SENIOR UNIT,17/07/2018,9/08/2018,21/12/2018,SNR,206,23,134,157,BANANA,CALLIDE
4715,1,1 BR SENIOR UNIT,19/07/2018,9/08/2018,7/06/2019,SNR,206,21,302,323,BANANA,CALLIDE
4715,1,1 BR SENIOR UNIT,26/04/2019,26/04/2019,26/04/2019,SNR,206,0,0,0,BANANA,CALLIDE
4715,1,1 BR SENIOR UNIT,22/08/2018,21/09/2018,24/06/2019,SNR,206,30,276,306,BANANA,CALLIDE
4715,3,3 BR DETACHED HOUSE,17/10/2018,23/11/2018,10/12/2018,RGS,206,37,17,54,BANANA,CALLIDE
4715,3,3 BR DETACHED HOUSE,1/11/2017,14/12/2017,9/07/2018,RGS,206,43,207,250,BANANA,CALLIDE
4715,3,3 BR DETACHED HOUSE,1/11/2017,14/12/2017,6/07/2018,RGS,206,43,204,247,BANANA,CALLIDE
4715,3,3 BR DETACHED HOUSE,1/11/2017,14/12/2017,17/07/2018,RGS,206,43,215,258,BANANA,CALLIDE
4715,3,3 BR DETACHED HOUSE,1/11/2017,14/12/2017,9/04/2019,RGS,206,43,481,524,BANANA,CALLIDE
4715,3,3 BR DETACHED HOUSE,25/10/2017,22/03/2018,2/05/2019,RGS,206,148,406,554,BANANA,CALLIDE
4715,3,3 BR DETACHED HOUSE,1/11/2017,14/12/2017,30/05/2019,RGS,206,43,532,575,BANANA,CALLIDE
4715,2,2 BR ATTACHED HOUSING,21/01/2019,27/02/2019,1/03/2019,RGS,206,37,2,39,BANANA,CALLIDE
4715,2,2 BR ATTACHED HOUSING,3/10/2018,23/11/2018,17/12/2018,RGS,206,51,24,75,BANANA,CALLIDE
4575,3,3 BR DETACHED HOUSE,19/12/2018,19/12/2018,19/12/2018,RGS,205,0,0,0,SUNSHINE COAST,KAWANA
4575,3,3 BR DETACHED HOUSE,22/01/2019,1/02/2019,15/02/2019,RGS,205,10,14,24,SUNSHINE COAST,KAWANA
4300,3,3 BR DETACHED HOUSE,19/11/2018,30/11/2018,14/12/2018,RGS,102,11,14,25,IPSWICH,BUNDAMBA
4300,2,2 BR DUPLEX,16/01/2019,5/02/2019,18/02/2019,RGS,102,20,13,33,IPSWICH,BUNDAMBA
4300,2,2 BR ATTACHED HOUSING,2/01/2019,4/02/2019,6/02/2019,RGS,102,33,2,35,IPSWICH,BUNDAMBA
4300,2,2 BR ATTACHED HOUSING,22/05/2019,12/06/2019,20/06/2019,RGS,102,21,8,29,IPSWICH,BUNDAMBA
4300,3,3 BR DETACHED HOUSE,1/08/2018,21/08/2018,25/09/2018,RGS,102,20,35,55,IPSWICH,BUNDAMBA
4225,1,1 BR SENIOR UNIT,23/04/2019,30/04/2019,8/05/2019,SNR,204,7,8,15,GOLD COAST,CURRUMBIN
4225,1,1 BR SENIOR UNIT,24/09/2018,9/10/2018,19/10/2018,SNR,204,15,10,25,GOLD COAST,CURRUMBIN
4207,3,3 BR DETACHED HOUSE,9/05/2019,23/05/2019,27/05/2019,RGS,101,14,4,18,LOGAN,MACALISTER
4207,4,4 BR DETACHED HOUSE,31/10/2018,26/11/2018,28/11/2018,RGS,101,26,2,28,LOGAN,MACALISTER
4207,3,3 BR DETACHED HOUSE,27/06/2018,12/07/2018,31/07/2018,RGS,101,15,19,34,LOGAN,MACALISTER
4207,4,4 BR DETACHED HOUSE,18/02/2019,18/02/2019,10/04/2019,RGS,101,0,51,51,LOGAN,MACALISTER
4207,3,3 BR DETACHED HOUSE,13/12/2018,9/01/2019,17/01/2019,RGS,101,27,8,35,LOGAN,MACALISTER
4207,3,3 BR DETACHED HOUSE,7/11/2018,21/11/2018,23/11/2018,RGS,101,14,2,16,LOGAN,MACALISTER
4207,3,3 BR DETACHED HOUSE,2/01/2019,18/01/2019,23/01/2019,RGS,101,16,5,21,LOGAN,MACALISTER
4207,3,3 BR DETACHED HOUSE,10/05/2019,5/06/2019,19/06/2019,RGS,101,26,14,40,LOGAN,MACALISTER
4207,3,3 BR DETACHED HOUSE,26/03/2019,16/04/2019,15/05/2019,RGS,101,21,29,50,LOGAN,MACALISTER
4207,3,3 BR DETACHED HOUSE,12/11/2018,27/02/2019,6/03/2019,RGS,101,107,7,114,LOGAN,MACALISTER
4207,4,4 BR DETACHED HOUSE,8/10/2018,7/11/2018,9/11/2018,RGS,101,30,2,32,LOGAN,MACALISTER
4207,3,3 BR DETACHED HOUSE,16/10/2018,17/10/2018,17/10/2018,RGS,101,1,0,1,LOGAN,MACALISTER
4207,3,3 BR DETACHED HOUSE,18/02/2019,8/03/2019,18/03/2019,RGS,101,18,10,28,LOGAN,MACALISTER
4207,3,3 BR DETACHED HOUSE,4/02/2019,18/02/2019,21/02/2019,RGS,101,14,3,17,LOGAN,MACALISTER
4207,3,3 BR DETACHED HOUSE,18/04/2019,22/05/2019,3/06/2019,RGS,101,34,12,46,LOGAN,MACALISTER
4207,3,3 BR DETACHED HOUSE,10/04/2019,26/04/2019,2/05/2019,RGS,101,16,6,22,LOGAN,MACALISTER
4207,3,3 BR DETACHED HOUSE,19/06/2018,4/07/2018,6/07/2018,RGS,101,15,2,17,LOGAN,MACALISTER
4207,5,5 BR DETACHED HOUSE,27/03/2019,9/04/2019,12/04/2019,RGS,101,13,3,16,LOGAN,MACALISTER
4207,3,3 BR DETACHED HOUSE,5/02/2019,20/02/2019,25/02/2019,RGS,101,15,5,20,LOGAN,MACALISTER
4207,3,3 BR DETACHED HOUSE,8/11/2018,5/12/2018,7/12/2018,RGS,101,27,2,29,LOGAN,MACALISTER
4207,4,4 BR DETACHED HOUSE,6/03/2019,20/03/2019,8/04/2019,RGS,101,14,19,33,LOGAN,MACALISTER
4207,3,3 BR DETACHED HOUSE,1/03/2019,14/03/2019,15/03/2019,RGS,101,13,1,14,LOGAN,MACALISTER
4207,3,3 BR DETACHED HOUSE,12/02/2019,25/02/2019,27/02/2019,RGS,101,13,2,15,LOGAN,MACALISTER
4207,2,2 BR DUPLEX,17/04/2019,7/05/2019,8/05/2019,RGS,101,20,1,21,LOGAN,MACALISTER
4207,4,4 BR DETACHED HOUSE,28/08/2018,29/08/2018,29/08/2018,RGS,101,1,0,1,LOGAN,MACALISTER
4207,3,3 BR DETACHED HOUSE,28/08/2018,13/09/2018,19/09/2018,RGS,101,16,6,22,LOGAN,MACALISTER
4207,3,3 BR DETACHED HOUSE,12/12/2018,6/02/2019,11/02/2019,RGS,101,56,5,61,LOGAN,MACALISTER
4207,3,3 BR DETACHED HOUSE,4/06/2019,19/06/2019,27/06/2019,RGS,101,15,8,23,LOGAN,MACALISTER
4207,3,3 BR DETACHED HOUSE,5/11/2018,26/11/2018,28/11/2018,RGS,101,21,2,23,LOGAN,MACALISTER
4207,2,2 BR DUPLEX,17/12/2018,17/01/2019,23/01/2019,RGS,101,31,6,37,LOGAN,MACALISTER
4207,3,3 BR DETACHED HOUSE,4/02/2019,25/02/2019,28/02/2019,RGS,101,21,3,24,LOGAN,MACALISTER
4207,3,3 BR DETACHED HOUSE,17/04/2019,16/05/2019,16/05/2019,RGS,101,29,0,29,LOGAN,MACALISTER
4207,1,1 BR SENIOR UNIT,16/04/2019,16/04/2019,16/04/2019,SNR,101,0,0,0,LOGAN,MACALISTER
4207,1,1 BR SENIOR UNIT,23/04/2019,9/05/2019,27/05/2019,SNR,101,16,18,34,LOGAN,MACALISTER
4207,1,1 BR SENIOR UNIT,21/12/2018,9/01/2019,18/01/2019,SNR,101,19,9,28,LOGAN,MACALISTER
4207,1,1 BR SENIOR UNIT,23/05/2019,31/05/2019,10/06/2019,SNR,101,8,10,18,LOGAN,MACALISTER
4207,1,1 BR SENIOR UNIT,4/03/2019,14/03/2019,2/04/2019,SNR,101,10,19,29,LOGAN,MACALISTER
4207,1,1 BR SENIOR UNIT,28/06/2018,9/07/2018,11/07/2018,SNR,101,11,2,13,LOGAN,MACALISTER
4207,1,1 BR SENIOR UNIT,7/09/2018,21/09/2018,9/10/2018,SNR,101,14,18,32,LOGAN,MACALISTER
4207,1,1 BR SENIOR UNIT,15/02/2019,25/02/2019,3/04/2019,SNR,101,10,37,47,LOGAN,MACALISTER
4207,1,1 BR SENIOR UNIT,24/05/2019,27/05/2019,17/06/2019,SNR,101,3,21,24,LOGAN,MACALISTER
4207,1,1 BR SENIOR UNIT,26/03/2019,4/04/2019,9/04/2019,SNR,101,9,5,14,LOGAN,MACALISTER
4207,1,1 BR SENIOR UNIT,17/04/2019,17/04/2019,1/05/2019,SNR,101,0,14,14,LOGAN,MACALISTER
4207,1,1 BR SENIOR UNIT,10/06/2019,19/06/2019,28/06/2019,SNR,101,9,9,18,LOGAN,MACALISTER
4207,1,1 BR SENIOR UNIT,11/04/2019,18/04/2019,10/05/2019,SNR,101,7,22,29,LOGAN,MACALISTER
4207,1,1 BR SENIOR UNIT,2/01/2019,14/01/2019,17/01/2019,SNR,101,12,3,15,LOGAN,MACALISTER
4207,1,1 BR SENIOR UNIT,8/04/2019,17/04/2019,2/05/2019,SNR,101,9,15,24,LOGAN,MACALISTER
4207,3,3 BR DETACHED HOUSE,30/05/2019,14/06/2019,20/06/2019,RGS,101,15,6,21,LOGAN,MACALISTER
4207,1,1 BR APARTMENT,11/01/2019,24/01/2019,26/02/2019,RGS,101,13,33,46,LOGAN,MACALISTER
4207,1,1 BR APARTMENT,6/08/2018,7/08/2018,8/08/2018,RGS,101,1,1,2,LOGAN,MACALISTER
4207,1,1 BR APARTMENT,6/06/2018,20/06/2018,6/08/2018,RGS,101,14,47,61,LOGAN,MACALISTER
4207,1,1 BR APARTMENT,8/04/2019,17/04/2019,26/04/2019,RGS,101,9,9,18,LOGAN,MACALISTER
4207,1,1 BR APARTMENT,24/09/2018,8/10/2018,15/10/2018,RGS,101,14,7,21,LOGAN,MACALISTER
4207,2,2 BR APARTMENT,3/09/2018,17/09/2018,26/09/2018,RGS,101,14,9,23,LOGAN,MACALISTER
4207,1,1 BR SENIOR UNIT,4/03/2019,13/03/2019,3/04/2019,SNR,101,9,21,30,LOGAN,MACALISTER
4207,1,1 BR SENIOR UNIT,3/10/2018,17/10/2018,19/10/2018,SNR,101,14,2,16,LOGAN,MACALISTER
4207,1,1 BR SENIOR UNIT,18/03/2019,25/03/2019,17/04/2019,SNR,101,7,23,30,LOGAN,MACALISTER
4207,1,1 BR SENIOR UNIT,13/12/2018,20/12/2018,4/01/2019,SNR,101,7,15,22,LOGAN,MACALISTER
4207,1,1 BR SENIOR UNIT,4/07/2018,18/07/2018,27/08/2018,SNR,101,14,40,54,LOGAN,MACALISTER
4207,1,1 BR SENIOR UNIT,29/01/2019,5/02/2019,15/02/2019,SNR,101,7,10,17,LOGAN,MACALISTER
4207,3,3 BR ATTACHED HOUSING,10/05/2019,29/05/2019,5/06/2019,RGS,101,19,7,26,LOGAN,MACALISTER
4207,1,1 BR APARTMENT,11/10/2018,26/10/2018,8/11/2018,RGS,101,15,13,28,LOGAN,MACALISTER
4207,1,1 BR APARTMENT,13/09/2018,26/09/2018,3/10/2018,RGS,101,13,7,20,LOGAN,MACALISTER
4207,1,1 BR APARTMENT,9/04/2019,18/04/2019,30/04/2019,RGS,101,9,12,21,LOGAN,MACALISTER
4207,1,1 BR APARTMENT,22/10/2018,2/11/2018,2/11/2018,RGS,101,11,0,11,LOGAN,MACALISTER
4207,3,3 BR DETACHED HOUSE,6/06/2019,24/06/2019,28/06/2019,RGS,101,18,4,22,LOGAN,MACALISTER
4207,3,3 BR DETACHED HOUSE,27/07/2018,17/08/2018,22/08/2018,RGS,101,21,5,26,LOGAN,MACALISTER
4207,3,3 BR DETACHED HOUSE,23/04/2019,21/05/2019,31/05/2019,RGS,101,28,10,38,LOGAN,MACALISTER
4207,1,1 BR SENIOR UNIT,31/08/2018,13/09/2018,3/10/2018,SNR,101,13,20,33,LOGAN,MACALISTER
4207,1,1 BR SENIOR UNIT,7/06/2019,19/06/2019,27/06/2019,SNR,101,12,8,20,LOGAN,MACALISTER
4207,1,1 BR SENIOR UNIT,18/03/2019,25/03/2019,11/04/2019,SNR,101,7,17,24,LOGAN,MACALISTER
4207,1,1 BR SENIOR UNIT,18/02/2019,1/03/2019,12/03/2019,SNR,101,11,11,22,LOGAN,MACALISTER
4207,2,2 BR APARTMENT,28/06/2018,13/07/2018,25/07/2018,RGS,101,15,12,27,LOGAN,MACALISTER
4207,2,2 BR APARTMENT,8/05/2019,22/05/2019,13/06/2019,RGS,101,14,22,36,LOGAN,MACALISTER
4207,2,2 BR APARTMENT,14/12/2018,8/01/2019,14/01/2019,RGS,101,25,6,31,LOGAN,MACALISTER
4207,2,2 BR APARTMENT,15/10/2018,15/10/2018,16/10/2018,RGS,101,0,1,1,LOGAN,MACALISTER
4207,2,2 BR ATTACHED HOUSING,26/06/2018,9/07/2018,16/07/2018,RGS,101,13,7,20,LOGAN,MACALISTER
4207,3,3 BR DETACHED HOUSE,2/04/2019,12/04/2019,23/04/2019,RGS,101,10,11,21,LOGAN,MACALISTER
4207,3,3 BR DETACHED HOUSE,6/03/2019,7/03/2019,3/04/2019,RGS,101,1,27,28,LOGAN,MACALISTER
4207,3,3 BR DETACHED HOUSE,30/04/2019,22/05/2019,19/06/2019,RGS,101,22,28,50,LOGAN,MACALISTER
4207,3,3 BR DETACHED HOUSE,6/08/2018,17/08/2018,24/08/2018,RGS,101,11,7,18,LOGAN,MACALISTER
4717,3,3 BR DETACHED HOUSE,6/03/2019,15/03/2019,18/03/2019,RGS,211,9,3,12,CENTRAL HIGHLANDS,GREGORY
4717,3,3 BR DETACHED HOUSE,19/10/2018,14/11/2018,22/03/2019,RGS,211,26,128,154,CENTRAL HIGHLANDS,GREGORY
4717,3,3 BR DETACHED HOUSE,9/11/2018,19/12/2018,19/12/2018,RGS,211,40,0,40,CENTRAL HIGHLANDS,GREGORY
4717,4,4 BR DETACHED HOUSE,27/02/2018,14/03/2018,6/08/2018,RGS,211,15,145,160,CENTRAL HIGHLANDS,GREGORY
4717,3,3 BR DETACHED HOUSE,21/05/2018,31/05/2018,11/07/2018,RGS,211,10,41,51,CENTRAL HIGHLANDS,GREGORY
4717,3,3 BR DETACHED HOUSE,2/07/2018,12/07/2018,20/07/2018,RGS,211,10,8,18,CENTRAL HIGHLANDS,GREGORY
4717,3,3 BR DETACHED HOUSE,27/08/2018,7/09/2018,28/02/2019,RGS,211,11,174,185,CENTRAL HIGHLANDS,GREGORY
4717,3,3 BR DETACHED HOUSE,11/04/2019,7/05/2019,21/05/2019,RGS,211,26,14,40,CENTRAL HIGHLANDS,GREGORY
4717,3,3 BR DETACHED HOUSE,21/12/2018,30/01/2019,5/03/2019,RGS,211,40,34,74,CENTRAL HIGHLANDS,GREGORY
4717,3,3 BR DETACHED HOUSE,1/11/2017,14/12/2017,20/08/2018,RGS,211,43,249,292,CENTRAL HIGHLANDS,GREGORY
4717,3,3 BR DETACHED HOUSE,25/06/2018,4/07/2018,3/08/2018,RGS,211,9,30,39,CENTRAL HIGHLANDS,GREGORY
4717,3,3 BR DETACHED HOUSE,28/08/2018,25/09/2018,3/12/2018,RGS,211,28,69,97,CENTRAL HIGHLANDS,GREGORY
4717,3,3 BR DETACHED HOUSE,25/05/2018,29/06/2018,30/08/2018,RGS,211,35,62,97,CENTRAL HIGHLANDS,GREGORY
4717,3,3 BR DETACHED HOUSE,20/06/2018,29/06/2018,27/08/2018,RGS,211,9,59,68,CENTRAL HIGHLANDS,GREGORY
4717,3,3 BR DETACHED HOUSE,17/08/2018,13/12/2018,13/12/2018,RGS,211,118,0,118,CENTRAL HIGHLANDS,GREGORY
4717,3,3 BR DETACHED HOUSE,25/09/2018,12/10/2018,22/01/2019,RGS,211,17,102,119,CENTRAL HIGHLANDS,GREGORY
4717,3,3 BR DETACHED HOUSE,11/04/2019,1/05/2019,29/05/2019,RGS,211,20,28,48,CENTRAL HIGHLANDS,GREGORY
4717,3,3 BR DETACHED HOUSE,26/04/2018,14/05/2018,30/07/2018,RGS,211,18,77,95,CENTRAL HIGHLANDS,GREGORY
4717,3,3 BR DETACHED HOUSE,20/12/2017,20/12/2017,12/07/2018,RGS,211,0,204,204,CENTRAL HIGHLANDS,GREGORY
4717,3,3 BR DETACHED HOUSE,21/11/2018,14/03/2019,10/04/2019,RGS,211,113,27,140,CENTRAL HIGHLANDS,GREGORY
4717,3,3 BR DETACHED HOUSE,1/11/2017,14/12/2017,14/08/2018,RGS,211,43,243,286,CENTRAL HIGHLANDS,GREGORY
4717,3,3 BR DETACHED HOUSE,2/11/2018,16/11/2018,22/05/2019,RGS,211,14,187,201,CENTRAL HIGHLANDS,GREGORY
4717,3,3 BR DETACHED HOUSE,1/11/2017,14/12/2017,29/11/2018,RGS,211,43,350,393,CENTRAL HIGHLANDS,GREGORY
4717,3,3 BR DETACHED HOUSE,29/03/2018,8/05/2018,20/12/2018,RGS,211,40,226,266,CENTRAL HIGHLANDS,GREGORY
4717,3,3 BR DETACHED HOUSE,25/05/2018,29/06/2018,30/08/2018,RGS,211,35,62,97,CENTRAL HIGHLANDS,GREGORY
4717,3,3 BR DETACHED HOUSE,23/04/2019,10/05/2019,29/05/2019,RGS,211,17,19,36,CENTRAL HIGHLANDS,GREGORY
4717,3,3 BR DETACHED HOUSE,1/11/2017,14/12/2017,5/03/2019,RGS,211,43,446,489,CENTRAL HIGHLANDS,GREGORY
4717,3,3 BR DETACHED HOUSE,29/06/2018,28/09/2018,11/12/2018,RGS,211,91,74,165,CENTRAL HIGHLANDS,GREGORY
4717,3,3 BR DETACHED HOUSE,29/06/2018,12/10/2018,9/11/2018,RGS,211,105,28,133,CENTRAL HIGHLANDS,GREGORY
4717,3,3 BR DETACHED HOUSE,29/06/2018,28/09/2018,11/04/2019,RGS,211,91,195,286,CENTRAL HIGHLANDS,GREGORY
4124,3,3 BR DETACHED HOUSE,3/04/2019,15/04/2019,24/04/2019,RGS,101,12,9,21,LOGAN,LOGAN
4124,3,3 BR DETACHED HOUSE,31/05/2019,14/06/2019,14/06/2019,RGS,101,14,0,14,LOGAN,LOGAN
4124,3,3 BR DETACHED HOUSE,14/12/2018,9/01/2019,29/01/2019,RGS,101,26,20,46,LOGAN,LOGAN
4124,3,3 BR DETACHED HOUSE,25/09/2018,17/10/2018,22/10/2018,RGS,101,22,5,27,LOGAN,LOGAN
4124,3,3 BR DETACHED HOUSE,25/09/2018,19/10/2018,22/10/2018,RGS,101,24,3,27,LOGAN,LOGAN
4124,5,5 BR DETACHED HOUSE,5/11/2018,27/11/2018,4/12/2018,RGS,101,22,7,29,LOGAN,LOGAN
4124,3,3 BR DETACHED HOUSE,26/02/2019,26/02/2019,27/02/2019,RGS,101,0,1,1,LOGAN,LOGAN
4124,3,3 BR DETACHED HOUSE,16/11/2018,4/01/2019,15/01/2019,RGS,101,49,11,60,LOGAN,LOGAN
4829,3,3 BR DUAL OCCUPANCY,31/01/2018,10/07/2018,26/09/2018,AHG,209,160,78,238,BOULIA,GREGORY
4805,3,3 BR DETACHED HOUSE,30/04/2019,14/05/2019,16/05/2019,RGS,203,14,2,16,WHITSUNDAY,BURDEKIN
4805,1,1 BR SENIOR UNIT,16/07/2018,25/07/2018,6/08/2018,SNR,203,9,12,21,WHITSUNDAY,BURDEKIN
4805,1,1 BR SENIOR UNIT,9/01/2019,18/01/2019,4/03/2019,SNR,203,9,45,54,WHITSUNDAY,BURDEKIN
4805,1,1 BR SENIOR UNIT,15/10/2018,25/10/2018,26/10/2018,SNR,203,10,1,11,WHITSUNDAY,BURDEKIN
4805,1,1 BR SENIOR UNIT,22/02/2019,25/03/2019,30/04/2019,SNR,203,31,36,67,WHITSUNDAY,BURDEKIN
4805,1,1 BR SENIOR UNIT,7/01/2019,21/01/2019,29/01/2019,SNR,203,14,8,22,WHITSUNDAY,BURDEKIN
4805,1,1 BR SENIOR UNIT,3/09/2018,14/09/2018,17/09/2018,SNR,203,11,3,14,WHITSUNDAY,BURDEKIN
4805,2,2 BR CLUSTER HOUSING,11/09/2018,27/09/2018,28/09/2018,RGS,203,16,1,17,WHITSUNDAY,BURDEKIN
4805,3,3 BR DETACHED HOUSE,22/05/2019,11/06/2019,21/06/2019,RGS,203,20,10,30,WHITSUNDAY,BURDEKIN
4805,3,3 BR DETACHED HOUSE,18/12/2018,18/01/2019,24/01/2019,RGS,203,31,6,37,WHITSUNDAY,BURDEKIN
4805,3,3 BR DETACHED HOUSE,6/08/2018,24/08/2018,27/08/2018,RGS,203,18,3,21,WHITSUNDAY,BURDEKIN
4805,3,3 BR DETACHED HOUSE,12/06/2018,25/06/2018,3/07/2018,RGS,203,13,8,21,WHITSUNDAY,BURDEKIN
4805,3,3 BR DETACHED HOUSE,6/12/2018,11/01/2019,18/01/2019,RGS,203,36,7,43,WHITSUNDAY,BURDEKIN
4805,3,3 BR DETACHED HOUSE,20/09/2018,12/10/2018,16/10/2018,RGS,203,22,4,26,WHITSUNDAY,BURDEKIN
4805,3,3 BR DETACHED HOUSE,28/03/2019,11/04/2019,15/04/2019,RGS,203,14,4,18,WHITSUNDAY,BURDEKIN
4805,3,3 BR DETACHED HOUSE,22/10/2018,7/11/2018,8/11/2018,AHG,203,16,1,17,WHITSUNDAY,BURDEKIN
4805,3,3 BR DETACHED HOUSE,12/11/2018,13/11/2018,27/11/2018,AHG,203,1,14,15,WHITSUNDAY,BURDEKIN
4680,3,3 BR DETACHED HOUSE,20/06/2018,27/06/2018,6/07/2018,RGS,212,7,9,16,GLADSTONE,GLADSTONE
4680,2,2 BR SENIOR UNIT,6/06/2018,27/06/2018,28/08/2018,SNR,212,21,62,83,GLADSTONE,GLADSTONE
4500,1,1 BR SENIOR UNIT,27/06/2018,17/07/2018,31/07/2018,SNR,103,20,14,34,MORETON BAY,PINE RIVERS
4500,1,1 BR SENIOR UNIT,7/08/2018,22/08/2018,28/08/2018,SNR,103,15,6,21,MORETON BAY,PINE RIVERS
4500,1,1 BR SENIOR UNIT,29/10/2018,15/11/2018,26/11/2018,SNR,103,17,11,28,MORETON BAY,PINE RIVERS
4500,3,3 BR DETACHED HOUSE,22/10/2018,5/11/2018,8/11/2018,RGS,103,14,3,17,MORETON BAY,PINE RIVERS
4118,3,3 BR DETACHED HOUSE,27/07/2018,30/07/2018,3/08/2018,RGS,101,3,4,7,LOGAN,ALGESTER
4118,3,3 BR DETACHED HOUSE,21/08/2018,12/09/2018,14/09/2018,RGS,101,22,2,24,LOGAN,ALGESTER
4118,3,3 BR DETACHED HOUSE,23/07/2018,9/08/2018,10/08/2018,RGS,101,17,1,18,LOGAN,WOODRIDGE
4118,3,3 BR DETACHED HOUSE,2/01/2019,24/01/2019,25/01/2019,RGS,101,22,1,23,LOGAN,WOODRIDGE
4118,3,3 BR DETACHED HOUSE,26/06/2018,17/07/2018,9/08/2018,RGS,101,21,23,44,LOGAN,WOODRIDGE
4118,3,3 BR DETACHED HOUSE,28/02/2019,18/03/2019,1/04/2019,RGS,101,18,14,32,LOGAN,WOODRIDGE
4118,4,4 BR DETACHED HOUSE,31/08/2018,28/09/2018,17/10/2018,RGS,101,28,19,47,LOGAN,WOODRIDGE
4118,3,3 BR DETACHED HOUSE,8/10/2018,29/10/2018,8/11/2018,RGS,101,21,10,31,LOGAN,WOODRIDGE
4118,3,3 BR DETACHED HOUSE,28/03/2019,15/04/2019,30/04/2019,RGS,101,18,15,33,LOGAN,WOODRIDGE
4118,3,3 BR DETACHED HOUSE,30/07/2018,14/08/2018,14/08/2018,RGS,101,15,0,15,LOGAN,WOODRIDGE
4505,3,3 BR DETACHED HOUSE,18/01/2019,6/02/2019,25/02/2019,RGS,103,19,19,38,MORETON BAY,KURWONGBAH
4505,2,2 BR ATTACHED HOUSING,7/11/2018,20/11/2018,23/11/2018,RGS,103,13,3,16,MORETON BAY,KURWONGBAH
4505,5,5 BR DETACHED HOUSE,14/12/2018,14/12/2018,14/12/2018,RGS,103,0,0,0,MORETON BAY,KURWONGBAH
4505,5,5 BR DETACHED HOUSE,20/11/2018,30/11/2018,7/12/2018,RGS,103,10,7,17,MORETON BAY,KURWONGBAH
4507,3,3 BR DETACHED HOUSE,22/01/2019,22/01/2019,23/01/2019,RGS,103,0,1,1,MORETON BAY,PUMICESTONE
4507,1,1 BR SENIOR UNIT,10/09/2018,27/09/2018,8/10/2018,SNR,103,17,11,28,MORETON BAY,PUMICESTONE
4507,1,1 BR SENIOR UNIT,21/03/2019,29/03/2019,15/04/2019,SNR,103,8,17,25,MORETON BAY,PUMICESTONE
4507,1,1 BR SENIOR UNIT,6/06/2019,17/06/2019,20/06/2019,SNR,103,11,3,14,MORETON BAY,PUMICESTONE
4507,1,1 BR SENIOR UNIT,5/06/2018,19/06/2018,9/07/2018,SNR,103,14,20,34,MORETON BAY,PUMICESTONE
4507,1,1 BR SENIOR UNIT,23/11/2018,30/11/2018,13/12/2018,SNR,103,7,13,20,MORETON BAY,PUMICESTONE
4507,1,1 BR SENIOR UNIT,29/11/2018,14/12/2018,17/12/2018,SNR,103,15,3,18,MORETON BAY,PUMICESTONE
4507,3,3 BR DETACHED HOUSE,30/07/2018,10/08/2018,16/08/2018,RGS,103,11,6,17,MORETON BAY,PUMICESTONE
4507,1,1 BR SENIOR UNIT,24/09/2018,23/10/2018,2/11/2018,SNR,103,29,10,39,MORETON BAY,PUMICESTONE
4507,1,1 BR SENIOR UNIT,20/08/2018,4/09/2018,7/09/2018,SNR,103,15,3,18,MORETON BAY,PUMICESTONE
4507,1,1 BR SENIOR UNIT,3/07/2018,18/07/2018,26/07/2018,SNR,103,15,8,23,MORETON BAY,PUMICESTONE
4507,1,1 BR SENIOR UNIT,14/09/2018,27/09/2018,8/10/2018,SNR,103,13,11,24,MORETON BAY,PUMICESTONE
4507,1,1 BR SENIOR UNIT,1/03/2019,14/03/2019,15/03/2019,SNR,103,13,1,14,MORETON BAY,PUMICESTONE
4507,1,1 BR SENIOR UNIT,14/02/2019,6/03/2019,7/03/2019,SNR,103,20,1,21,MORETON BAY,PUMICESTONE
4507,1,1 BR SENIOR UNIT,6/09/2018,27/09/2018,22/10/2018,SNR,103,21,25,46,MORETON BAY,PUMICESTONE
4507,3,3 BR DETACHED HOUSE,4/07/2018,20/07/2018,16/08/2018,RGS,103,16,27,43,MORETON BAY,PUMICESTONE
4507,1,1 BR APARTMENT,17/09/2018,27/09/2018,9/10/2018,RGS,103,10,12,22,MORETON BAY,PUMICESTONE
4507,4,4 BR DETACHED HOUSE,18/04/2019,8/05/2019,24/05/2019,RGS,103,20,16,36,MORETON BAY,PUMICESTONE
4220,1,1 BR SENIOR UNIT,21/03/2019,29/03/2019,11/04/2019,SNR,204,8,13,21,GOLD COAST,BURLEIGH
4220,1,1 BR SENIOR UNIT,10/05/2019,15/05/2019,30/05/2019,SNR,204,5,15,20,GOLD COAST,BURLEIGH
4220,2,2 BR DUPLEX,18/10/2018,30/10/2018,6/11/2018,RGS,204,12,7,19,GOLD COAST,BURLEIGH
4750,3,3 BR DETACHED HOUSE,22/10/2018,6/11/2018,7/11/2018,RGS,203,15,1,16,MACKAY,WHITSUNDAY
4556,1,1 BR SENIOR UNIT,24/08/2018,5/09/2018,21/09/2018,SNR,205,12,16,28,SUNSHINE COAST,BUDERIM
4556,1,1 BR SENIOR UNIT,3/07/2018,8/08/2018,17/08/2018,SNR,205,36,9,45,SUNSHINE COAST,BUDERIM
4556,3,3 BR DETACHED HOUSE,8/05/2019,8/05/2019,8/05/2019,RGS,205,0,0,0,SUNSHINE COAST,BUDERIM
4556,3,3 BR DETACHED HOUSE,9/05/2019,22/05/2019,27/05/2019,RGS,205,13,5,18,SUNSHINE COAST,BUDERIM
4556,1,1 BR SENIOR UNIT,27/09/2018,11/10/2018,29/10/2018,SNR,205,14,18,32,SUNSHINE COAST,BUDERIM
4556,1,1 BR SENIOR UNIT,15/10/2018,24/10/2018,2/11/2018,SNR,205,9,9,18,SUNSHINE COAST,BUDERIM
4556,1,1 BR SENIOR UNIT,20/11/2018,29/11/2018,13/12/2018,SNR,205,9,14,23,SUNSHINE COAST,BUDERIM
4556,1,1 BR SENIOR UNIT,24/12/2018,15/01/2019,31/01/2019,SNR,205,22,16,38,SUNSHINE COAST,BUDERIM
4556,1,1 BR SENIOR UNIT,30/05/2018,18/06/2018,10/07/2018,SNR,205,19,22,41,SUNSHINE COAST,BUDERIM
4556,1,1 BR SENIOR UNIT,9/08/2018,20/08/2018,31/08/2018,SNR,205,11,11,22,SUNSHINE COAST,BUDERIM
4556,1,1 BR SENIOR UNIT,30/04/2019,13/05/2019,24/05/2019,SNR,205,13,11,24,SUNSHINE COAST,BUDERIM
4556,2,2 BR ATTACHED HOUSING,24/04/2019,2/05/2019,2/05/2019,RGS,205,8,0,8,SUNSHINE COAST,BUDERIM
4556,2,2 BR ATTACHED HOUSING,2/05/2019,9/05/2019,9/05/2019,RGS,205,7,0,7,SUNSHINE COAST,BUDERIM
4556,2,2 BR ATTACHED HOUSING,9/05/2019,10/05/2019,17/05/2019,RGS,205,1,7,8,SUNSHINE COAST,BUDERIM
4556,2,2 BR ATTACHED HOUSING,23/10/2018,5/11/2018,30/11/2018,RGS,205,13,25,38,SUNSHINE COAST,BUDERIM
4556,3,3 BR DUPLEX,30/05/2019,13/06/2019,24/06/2019,RGS,205,14,11,25,SUNSHINE COAST,NINDERRY
4556,2,2 BR ATTACHED HOUSING,10/09/2018,24/09/2018,18/10/2018,RGS,205,14,24,38,SUNSHINE COAST,BUDERIM
4556,2,2 BR ATTACHED HOUSING,27/09/2018,15/10/2018,2/11/2018,RGS,205,18,18,36,SUNSHINE COAST,BUDERIM
4830,2,2 BR DUAL OCCUPANCY,26/06/2018,6/09/2018,22/05/2019,RGS,209,72,258,330,BURKE,TRAEGER
4830,3,3 BR DETACHED HOUSE,29/11/2018,29/11/2018,29/11/2018,AHG,209,0,0,0,BURKE,TRAEGER
4510,3,3 BR DETACHED HOUSE,12/07/2018,25/07/2018,1/08/2018,RGS,103,13,7,20,MORETON BAY,MORAYFIELD
4510,3,3 BR DETACHED HOUSE,17/10/2018,2/11/2018,21/11/2018,RGS,103,16,19,35,MORETON BAY,MORAYFIELD
4510,3,3 BR DETACHED HOUSE,16/05/2019,24/05/2019,29/05/2019,RGS,103,8,5,13,MORETON BAY,MORAYFIELD
4510,2,2 BR APARTMENT,5/03/2019,22/03/2019,5/04/2019,RGS,103,17,14,31,MORETON BAY,MORAYFIELD
4510,1,1 BR SENIOR UNIT,19/06/2018,29/06/2018,3/08/2018,SNR,103,10,35,45,MORETON BAY,MORAYFIELD
4510,1,1 BR SENIOR UNIT,29/06/2018,11/07/2018,24/07/2018,SNR,103,12,13,25,MORETON BAY,MORAYFIELD
4510,1,1 BR SENIOR UNIT,7/05/2019,17/05/2019,27/05/2019,SNR,103,10,10,20,MORETON BAY,MORAYFIELD
4510,1,1 BR SENIOR UNIT,25/02/2019,8/03/2019,2/04/2019,SNR,103,11,25,36,MORETON BAY,MORAYFIELD
4510,1,1 BR SENIOR UNIT,18/12/2018,8/01/2019,22/02/2019,SNR,103,21,45,66,MORETON BAY,MORAYFIELD
4510,1,1 BR SENIOR UNIT,31/05/2019,11/06/2019,19/06/2019,SNR,103,11,8,19,MORETON BAY,MORAYFIELD
4510,1,1 BR SENIOR UNIT,3/12/2018,14/12/2018,20/12/2018,SNR,103,11,6,17,MORETON BAY,MORAYFIELD
4510,1,1 BR SENIOR UNIT,20/05/2019,29/05/2019,6/06/2019,SNR,103,9,8,17,MORETON BAY,MORAYFIELD
4510,1,1 BR SENIOR UNIT,18/06/2018,21/06/2018,25/07/2018,SNR,103,3,34,37,MORETON BAY,MORAYFIELD
4510,1,1 BR SENIOR UNIT,10/01/2019,29/01/2019,7/02/2019,SNR,103,19,9,28,MORETON BAY,MORAYFIELD
4510,3,3 BR DETACHED HOUSE,27/02/2019,8/03/2019,25/03/2019,RGS,103,9,17,26,MORETON BAY,MORAYFIELD
4510,3,3 BR DETACHED HOUSE,23/05/2019,4/06/2019,18/06/2019,RGS,103,12,14,26,MORETON BAY,MORAYFIELD
4510,3,3 BR DETACHED HOUSE,12/11/2018,22/11/2018,26/11/2018,RGS,103,10,4,14,MORETON BAY,MORAYFIELD
4510,3,3 BR DETACHED HOUSE,20/12/2018,17/01/2019,24/01/2019,RGS,103,28,7,35,MORETON BAY,MORAYFIELD
4510,2,2 BR DUPLEX,29/08/2018,13/09/2018,17/09/2018,RGS,103,15,4,19,MORETON BAY,MORAYFIELD
4510,2,2 BR DUPLEX,18/07/2018,23/07/2018,3/08/2018,RGS,103,5,11,16,MORETON BAY,MORAYFIELD
4510,2,2 BR ATTACHED HOUSING,22/03/2019,3/04/2019,11/04/2019,RGS,103,12,8,20,MORETON BAY,MORAYFIELD
4510,1,1 BR SENIOR UNIT,24/12/2018,14/01/2019,21/01/2019,SNR,103,21,7,28,MORETON BAY,MORAYFIELD
4510,1,1 BR APARTMENT,13/05/2019,28/05/2019,7/06/2019,RGS,103,15,10,25,MORETON BAY,MORAYFIELD
4510,1,1 BR APARTMENT,5/10/2018,15/10/2018,16/10/2018,RGS,103,10,1,11,MORETON BAY,MORAYFIELD
4510,1,1 BR APARTMENT,28/02/2019,12/03/2019,25/03/2019,RGS,103,12,13,25,MORETON BAY,MORAYFIELD
4510,1,1 BR APARTMENT,1/02/2019,13/02/2019,21/02/2019,RGS,103,12,8,20,MORETON BAY,MORAYFIELD
4510,1,1 BR APARTMENT,22/06/2018,5/07/2018,6/08/2018,RGS,103,13,32,45,MORETON BAY,MORAYFIELD
4510,2,2 BR CLUSTER HOUSING,1/02/2019,13/02/2019,13/03/2019,RGS,103,12,28,40,MORETON BAY,PUMICESTONE
4510,2,2 BR ATTACHED HOUSING,8/10/2018,8/10/2018,8/10/2018,RGS,103,0,0,0,MORETON BAY,MORAYFIELD
4510,2,2 BR ATTACHED HOUSING,20/02/2019,4/03/2019,19/03/2019,RGS,103,12,15,27,MORETON BAY,MORAYFIELD
4510,2,2 BR ATTACHED HOUSING,4/03/2019,15/03/2019,3/04/2019,RGS,103,11,19,30,MORETON BAY,MORAYFIELD
4510,4,4 BR DETACHED HOUSE,4/12/2018,20/12/2018,5/02/2019,RGS,103,16,47,63,MORETON BAY,MORAYFIELD
4510,1,1 BR APARTMENT,16/10/2018,25/10/2018,1/11/2018,RGS,103,9,7,16,MORETON BAY,MORAYFIELD
4510,1,1 BR APARTMENT,15/11/2018,7/01/2019,10/01/2019,RGS,103,53,3,56,MORETON BAY,MORAYFIELD
4510,1,1 BR APARTMENT,6/12/2018,14/12/2018,18/12/2018,RGS,103,8,4,12,MORETON BAY,MORAYFIELD
4510,1,1 BR SENIOR UNIT,19/06/2018,2/07/2018,25/07/2018,SNR,103,13,23,36,MORETON BAY,MORAYFIELD
4510,1,1 BR APARTMENT,8/08/2018,27/08/2018,31/08/2018,RGS,103,19,4,23,MORETON BAY,MORAYFIELD
4510,1,1 BR CLUSTER HOUSING,20/09/2018,3/10/2018,9/10/2018,RGS,103,13,6,19,MORETON BAY,MORAYFIELD
4510,1,1 BR APARTMENT,8/06/2018,28/06/2018,30/07/2018,RGS,103,20,32,52,MORETON BAY,MORAYFIELD
4510,2,2 BR CLUSTER HOUSING,23/04/2019,17/05/2019,30/05/2019,RGS,103,24,13,37,MORETON BAY,MORAYFIELD
4510,2,2 BR CLUSTER HOUSING,15/04/2019,3/05/2019,8/05/2019,RGS,103,18,5,23,MORETON BAY,MORAYFIELD
4510,5,5 BR DETACHED HOUSE,16/01/2019,6/02/2019,1/03/2019,RGS,103,21,23,44,MORETON BAY,MORAYFIELD
4510,3,3 BR DETACHED HOUSE,20/02/2019,8/03/2019,12/03/2019,RGS,103,16,4,20,MORETON BAY,MORAYFIELD
4510,3,3 BR DETACHED HOUSE,11/06/2018,2/07/2018,19/07/2018,RGS,103,21,17,38,MORETON BAY,MORAYFIELD
4510,3,3 BR DETACHED HOUSE,30/01/2019,30/01/2019,30/01/2019,RGS,103,0,0,0,MORETON BAY,MORAYFIELD
4510,3,3 BR DETACHED HOUSE,2/10/2018,19/10/2018,1/11/2018,RGS,103,17,13,30,MORETON BAY,MORAYFIELD
4510,1,1 BR SENIOR UNIT,17/12/2018,7/01/2019,4/02/2019,SNR,103,21,28,49,MORETON BAY,MORAYFIELD
4510,1,1 BR SENIOR UNIT,23/04/2019,3/05/2019,15/05/2019,SNR,103,10,12,22,MORETON BAY,MORAYFIELD
4510,3,3 BR DETACHED HOUSE,20/03/2019,3/04/2019,4/04/2019,RGS,103,14,1,15,MORETON BAY,PUMICESTONE
4510,3,3 BR DETACHED HOUSE,18/02/2019,18/03/2019,21/03/2019,RGS,103,28,3,31,MORETON BAY,MORAYFIELD
4510,3,3 BR DETACHED HOUSE,18/02/2019,1/03/2019,4/03/2019,RGS,103,11,3,14,MORETON BAY,MORAYFIELD
4510,1,1 BR APARTMENT,14/01/2019,6/02/2019,21/02/2019,RGS,103,23,15,38,MORETON BAY,MORAYFIELD
4510,2,2 BR ATTACHED HOUSING,4/07/2018,17/07/2018,20/07/2018,RGS,103,13,3,16,MORETON BAY,MORAYFIELD
4510,2,2 BR DUPLEX,14/11/2018,20/11/2018,22/11/2018,AHG,103,6,2,8,MORETON BAY,MORAYFIELD
4510,2,2 BR DUPLEX,29/06/2018,13/07/2018,6/08/2018,AHG,103,14,24,38,MORETON BAY,MORAYFIELD
4510,2,2 BR DUPLEX,7/08/2018,21/08/2018,23/08/2018,RGS,103,14,2,16,MORETON BAY,MORAYFIELD
4510,2,2 BR DUPLEX,7/02/2019,1/03/2019,12/03/2019,AHG,103,22,11,33,MORETON BAY,MORAYFIELD
4510,4,4 BR DETACHED HOUSE,21/09/2018,28/09/2018,22/10/2018,AHG,103,7,24,31,MORETON BAY,MORAYFIELD
4510,4,4 BR DETACHED HOUSE,22/10/2018,22/10/2018,22/10/2018,AHG,103,0,0,0,MORETON BAY,MORAYFIELD
4510,4,4 BR DETACHED HOUSE,19/10/2018,19/10/2018,19/10/2018,AHG,103,0,0,0,MORETON BAY,MORAYFIELD
4510,4,4 BR DETACHED HOUSE,17/09/2018,3/10/2018,10/10/2018,AHG,103,16,7,23,MORETON BAY,MORAYFIELD
4551,1,1 BR SENIOR UNIT,19/09/2018,28/09/2018,24/10/2018,SNR,205,9,26,35,SUNSHINE COAST,CALOUNDRA
4551,1,1 BR SENIOR UNIT,24/10/2018,6/11/2018,7/12/2018,SNR,205,13,31,44,SUNSHINE COAST,CALOUNDRA
4551,1,1 BR SENIOR UNIT,30/01/2019,11/02/2019,6/03/2019,SNR,205,12,23,35,SUNSHINE COAST,CALOUNDRA
4551,3,3 BR DETACHED HOUSE,10/09/2018,24/09/2018,17/10/2018,RGS,205,14,23,37,SUNSHINE COAST,CALOUNDRA
4551,3,3 BR DETACHED HOUSE,11/09/2018,21/09/2018,11/10/2018,RGS,205,10,20,30,SUNSHINE COAST,CALOUNDRA
4551,3,3 BR DETACHED HOUSE,13/09/2018,26/09/2018,19/10/2018,RGS,205,13,23,36,SUNSHINE COAST,CALOUNDRA
4551,3,3 BR DETACHED HOUSE,18/12/2018,15/01/2019,18/01/2019,RGS,205,28,3,31,SUNSHINE COAST,CALOUNDRA
4551,1,1 BR SENIOR UNIT,2/07/2018,18/07/2018,2/08/2018,SNR,205,16,15,31,SUNSHINE COAST,CALOUNDRA
4551,2,2 BR APARTMENT,13/03/2019,27/03/2019,23/04/2019,RGS,205,14,27,41,SUNSHINE COAST,CALOUNDRA
4551,2,2 BR APARTMENT,30/04/2019,15/05/2019,21/05/2019,RGS,205,15,6,21,SUNSHINE COAST,CALOUNDRA
4551,3,3 BR ATTACHED HOUSING,17/10/2018,2/11/2018,4/12/2018,RGS,205,16,32,48,SUNSHINE COAST,CALOUNDRA
4551,2,2 BR ATTACHED HOUSING,14/03/2019,28/03/2019,23/04/2019,RGS,205,14,26,40,SUNSHINE COAST,CALOUNDRA
4551,3,3 BR ATTACHED HOUSING,17/05/2019,27/05/2019,5/06/2019,RGS,205,10,9,19,SUNSHINE COAST,CALOUNDRA
4551,1,1 BR SENIOR UNIT,10/07/2018,12/07/2018,27/07/2018,SNR,205,2,15,17,SUNSHINE COAST,CALOUNDRA
4551,1,1 BR SENIOR UNIT,20/03/2019,2/04/2019,26/04/2019,SNR,205,13,24,37,SUNSHINE COAST,CALOUNDRA
4551,1,1 BR SENIOR UNIT,11/01/2019,22/01/2019,18/02/2019,SNR,205,11,27,38,SUNSHINE COAST,CALOUNDRA
4551,1,1 BR SENIOR UNIT,23/11/2018,6/12/2018,17/12/2018,SNR,205,13,11,24,SUNSHINE COAST,CALOUNDRA
4551,1,1 BR APARTMENT,26/03/2019,26/03/2019,26/03/2019,RGS,205,0,0,0,SUNSHINE COAST,CALOUNDRA
4551,1,1 BR APARTMENT,19/12/2018,15/01/2019,1/02/2019,RGS,205,27,17,44,SUNSHINE COAST,CALOUNDRA
4551,1,1 BR APARTMENT,11/06/2018,25/06/2018,24/07/2018,RGS,205,14,29,43,SUNSHINE COAST,CALOUNDRA
4551,1,1 BR APARTMENT,29/08/2018,5/09/2018,28/09/2018,RGS,205,7,23,30,SUNSHINE COAST,CALOUNDRA
4551,3,3 BR DETACHED HOUSE,21/05/2019,21/05/2019,21/05/2019,RGS,205,0,0,0,SUNSHINE COAST,KAWANA
4551,1,1 BR SENIOR UNIT,6/03/2019,18/03/2019,8/04/2019,SNR,205,12,21,33,SUNSHINE COAST,CALOUNDRA
4551,1,1 BR SENIOR UNIT,30/07/2018,6/08/2018,27/08/2018,SNR,205,7,21,28,SUNSHINE COAST,CALOUNDRA
4551,1,1 BR SENIOR UNIT,25/01/2019,7/02/2019,7/03/2019,SNR,205,13,28,41,SUNSHINE COAST,CALOUNDRA
4551,1,1 BR SENIOR UNIT,15/08/2018,28/08/2018,20/09/2018,SNR,205,13,23,36,SUNSHINE COAST,CALOUNDRA
4551,1,1 BR SENIOR UNIT,10/08/2018,23/08/2018,10/09/2018,SNR,205,13,18,31,SUNSHINE COAST,CALOUNDRA
4551,1,1 BR APARTMENT,25/05/2018,22/06/2018,19/07/2018,RGS,205,28,27,55,SUNSHINE COAST,CALOUNDRA
4551,1,1 BR APARTMENT,3/07/2018,18/07/2018,7/08/2018,RGS,205,15,20,35,SUNSHINE COAST,CALOUNDRA
4551,2,2 BR ATTACHED HOUSING,8/04/2019,18/04/2019,10/05/2019,RGS,205,10,22,32,SUNSHINE COAST,CALOUNDRA
4551,1,1 BR SENIOR UNIT,23/08/2018,30/08/2018,5/09/2018,SNR,205,7,6,13,SUNSHINE COAST,CALOUNDRA
4551,1,1 BR APARTMENT,11/10/2018,19/10/2018,9/11/2018,RGS,205,8,21,29,SUNSHINE COAST,CALOUNDRA
4551,1,1 BR APARTMENT,3/04/2019,17/04/2019,29/04/2019,RGS,205,14,12,26,SUNSHINE COAST,CALOUNDRA
4551,1,1 BR SENIOR UNIT,18/09/2018,28/09/2018,19/10/2018,SNR,205,10,21,31,SUNSHINE COAST,CALOUNDRA
4551,1,1 BR SENIOR UNIT,24/05/2019,31/05/2019,12/06/2019,SNR,205,7,12,19,SUNSHINE COAST,CALOUNDRA
4551,2,2 BR DUPLEX,30/05/2018,20/07/2018,3/08/2018,RGS,205,51,14,65,SUNSHINE COAST,CALOUNDRA
4300,3,3 BR DETACHED HOUSE,28/05/2019,28/05/2019,28/05/2019,RGS,102,0,0,0,IPSWICH,JORDAN
4300,3,3 BR DETACHED HOUSE,31/05/2019,17/06/2019,26/06/2019,RGS,102,17,9,26,IPSWICH,JORDAN
4300,3,3 BR DETACHED HOUSE,3/04/2019,26/04/2019,1/05/2019,RGS,102,23,5,28,IPSWICH,JORDAN
4157,3,3 BR DETACHED HOUSE,8/10/2018,25/10/2018,1/11/2018,RGS,106,17,7,24,REDLAND,CAPALABA
4157,2,2 BR ATTACHED HOUSING,12/12/2018,15/01/2019,15/01/2019,RGS,106,34,0,34,REDLAND,CAPALABA
4157,2,2 BR ATTACHED HOUSING,15/05/2018,7/06/2018,2/07/2018,RGS,106,23,25,48,REDLAND,CAPALABA
4157,2,2 BR ATTACHED HOUSING,12/02/2019,1/03/2019,15/03/2019,RGS,106,17,14,31,REDLAND,CAPALABA
4157,1,1 BR SENIOR UNIT,4/03/2019,15/03/2019,21/03/2019,SNR,106,11,6,17,REDLAND,CAPALABA
4157,1,1 BR SENIOR UNIT,12/02/2019,1/03/2019,7/03/2019,SNR,106,17,6,23,REDLAND,CAPALABA
4157,3,3 BR DETACHED HOUSE,26/10/2018,16/11/2018,23/11/2018,RGS,106,21,7,28,REDLAND,CAPALABA
4157,2,2 BR ATTACHED HOUSING,18/09/2018,10/10/2018,25/10/2018,RGS,106,22,15,37,REDLAND,CAPALABA
4157,2,2 BR ATTACHED HOUSING,15/01/2019,8/02/2019,21/02/2019,RGS,106,24,13,37,REDLAND,CAPALABA
4157,2,2 BR ATTACHED HOUSING,22/02/2019,25/02/2019,13/03/2019,RGS,106,3,16,19,REDLAND,CAPALABA
4157,2,2 BR ATTACHED HOUSING,20/03/2019,9/04/2019,10/04/2019,RGS,106,20,1,21,REDLAND,CAPALABA
4157,2,2 BR ATTACHED HOUSING,15/02/2019,28/02/2019,6/03/2019,RGS,106,13,6,19,REDLAND,CAPALABA
4157,2,2 BR ATTACHED HOUSING,15/10/2018,31/10/2018,6/11/2018,RGS,106,16,6,22,REDLAND,CAPALABA
4157,2,2 BR ATTACHED HOUSING,13/05/2019,31/05/2019,7/06/2019,RGS,106,18,7,25,REDLAND,CAPALABA
4157,2,2 BR ATTACHED HOUSING,2/07/2018,4/07/2018,4/07/2018,RGS,106,2,0,2,REDLAND,CAPALABA
4157,3,3 BR DETACHED HOUSE,17/10/2018,12/11/2018,14/11/2018,RGS,106,26,2,28,REDLAND,CAPALABA
4157,1,1 BR APARTMENT,22/02/2019,14/03/2019,2/04/2019,RGS,106,20,19,39,REDLAND,CAPALABA
4157,1,1 BR APARTMENT,19/07/2018,1/08/2018,17/08/2018,RGS,106,13,16,29,REDLAND,CAPALABA
4157,1,1 BR APARTMENT,6/06/2019,20/06/2019,24/06/2019,RGS,106,14,4,18,REDLAND,CAPALABA
4157,1,1 BR APARTMENT,13/06/2018,27/06/2018,2/07/2018,RGS,106,14,5,19,REDLAND,CAPALABA
4157,1,1 BR APARTMENT,22/01/2019,11/02/2019,4/03/2019,RGS,106,20,21,41,REDLAND,CAPALABA
4157,2,2 BR ATTACHED HOUSING,20/03/2018,25/07/2018,9/08/2018,RGS,106,127,15,142,REDLAND,CAPALABA
4157,3,3 BR CLUSTER HOUSING,23/04/2018,15/08/2018,20/08/2018,RGS,106,114,5,119,REDLAND,CAPALABA
4157,3,3 BR CLUSTER HOUSING,25/09/2018,17/10/2018,7/11/2018,RGS,106,22,21,43,REDLAND,CAPALABA
4157,2,2 BR ATTACHED HOUSING,8/04/2019,9/05/2019,23/05/2019,RGS,106,31,14,45,REDLAND,CAPALABA
4157,2,2 BR ATTACHED HOUSING,8/04/2019,1/05/2019,3/05/2019,RGS,106,23,2,25,REDLAND,CAPALABA
4157,2,2 BR ATTACHED HOUSING,27/08/2018,12/09/2018,14/09/2018,RGS,106,16,2,18,REDLAND,CAPALABA
4157,2,2 BR ATTACHED HOUSING,1/04/2019,17/04/2019,18/04/2019,RGS,106,16,1,17,REDLAND,CAPALABA
4157,2,2 BR ATTACHED HOUSING,6/12/2018,20/12/2018,25/01/2019,RGS,106,14,36,50,REDLAND,CAPALABA
4157,2,2 BR ATTACHED HOUSING,2/10/2018,17/10/2018,19/10/2018,RGS,106,15,2,17,REDLAND,CAPALABA
4157,2,2 BR ATTACHED HOUSING,8/04/2019,7/05/2019,9/05/2019,RGS,106,29,2,31,REDLAND,CAPALABA
4157,2,2 BR ATTACHED HOUSING,19/02/2019,13/03/2019,18/03/2019,RGS,106,22,5,27,REDLAND,CAPALABA
4157,2,2 BR ATTACHED HOUSING,15/03/2019,4/04/2019,12/04/2019,RGS,106,20,8,28,REDLAND,CAPALABA
4157,2,2 BR ATTACHED HOUSING,23/11/2018,13/12/2018,21/12/2018,RGS,106,20,8,28,REDLAND,CAPALABA
4157,3,3 BR DETACHED HOUSE,21/05/2019,21/05/2019,21/05/2019,RGS,106,0,0,0,REDLAND,CAPALABA
4157,3,3 BR DETACHED HOUSE,23/08/2018,19/09/2018,25/09/2018,RGS,106,27,6,33,REDLAND,CAPALABA
4157,1,1 BR APARTMENT,6/11/2018,22/11/2018,5/12/2018,RGS,106,16,13,29,REDLAND,CAPALABA
4157,1,1 BR SENIOR UNIT,13/09/2018,27/09/2018,9/10/2018,SNR,106,14,12,26,REDLAND,CAPALABA
4157,1,1 BR SENIOR UNIT,31/07/2018,16/08/2018,29/08/2018,SNR,106,16,13,29,REDLAND,CAPALABA
4157,3,3 BR DETACHED HOUSE,16/01/2019,21/01/2019,8/03/2019,RGS,106,5,46,51,REDLAND,CAPALABA
4157,2,2 BR ATTACHED HOUSING,14/02/2019,11/03/2019,11/03/2019,RGS,106,25,0,25,REDLAND,CAPALABA
4157,4,4 BR DETACHED HOUSE,14/02/2019,14/03/2019,14/03/2019,RGS,106,28,0,28,REDLAND,CAPALABA
4157,3,3 BR DETACHED HOUSE,4/06/2018,28/06/2018,2/07/2018,RGS,106,24,4,28,REDLAND,CAPALABA
4849,3,3 BR DETACHED HOUSE,17/09/2018,28/09/2018,10/10/2018,RGS,202,11,12,23,CASSOWARY COAST,HINCHINBROOK
4413,2,2 BR DUPLEX,6/06/2019,6/06/2019,6/06/2019,RGS,207,0,0,0,WESTERN DOWNS,CALLIDE
4413,3,3 BR DETACHED HOUSE,7/03/2018,16/03/2018,8/11/2018,RGS,207,9,237,246,WESTERN DOWNS,CALLIDE
4413,1,1 BR SENIOR UNIT,17/09/2018,28/09/2018,4/12/2018,SNR,207,11,67,78,WESTERN DOWNS,CALLIDE
4413,4,4 BR DETACHED HOUSE,3/05/2018,11/05/2018,26/07/2018,RGS,207,8,76,84,WESTERN DOWNS,CALLIDE
4820,2,2 BR DUPLEX,2/05/2019,14/05/2019,20/05/2019,RGS,201,12,6,18,CHARTERS TOWERS,TRAEGER
4820,2,2 BR DUAL OCCUPANCY,20/12/2018,18/01/2019,14/02/2019,RGS,201,29,27,56,CHARTERS TOWERS,TRAEGER
4820,2,2 BR DUAL OCCUPANCY,15/01/2019,6/02/2019,1/03/2019,RGS,201,22,23,45,CHARTERS TOWERS,TRAEGER
4820,2,2 BR DUPLEX,5/12/2018,14/12/2018,21/12/2018,RGS,201,9,7,16,CHARTERS TOWERS,TRAEGER
4820,2,2 BR DUPLEX,14/08/2018,22/08/2018,3/09/2018,RGS,201,8,12,20,CHARTERS TOWERS,TRAEGER
4820,1,1 BR SENIOR UNIT,4/07/2018,17/07/2018,22/08/2018,SNR,201,13,36,49,CHARTERS TOWERS,TRAEGER
4820,1,1 BR SENIOR UNIT,11/10/2018,19/10/2018,24/10/2018,SNR,201,8,5,13,CHARTERS TOWERS,TRAEGER
4820,3,3 BR DETACHED HOUSE,16/07/2018,30/07/2018,17/08/2018,RGS,201,14,18,32,CHARTERS TOWERS,TRAEGER
4820,3,3 BR DETACHED HOUSE,19/07/2018,30/07/2018,4/09/2018,AHG,201,11,36,47,CHARTERS TOWERS,TRAEGER
4820,3,3 BR DETACHED HOUSE,26/03/2019,5/04/2019,18/04/2019,AHG,201,10,13,23,CHARTERS TOWERS,TRAEGER
4820,4,4 BR DETACHED HOUSE,27/08/2018,12/09/2018,20/09/2018,RGS,201,16,8,24,CHARTERS TOWERS,TRAEGER
4820,4,4 BR CLUSTER HOUSING,5/09/2018,10/09/2018,12/09/2018,AHG,201,5,2,7,CHARTERS TOWERS,TRAEGER
4820,2,2 BR CLUSTER HOUSING,9/11/2018,22/11/2018,3/12/2018,AHG,201,13,11,24,CHARTERS TOWERS,TRAEGER
4470,3,3 BR DETACHED HOUSE,8/12/2017,15/12/2017,4/10/2018,RGS,207,7,293,300,MURWEH,WARREGO
4470,2,2 BR DETACHED HOUSE,19/10/2018,26/10/2018,14/12/2018,RGS,207,7,49,56,MURWEH,WARREGO
4470,2,2 BR DUPLEX,2/05/2018,11/05/2018,22/05/2019,RGS,207,9,376,385,MURWEH,WARREGO
4470,2,2 BR DUPLEX,21/06/2018,29/06/2018,8/10/2018,RGS,207,8,101,109,MURWEH,WARREGO
4470,4,4 BR DETACHED HOUSE,9/11/2018,16/11/2018,20/05/2019,AHG,207,7,185,192,MURWEH,WARREGO
4895,3,3 BR DETACHED HOUSE,8/05/2018,22/08/2018,29/08/2018,AHG,202,106,7,113,COOK,COOK
4895,3,3 BR DETACHED HOUSE,8/08/2018,23/08/2018,27/08/2018,AHG,202,15,4,19,COOK,COOK
4573,2,2 BR ATTACHED HOUSING,30/11/2018,17/12/2018,4/01/2019,RGS,205,17,18,35,SUNSHINE COAST,NINDERRY
4573,2,2 BR ATTACHED HOUSING,16/01/2019,23/01/2019,8/03/2019,RGS,205,7,44,51,SUNSHINE COAST,NINDERRY
4573,1,1 BR SENIOR UNIT,17/08/2018,4/09/2018,24/09/2018,SNR,205,18,20,38,SUNSHINE COAST,NINDERRY
4573,1,1 BR SENIOR UNIT,23/01/2019,1/02/2019,15/03/2019,SNR,205,9,42,51,SUNSHINE COAST,NINDERRY
4573,1,1 BR SENIOR UNIT,22/03/2019,3/04/2019,29/04/2019,SNR,205,12,26,38,SUNSHINE COAST,NINDERRY
4573,1,1 BR SENIOR UNIT,3/10/2018,15/10/2018,1/11/2018,SNR,205,12,17,29,SUNSHINE COAST,NINDERRY
4824,3,3 BR DETACHED HOUSE,27/09/2018,8/11/2018,10/04/2019,RGS,209,42,153,195,CLONCURRY,TRAEGER
4824,3,3 BR DETACHED HOUSE,7/08/2018,14/09/2018,19/09/2018,RGS,209,38,5,43,CLONCURRY,TRAEGER
4824,3,3 BR DETACHED HOUSE,14/09/2018,8/10/2018,16/11/2018,RGS,209,24,39,63,CLONCURRY,TRAEGER
4824,1,1 BR SENIOR UNIT,29/05/2018,18/06/2018,7/05/2019,SNR,209,20,323,343,CLONCURRY,TRAEGER
4824,3,3 BR DETACHED HOUSE,17/12/2018,19/03/2019,8/04/2019,RGS,209,92,20,112,CLONCURRY,TRAEGER
4824,3,3 BR DETACHED HOUSE,24/04/2019,10/05/2019,17/05/2019,RGS,209,16,7,23,CLONCURRY,TRAEGER
4824,2,2 BR DUAL OCCUPANCY,20/11/2017,11/12/2017,12/09/2018,RGS,209,21,275,296,CLONCURRY,TRAEGER
4824,3,3 BR DETACHED HOUSE,23/07/2018,31/08/2018,6/11/2018,AHG,209,39,67,106,CLONCURRY,TRAEGER
4824,3,3 BR DETACHED HOUSE,3/05/2018,31/05/2018,30/08/2018,AHG,209,28,91,119,CLONCURRY,TRAEGER
4721,2,2 BR DUPLEX,1/11/2017,14/12/2017,16/07/2018,RGS,203,43,214,257,ISAAC,BURDEKIN
4721,2,2 BR DUPLEX,24/05/2018,8/06/2018,3/07/2018,RGS,203,15,25,40,ISAAC,BURDEKIN
4721,3,3 BR DETACHED HOUSE,5/02/2019,28/02/2019,12/04/2019,RGS,203,23,43,66,ISAAC,BURDEKIN
4721,3,3 BR DETACHED HOUSE,25/01/2019,29/01/2019,29/01/2019,RGS,203,4,0,4,ISAAC,BURDEKIN
4721,2,2 BR DUPLEX,5/10/2018,5/11/2018,29/04/2019,RGS,203,31,175,206,ISAAC,BURDEKIN
4721,2,2 BR DUPLEX,21/11/2018,14/12/2018,16/01/2019,RGS,203,23,33,56,ISAAC,BURDEKIN
4721,2,2 BR DUPLEX,6/08/2018,5/10/2018,26/04/2019,RGS,203,60,203,263,ISAAC,BURDEKIN
4721,2,2 BR DUPLEX,22/11/2018,14/12/2018,19/06/2019,RGS,203,22,187,209,ISAAC,BURDEKIN
4163,1,1 BR SENIOR UNIT,14/01/2019,29/01/2019,31/01/2019,SNR,106,15,2,17,REDLAND,OODGEROO
4163,1,1 BR SENIOR UNIT,2/07/2018,19/07/2018,24/07/2018,SNR,106,17,5,22,REDLAND,OODGEROO
4163,1,1 BR SENIOR UNIT,8/08/2018,30/08/2018,31/08/2018,SNR,106,22,1,23,REDLAND,OODGEROO
4163,1,1 BR SENIOR UNIT,8/03/2019,27/03/2019,29/03/2019,SNR,106,19,2,21,REDLAND,OODGEROO
4163,1,1 BR APARTMENT,24/08/2018,27/09/2018,28/09/2018,RGS,106,34,1,35,REDLAND,OODGEROO
4163,1,1 BR APARTMENT,17/06/2019,17/06/2019,17/06/2019,RGS,106,0,0,0,REDLAND,OODGEROO
4163,1,1 BR SENIOR UNIT,9/10/2018,29/10/2018,13/11/2018,SNR,106,20,15,35,REDLAND,OODGEROO
4163,1,1 BR SENIOR UNIT,29/08/2018,18/09/2018,20/09/2018,SNR,106,20,2,22,REDLAND,OODGEROO
4163,1,1 BR SENIOR UNIT,9/01/2019,23/01/2019,23/01/2019,SNR,106,14,0,14,REDLAND,OODGEROO
4163,1,1 BR SENIOR UNIT,7/08/2018,21/08/2018,27/08/2018,SNR,106,14,6,20,REDLAND,OODGEROO
4163,1,1 BR SENIOR UNIT,11/03/2019,22/03/2019,26/03/2019,SNR,106,11,4,15,REDLAND,OODGEROO
4163,1,1 BR SENIOR UNIT,24/05/2019,7/06/2019,18/06/2019,SNR,106,14,11,25,REDLAND,OODGEROO
4163,1,1 BR SENIOR UNIT,29/06/2018,19/07/2018,26/07/2018,SNR,106,20,7,27,REDLAND,OODGEROO
4163,1,1 BR SENIOR UNIT,22/06/2018,9/07/2018,17/07/2018,SNR,106,17,8,25,REDLAND,OODGEROO
4163,1,1 BR SENIOR UNIT,19/06/2018,3/07/2018,4/07/2018,SNR,106,14,1,15,REDLAND,OODGEROO
4163,3,3 BR DETACHED HOUSE,29/01/2019,19/02/2019,20/02/2019,RGS,106,21,1,22,REDLAND,OODGEROO
4163,1,1 BR SENIOR UNIT,10/09/2018,3/10/2018,10/10/2018,SNR,106,23,7,30,REDLAND,OODGEROO
4163,1,1 BR SENIOR UNIT,26/03/2019,12/04/2019,23/04/2019,SNR,106,17,11,28,REDLAND,OODGEROO
4163,1,1 BR SENIOR UNIT,20/03/2019,1/04/2019,24/04/2019,SNR,106,12,23,35,REDLAND,OODGEROO
4163,1,1 BR SENIOR UNIT,8/04/2019,26/04/2019,29/04/2019,SNR,106,18,3,21,REDLAND,OODGEROO
4163,1,1 BR SENIOR UNIT,23/10/2018,8/11/2018,13/11/2018,SNR,106,16,5,21,REDLAND,OODGEROO
4163,1,1 BR SENIOR UNIT,20/11/2018,10/12/2018,19/12/2018,SNR,106,20,9,29,REDLAND,OODGEROO
4163,1,1 BR SENIOR UNIT,19/06/2018,5/07/2018,12/07/2018,SNR,106,16,7,23,REDLAND,OODGEROO
4163,1,1 BR SENIOR UNIT,14/01/2019,29/01/2019,31/01/2019,SNR,106,15,2,17,REDLAND,OODGEROO
4163,1,1 BR SENIOR UNIT,21/09/2018,9/10/2018,10/10/2018,SNR,106,18,1,19,REDLAND,OODGEROO
4163,3,3 BR DETACHED HOUSE,19/03/2019,16/04/2019,16/04/2019,RGS,106,28,0,28,REDLAND,OODGEROO
4163,1,1 BR APARTMENT,25/01/2019,14/02/2019,22/02/2019,RGS,106,20,8,28,REDLAND,OODGEROO
4163,3,3 BR DETACHED HOUSE,21/01/2019,13/02/2019,18/02/2019,RGS,106,23,5,28,REDLAND,OODGEROO
4163,3,3 BR DETACHED HOUSE,7/03/2019,14/03/2019,25/03/2019,RGS,106,7,11,18,REDLAND,OODGEROO
4216,2,2 BR DUPLEX,17/05/2019,24/05/2019,27/05/2019,RGS,204,7,3,10,GOLD COAST,BROADWATER
4216,2,2 BR DUPLEX,14/01/2019,24/01/2019,31/01/2019,RGS,204,10,7,17,GOLD COAST,BROADWATER
4551,3,3 BR DETACHED HOUSE,14/08/2018,27/08/2018,28/08/2018,RGS,205,13,1,14,SUNSHINE COAST,KAWANA
4551,2,2 BR DUPLEX,8/05/2018,22/06/2018,16/08/2018,RGS,205,45,55,100,SUNSHINE COAST,KAWANA
4551,2,2 BR DUPLEX,16/08/2018,16/08/2018,16/08/2018,RGS,205,0,0,0,SUNSHINE COAST,KAWANA
4870,3,3 BR DETACHED HOUSE,7/03/2019,21/03/2019,26/03/2019,RGS,202,14,5,19,CAIRNS,CAIRNS
4870,3,3 BR DETACHED HOUSE,20/09/2018,10/10/2018,24/10/2018,RGS,202,20,14,34,CAIRNS,CAIRNS
4870,3,3 BR DETACHED HOUSE,24/10/2018,24/10/2018,25/10/2018,RGS,202,0,1,1,CAIRNS,CAIRNS
4870,3,3 BR DETACHED HOUSE,3/12/2018,12/12/2018,14/12/2018,RGS,202,9,2,11,CAIRNS,CAIRNS
4870,3,3 BR DETACHED HOUSE,20/12/2018,20/12/2018,11/01/2019,RGS,202,0,22,22,CAIRNS,CAIRNS
4870,1,1 BR SENIOR UNIT,27/09/2018,10/10/2018,17/12/2018,SNR,202,13,68,81,CAIRNS,CAIRNS
4870,1,1 BR SENIOR UNIT,27/03/2019,5/04/2019,8/04/2019,SNR,202,9,3,12,CAIRNS,CAIRNS
4870,1,1 BR SENIOR UNIT,11/05/2018,28/05/2018,12/07/2018,SNR,202,17,45,62,CAIRNS,CAIRNS
4870,1,1 BR SENIOR UNIT,18/07/2018,24/07/2018,14/08/2018,SNR,202,6,21,27,CAIRNS,CAIRNS
4870,1,1 BR SENIOR UNIT,25/09/2018,5/10/2018,24/10/2018,SNR,202,10,19,29,CAIRNS,CAIRNS
4870,1,1 BR SENIOR UNIT,27/02/2019,11/03/2019,8/05/2019,SNR,202,12,58,70,CAIRNS,CAIRNS
4870,1,1 BR SENIOR UNIT,18/02/2019,27/02/2019,28/03/2019,SNR,202,9,29,38,CAIRNS,CAIRNS
4870,1,1 BR SENIOR UNIT,8/08/2018,22/08/2018,27/08/2018,SNR,202,14,5,19,CAIRNS,CAIRNS
4870,1,1 BR SENIOR UNIT,28/06/2018,11/07/2018,11/09/2018,SNR,202,13,62,75,CAIRNS,CAIRNS
4870,1,1 BR SENIOR UNIT,19/09/2018,28/09/2018,3/10/2018,SNR,202,9,5,14,CAIRNS,CAIRNS
4870,1,1 BR SENIOR UNIT,22/05/2019,3/06/2019,26/06/2019,SNR,202,12,23,35,CAIRNS,CAIRNS
4870,1,1 BR SENIOR UNIT,15/02/2019,22/02/2019,1/03/2019,SNR,202,7,7,14,CAIRNS,CAIRNS
4870,1,1 BR SENIOR UNIT,27/07/2018,7/08/2018,16/08/2018,SNR,202,11,9,20,CAIRNS,CAIRNS
4870,1,1 BR SENIOR UNIT,21/05/2018,31/05/2018,14/08/2018,SNR,202,10,75,85,CAIRNS,CAIRNS
4870,3,3 BR DETACHED HOUSE,27/05/2019,28/05/2019,30/05/2019,AHG,202,1,2,3,CAIRNS,CAIRNS
4870,3,3 BR DETACHED HOUSE,5/04/2019,29/04/2019,3/05/2019,RGS,202,24,4,28,CAIRNS,CAIRNS
4870,3,3 BR DETACHED HOUSE,5/07/2018,23/07/2018,6/08/2018,RGS,202,18,14,32,CAIRNS,CAIRNS
4870,3,3 BR DETACHED HOUSE,14/02/2019,4/03/2019,12/03/2019,RGS,202,18,8,26,CAIRNS,CAIRNS
4870,3,3 BR DETACHED HOUSE,25/10/2017,10/11/2017,4/07/2018,RGS,202,16,236,252,CAIRNS,CAIRNS
4870,2,2 BR DUPLEX,10/01/2019,23/01/2019,1/02/2019,RGS,202,13,9,22,CAIRNS,CAIRNS
4870,2,2 BR DUPLEX,14/02/2019,20/02/2019,27/02/2019,RGS,202,6,7,13,CAIRNS,CAIRNS
4870,2,2 BR DUPLEX,14/12/2018,17/12/2018,17/12/2018,RGS,202,3,0,3,CAIRNS,CAIRNS
4870,2,2 BR DUPLEX,17/12/2018,14/01/2019,17/01/2019,RGS,202,28,3,31,CAIRNS,CAIRNS
4870,2,2 BR DUPLEX,30/04/2019,21/05/2019,23/05/2019,RGS,202,21,2,23,CAIRNS,CAIRNS
4870,2,2 BR DUPLEX,1/04/2019,12/04/2019,16/04/2019,RGS,202,11,4,15,CAIRNS,CAIRNS
4870,2,2 BR DUPLEX,3/01/2019,17/01/2019,21/01/2019,RGS,202,14,4,18,CAIRNS,CAIRNS
4870,3,3 BR DETACHED HOUSE,2/04/2019,2/04/2019,3/04/2019,RGS,202,0,1,1,CAIRNS,CAIRNS
4870,2,2 BR DUPLEX,25/09/2018,8/10/2018,9/10/2018,RGS,202,13,1,14,CAIRNS,CAIRNS
4870,3,3 BR DETACHED HOUSE,8/02/2019,20/02/2019,28/02/2019,RGS,202,12,8,20,CAIRNS,CAIRNS
4870,2,2 BR DUPLEX,4/07/2018,16/07/2018,7/08/2018,RGS,202,12,22,34,CAIRNS,CAIRNS
4870,3,3 BR CLUSTER HOUSING,5/11/2018,16/11/2018,26/11/2018,RGS,202,11,10,21,CAIRNS,CAIRNS
4870,3,3 BR CLUSTER HOUSING,23/05/2018,5/06/2018,10/07/2018,RGS,202,13,35,48,CAIRNS,CAIRNS
4870,3,3 BR CLUSTER HOUSING,5/07/2018,17/07/2018,3/08/2018,RGS,202,12,17,29,CAIRNS,CAIRNS
4870,3,3 BR CLUSTER HOUSING,16/11/2018,3/12/2018,4/12/2018,RGS,202,17,1,18,CAIRNS,CAIRNS
4870,3,3 BR CLUSTER HOUSING,13/12/2018,10/01/2019,15/01/2019,RGS,202,28,5,33,CAIRNS,CAIRNS
4870,3,3 BR CLUSTER HOUSING,3/01/2019,4/01/2019,18/01/2019,RGS,202,1,14,15,CAIRNS,CAIRNS
4870,3,3 BR CLUSTER HOUSING,4/12/2018,18/12/2018,20/12/2018,RGS,202,14,2,16,CAIRNS,CAIRNS
4870,3,3 BR CLUSTER HOUSING,1/04/2019,11/04/2019,5/06/2019,RGS,202,10,55,65,CAIRNS,CAIRNS
4868,2,2 BR DUPLEX,8/08/2018,22/08/2018,29/08/2018,RGS,202,14,7,21,CAIRNS,MULGRAVE
4868,4,4 BR DETACHED HOUSE,13/09/2018,25/10/2018,30/10/2018,RGS,202,42,5,47,CAIRNS,MULGRAVE
4868,3,3 BR DETACHED HOUSE,22/11/2018,6/12/2018,6/12/2018,RGS,202,14,0,14,CAIRNS,MULGRAVE
4868,3,3 BR DETACHED HOUSE,10/05/2019,3/06/2019,5/06/2019,RGS,202,24,2,26,CAIRNS,MULGRAVE
4870,1,1 BR SENIOR UNIT,22/05/2019,5/06/2019,6/06/2019,SNR,202,14,1,15,CAIRNS,CAIRNS
4870,1,1 BR SENIOR UNIT,25/10/2018,5/11/2018,20/11/2018,SNR,202,11,15,26,CAIRNS,CAIRNS
4870,1,1 BR SENIOR UNIT,31/07/2018,8/08/2018,8/10/2018,SNR,202,8,61,69,CAIRNS,CAIRNS
4870,1,1 BR SENIOR UNIT,14/11/2018,23/11/2018,30/11/2018,SNR,202,9,7,16,CAIRNS,CAIRNS
4870,3,3 BR DUPLEX,19/10/2018,23/11/2018,23/11/2018,RGS,202,35,0,35,CAIRNS,CAIRNS
4870,3,3 BR DETACHED HOUSE,8/11/2018,22/11/2018,4/12/2018,RGS,202,14,12,26,CAIRNS,CAIRNS
4870,4,4 BR DETACHED HOUSE,18/10/2018,5/11/2018,12/11/2018,RGS,202,18,7,25,CAIRNS,CAIRNS
4868,2,2 BR APARTMENT,21/08/2018,3/09/2018,2/10/2018,RGS,202,13,29,42,CAIRNS,MULGRAVE
4868,2,2 BR APARTMENT,25/01/2019,6/02/2019,5/03/2019,RGS,202,12,27,39,CAIRNS,MULGRAVE
4868,2,2 BR APARTMENT,17/12/2018,20/12/2018,7/01/2019,RGS,202,3,18,21,CAIRNS,MULGRAVE
4870,1,1 BR APARTMENT,9/01/2019,18/01/2019,23/01/2019,RGS,202,9,5,14,CAIRNS,CAIRNS
4870,1,1 BR SENIOR UNIT,22/03/2019,3/04/2019,12/04/2019,SNR,202,12,9,21,CAIRNS,CAIRNS
4870,1,1 BR SENIOR UNIT,20/06/2018,28/06/2018,16/07/2018,SNR,202,8,18,26,CAIRNS,CAIRNS
4870,3,3 BR CLUSTER HOUSING,8/02/2019,22/02/2019,4/03/2019,RGS,202,14,10,24,CAIRNS,CAIRNS
4870,3,3 BR CLUSTER HOUSING,10/04/2019,26/04/2019,22/05/2019,RGS,202,16,26,42,CAIRNS,CAIRNS
4870,3,3 BR CLUSTER HOUSING,9/01/2019,23/01/2019,1/02/2019,RGS,202,14,9,23,CAIRNS,CAIRNS
4870,2,2 BR ATTACHED HOUSING,10/10/2018,30/10/2018,29/11/2018,RGS,202,20,30,50,CAIRNS,CAIRNS
4870,2,2 BR ATTACHED HOUSING,23/10/2018,5/11/2018,21/11/2018,RGS,202,13,16,29,CAIRNS,CAIRNS
4870,2,2 BR ATTACHED HOUSING,8/04/2019,23/04/2019,3/05/2019,RGS,202,15,10,25,CAIRNS,CAIRNS
4878,3,3 BR DETACHED HOUSE,2/08/2018,16/08/2018,27/08/2018,RGS,202,14,11,25,CAIRNS,BARRON RIVER
4870,1,1 BR APARTMENT,24/07/2018,6/08/2018,24/08/2018,RGS,202,13,18,31,CAIRNS,CAIRNS
4870,1,1 BR APARTMENT,7/09/2018,20/09/2018,24/09/2018,RGS,202,13,4,17,CAIRNS,CAIRNS
4870,1,1 BR APARTMENT,14/01/2019,24/01/2019,30/01/2019,RGS,202,10,6,16,CAIRNS,CAIRNS
4870,3,3 BR CLUSTER HOUSING,24/05/2019,5/06/2019,7/06/2019,RGS,202,12,2,14,CAIRNS,CAIRNS
4870,3,3 BR CLUSTER HOUSING,16/04/2019,30/04/2019,7/05/2019,RGS,202,14,7,21,CAIRNS,CAIRNS
4868,2,2 BR APARTMENT,11/01/2019,25/01/2019,28/03/2019,RGS,202,14,62,76,CAIRNS,MULGRAVE
4870,3,3 BR DETACHED HOUSE,14/02/2019,29/03/2019,14/05/2019,RGS,202,43,46,89,CAIRNS,CAIRNS
4870,3,3 BR DETACHED HOUSE,3/08/2018,22/08/2018,28/08/2018,RGS,202,19,6,25,CAIRNS,CAIRNS
4868,3,3 BR DETACHED HOUSE,10/12/2018,21/12/2018,21/12/2018,RGS,202,11,0,11,CAIRNS,MULGRAVE
4868,2,2 BR DUPLEX,11/09/2018,24/09/2018,18/10/2018,RGS,202,13,24,37,CAIRNS,MULGRAVE
4870,1,1 BR APARTMENT,10/08/2018,23/08/2018,2/10/2018,RGS,202,13,40,53,CAIRNS,CAIRNS
4870,1,1 BR APARTMENT,19/09/2018,2/10/2018,12/10/2018,RGS,202,13,10,23,CAIRNS,CAIRNS
4870,1,1 BR APARTMENT,23/08/2018,2/10/2018,22/11/2018,RGS,202,40,51,91,CAIRNS,CAIRNS
4870,1,1 BR APARTMENT,31/01/2019,7/02/2019,6/03/2019,RGS,202,7,27,34,CAIRNS,CAIRNS
4870,1,1 BR APARTMENT,27/11/2018,17/12/2018,10/04/2019,RGS,202,20,114,134,CAIRNS,CAIRNS
4870,1,1 BR APARTMENT,8/01/2018,17/01/2018,17/10/2018,RGS,202,9,273,282,CAIRNS,CAIRNS
4870,1,1 BR APARTMENT,13/08/2018,27/08/2018,7/01/2019,RGS,202,14,133,147,CAIRNS,CAIRNS
4870,1,1 BR APARTMENT,5/11/2018,16/11/2018,11/12/2018,RGS,202,11,25,36,CAIRNS,CAIRNS
4870,1,1 BR APARTMENT,5/06/2018,15/06/2018,19/12/2018,RGS,202,10,187,197,CAIRNS,CAIRNS
4870,1,1 BR APARTMENT,8/11/2018,21/11/2018,19/12/2018,RGS,202,13,28,41,CAIRNS,CAIRNS
4870,1,1 BR SENIOR UNIT,28/08/2018,11/09/2018,11/09/2018,SNR,202,14,0,14,CAIRNS,CAIRNS
4870,1,1 BR SENIOR UNIT,10/07/2018,19/07/2018,10/08/2018,SNR,202,9,22,31,CAIRNS,CAIRNS
4870,1,1 BR SENIOR UNIT,26/10/2018,5/11/2018,21/12/2018,SNR,202,10,46,56,CAIRNS,CAIRNS
4870,1,1 BR SENIOR UNIT,9/10/2018,17/10/2018,29/11/2018,SNR,202,8,43,51,CAIRNS,CAIRNS
4870,1,1 BR SENIOR UNIT,11/10/2018,22/10/2018,7/12/2018,SNR,202,11,46,57,CAIRNS,CAIRNS
4870,1,1 BR SENIOR UNIT,7/06/2019,7/06/2019,11/06/2019,SNR,202,0,4,4,CAIRNS,CAIRNS
4870,1,1 BR SENIOR UNIT,25/03/2019,4/04/2019,22/05/2019,SNR,202,10,48,58,CAIRNS,CAIRNS
4870,3,3 BR CLUSTER HOUSING,8/05/2019,13/05/2019,14/05/2019,RGS,202,5,1,6,CAIRNS,CAIRNS
4870,3,3 BR CLUSTER HOUSING,18/04/2019,7/05/2019,29/05/2019,RGS,202,19,22,41,CAIRNS,CAIRNS
4870,1,1 BR SENIOR UNIT,10/07/2018,19/07/2018,3/08/2018,SNR,202,9,15,24,CAIRNS,CAIRNS
4870,1,1 BR SENIOR UNIT,11/07/2018,19/07/2018,20/09/2018,SNR,202,8,63,71,CAIRNS,CAIRNS
4870,1,1 BR SENIOR UNIT,30/11/2018,7/12/2018,7/12/2018,SNR,202,7,0,7,CAIRNS,CAIRNS
4870,1,1 BR SENIOR UNIT,17/12/2018,14/01/2019,21/03/2019,SNR,202,28,66,94,CAIRNS,CAIRNS
4870,1,1 BR SENIOR UNIT,13/09/2018,25/09/2018,30/10/2018,SNR,202,12,35,47,CAIRNS,CAIRNS
4868,3,3 BR DETACHED HOUSE,15/04/2019,2/05/2019,7/05/2019,RGS,202,17,5,22,CAIRNS,MULGRAVE
4868,3,3 BR DETACHED HOUSE,20/08/2018,29/08/2018,3/09/2018,RGS,202,9,5,14,CAIRNS,MULGRAVE
4870,1,1 BR APARTMENT,24/07/2018,6/08/2018,9/08/2018,RGS,202,13,3,16,CAIRNS,CAIRNS
4870,1,1 BR APARTMENT,24/04/2019,16/05/2019,17/05/2019,RGS,202,22,1,23,CAIRNS,CAIRNS
4870,2,2 BR ATTACHED HOUSING,2/01/2019,14/01/2019,21/01/2019,RGS,202,12,7,19,CAIRNS,CAIRNS
4870,4,4 BR DETACHED HOUSE,9/11/2018,9/11/2018,9/11/2018,RGS,202,0,0,0,CAIRNS,CAIRNS
4870,3,3 BR DETACHED HOUSE,18/06/2019,18/06/2019,18/06/2019,RGS,202,0,0,0,CAIRNS,CAIRNS
4870,1,1 BR SENIOR UNIT,8/03/2019,15/03/2019,9/04/2019,SNR,202,7,25,32,CAIRNS,CAIRNS
4870,1,1 BR APARTMENT,16/11/2018,27/11/2018,3/01/2019,RGS,202,11,37,48,CAIRNS,CAIRNS
4870,1,1 BR APARTMENT,10/04/2019,26/04/2019,7/05/2019,RGS,202,16,11,27,CAIRNS,CAIRNS
4870,1,1 BR SENIOR UNIT,17/12/2018,9/01/2019,24/01/2019,SNR,202,23,15,38,CAIRNS,CAIRNS
4870,1,1 BR SENIOR UNIT,26/09/2018,4/10/2018,8/11/2018,SNR,202,8,35,43,CAIRNS,CAIRNS
4870,1,1 BR SENIOR UNIT,20/03/2019,1/04/2019,7/06/2019,SNR,202,12,67,79,CAIRNS,CAIRNS
4870,1,1 BR SENIOR UNIT,9/11/2018,23/11/2018,17/01/2019,SNR,202,14,55,69,CAIRNS,CAIRNS
4870,1,1 BR APARTMENT,7/06/2019,21/06/2019,26/06/2019,RGS,202,14,5,19,CAIRNS,CAIRNS
4870,1,1 BR APARTMENT,2/05/2019,16/05/2019,21/05/2019,RGS,202,14,5,19,CAIRNS,CAIRNS
4870,1,1 BR APARTMENT,18/07/2018,19/07/2018,23/07/2018,RGS,202,1,4,5,CAIRNS,CAIRNS
4870,1,1 BR SENIOR UNIT,27/07/2018,7/08/2018,22/08/2018,SNR,202,11,15,26,CAIRNS,CAIRNS
4870,1,1 BR SENIOR UNIT,9/10/2018,19/10/2018,9/11/2018,SNR,202,10,21,31,CAIRNS,CAIRNS
4870,1,1 BR SENIOR UNIT,28/09/2018,11/10/2018,18/10/2018,SNR,202,13,7,20,CAIRNS,CAIRNS
4870,2,2 BR ATTACHED HOUSING,30/07/2018,8/08/2018,17/08/2018,RGS,202,9,9,18,CAIRNS,CAIRNS
4870,2,2 BR ATTACHED HOUSING,17/10/2018,26/10/2018,16/11/2018,RGS,202,9,21,30,CAIRNS,CAIRNS
4870,2,2 BR ATTACHED HOUSING,16/04/2019,7/05/2019,17/05/2019,RGS,202,21,10,31,CAIRNS,CAIRNS
4870,1,1 BR APARTMENT,24/04/2019,7/05/2019,10/05/2019,RGS,202,13,3,16,CAIRNS,CAIRNS
4870,1,1 BR APARTMENT,4/03/2019,5/03/2019,11/03/2019,RGS,202,1,6,7,CAIRNS,CAIRNS
4870,1,1 BR SENIOR UNIT,8/04/2019,23/04/2019,21/05/2019,SNR,202,15,28,43,CAIRNS,CAIRNS
4870,2,2 BR ATTACHED HOUSING,12/06/2019,24/06/2019,26/06/2019,RGS,202,12,2,14,CAIRNS,CAIRNS
4870,2,2 BR ATTACHED HOUSING,3/06/2019,13/06/2019,24/06/2019,RGS,202,10,11,21,CAIRNS,CAIRNS
4879,3,3 BR DETACHED HOUSE,20/03/2019,3/04/2019,5/04/2019,RGS,202,14,2,16,CAIRNS,BARRON RIVER
4870,1,1 BR SENIOR UNIT,12/09/2018,25/09/2018,9/11/2018,SNR,202,13,45,58,CAIRNS,CAIRNS
4870,1,1 BR SENIOR UNIT,17/10/2018,26/10/2018,17/12/2018,SNR,202,9,52,61,CAIRNS,CAIRNS
4868,3,3 BR DETACHED HOUSE,14/01/2019,30/01/2019,31/01/2019,RGS,202,16,1,17,CAIRNS,MULGRAVE
4870,1,1 BR APARTMENT,20/08/2018,31/08/2018,4/09/2018,RGS,202,11,4,15,CAIRNS,CAIRNS
4870,1,1 BR APARTMENT,16/07/2018,17/07/2018,17/07/2018,RGS,202,1,0,1,CAIRNS,CAIRNS
4868,2,2 BR APARTMENT,3/12/2018,14/12/2018,14/01/2019,RGS,202,11,31,42,CAIRNS,MULGRAVE
4870,2,2 BR APARTMENT,10/10/2018,23/10/2018,6/11/2018,RGS,202,13,14,27,CAIRNS,CAIRNS
4870,1,1 BR APARTMENT,6/11/2018,21/11/2018,26/11/2018,RGS,202,15,5,20,CAIRNS,CAIRNS
4870,1,1 BR APARTMENT,24/09/2018,5/10/2018,8/11/2018,RGS,202,11,34,45,CAIRNS,CAIRNS
4870,1,1 BR APARTMENT,14/12/2018,10/01/2019,15/01/2019,RGS,202,27,5,32,CAIRNS,CAIRNS
4870,2,2 BR APARTMENT,26/04/2019,8/05/2019,21/05/2019,RGS,202,12,13,25,CAIRNS,CAIRNS
4870,1,1 BR APARTMENT,12/03/2019,14/03/2019,14/03/2019,RGS,202,2,0,2,CAIRNS,CAIRNS
4870,2,2 BR ATTACHED HOUSING,27/06/2019,27/06/2019,27/06/2019,RGS,202,0,0,0,CAIRNS,BARRON RIVER
4868,2,2 BR DUPLEX,29/10/2018,9/11/2018,18/12/2018,RGS,202,11,39,50,CAIRNS,MULGRAVE
4870,3,3 BR DETACHED HOUSE,19/03/2019,1/04/2019,5/04/2019,AHG,202,13,4,17,CAIRNS,BARRON RIVER
4878,5,5 BR DETACHED HOUSE,14/03/2019,15/03/2019,15/03/2019,AHG,202,1,0,1,CAIRNS,BARRON RIVER
4878,5,5 BR DETACHED HOUSE,5/03/2019,5/03/2019,5/03/2019,AHG,202,0,0,0,CAIRNS,BARRON RIVER
4878,2,2 BR SENIOR UNIT,28/05/2019,10/06/2019,17/06/2019,SNR,202,13,7,20,CAIRNS,BARRON RIVER
4878,1,1 BR SENIOR UNIT,22/02/2019,15/03/2019,18/03/2019,SNR,202,21,3,24,CAIRNS,BARRON RIVER
4870,2,2 BR APARTMENT,3/07/2018,24/07/2018,6/11/2018,RGS,202,21,105,126,CAIRNS,CAIRNS
4870,1,1 BR APARTMENT,10/05/2019,21/05/2019,23/05/2019,RGS,202,11,2,13,CAIRNS,CAIRNS
4870,1,1 BR APARTMENT,26/07/2018,9/08/2018,24/01/2019,RGS,202,14,168,182,CAIRNS,CAIRNS
4870,1,1 BR APARTMENT,9/01/2019,25/01/2019,6/03/2019,RGS,202,16,40,56,CAIRNS,CAIRNS
4870,1,1 BR APARTMENT,15/01/2019,12/02/2019,6/03/2019,RGS,202,28,22,50,CAIRNS,CAIRNS
4870,1,1 BR APARTMENT,3/12/2018,12/12/2018,24/01/2019,RGS,202,9,43,52,CAIRNS,CAIRNS
4870,1,1 BR APARTMENT,13/03/2019,21/03/2019,8/04/2019,RGS,202,8,18,26,CAIRNS,CAIRNS
4870,2,2 BR APARTMENT,15/04/2019,2/05/2019,7/05/2019,SNR,202,17,5,22,CAIRNS,CAIRNS
4870,2,2 BR APARTMENT,11/09/2018,27/09/2018,3/10/2018,RGS,202,16,6,22,CAIRNS,CAIRNS
4870,2,2 BR APARTMENT,8/08/2018,22/08/2018,28/08/2018,RGS,202,14,6,20,CAIRNS,CAIRNS
4870,2,2 BR DUPLEX,6/02/2019,18/02/2019,6/03/2019,AHG,202,12,16,28,CAIRNS,CAIRNS
4870,3,3 BR DETACHED HOUSE,22/03/2019,22/03/2019,26/03/2019,AHG,202,0,4,4,CAIRNS,CAIRNS
4870,3,3 BR DETACHED HOUSE,23/11/2018,7/12/2018,20/12/2018,AHG,202,14,13,27,CAIRNS,CAIRNS
4878,3,3 BR DETACHED HOUSE,18/09/2018,11/10/2018,12/10/2018,AHG,202,23,1,24,CAIRNS,BARRON RIVER
4878,3,3 BR DETACHED HOUSE,3/08/2018,22/08/2018,30/08/2018,AHG,202,19,8,27,CAIRNS,BARRON RIVER
4870,3,3 BR DETACHED HOUSE,2/10/2018,15/10/2018,18/10/2018,AHG,202,13,3,16,CAIRNS,CAIRNS
4870,2,2 BR DETACHED HOUSE,12/11/2018,23/11/2018,14/12/2018,AHG,202,11,21,32,CAIRNS,CAIRNS
4870,2,2 BR DETACHED HOUSE,5/09/2018,14/09/2018,20/09/2018,RGS,202,9,6,15,CAIRNS,CAIRNS
4870,2,2 BR DETACHED HOUSE,12/10/2018,15/10/2018,13/11/2018,AHG,202,3,29,32,CAIRNS,CAIRNS
4870,4,4 BR DETACHED HOUSE,4/10/2018,19/10/2018,23/10/2018,AHG,202,15,4,19,CAIRNS,CAIRNS
4870,2,2 BR DETACHED HOUSE,5/10/2018,23/10/2018,23/10/2018,AHG,202,18,0,18,CAIRNS,CAIRNS
4868,2,2 BR DUPLEX,11/09/2018,24/09/2018,28/09/2018,AHG,202,13,4,17,CAIRNS,MULGRAVE
4870,3,3 BR DETACHED HOUSE,8/04/2019,24/04/2019,26/04/2019,AHG,202,16,2,18,CAIRNS,CAIRNS
4870,3,3 BR DETACHED HOUSE,7/02/2019,14/02/2019,15/03/2019,RGS,202,7,29,36,CAIRNS,CAIRNS
4868,3,3 BR DETACHED HOUSE,27/03/2019,11/04/2019,12/04/2019,RGS,202,15,1,16,CAIRNS,MULGRAVE
4868,3,3 BR DETACHED HOUSE,21/08/2018,6/09/2018,2/10/2018,RGS,202,16,26,42,CAIRNS,MULGRAVE
4868,3,3 BR DETACHED HOUSE,21/08/2018,21/08/2018,21/08/2018,RGS,202,0,0,0,CAIRNS,MULGRAVE
4879,3,3 BR DETACHED HOUSE,5/03/2019,1/04/2019,1/04/2019,AHG,202,27,0,27,CAIRNS,BARRON RIVER
4868,3,3 BR DETACHED HOUSE,30/01/2019,12/02/2019,25/02/2019,RGS,202,13,13,26,CAIRNS,MULGRAVE
4871,2,2 BR DETACHED HOUSE,21/02/2019,21/02/2019,21/02/2019,AHG,202,0,0,0,COOK,COOK
4871,4,4 BR DETACHED HOUSE,11/12/2018,11/12/2018,11/12/2018,AHG,202,0,0,0,COOK,COOK
4804,3,3 BR DETACHED HOUSE,9/04/2019,3/05/2019,29/05/2019,RGS,203,24,26,50,WHITSUNDAY,BURDEKIN
4804,3,3 BR DETACHED HOUSE,22/10/2018,7/11/2018,19/11/2018,RGS,203,16,12,28,WHITSUNDAY,BURDEKIN
4804,3,3 BR DETACHED HOUSE,25/02/2019,7/03/2019,8/03/2019,RGS,203,10,1,11,WHITSUNDAY,BURDEKIN
4804,1,1 BR APARTMENT,16/11/2018,23/11/2018,23/11/2018,RGS,203,7,0,7,WHITSUNDAY,BURDEKIN
4804,1,1 BR APARTMENT,9/01/2019,18/01/2019,5/02/2019,RGS,203,9,18,27,WHITSUNDAY,BURDEKIN
4804,1,1 BR APARTMENT,13/08/2018,29/08/2018,30/08/2018,RGS,203,16,1,17,WHITSUNDAY,BURDEKIN
4804,1,1 BR APARTMENT,1/11/2017,14/12/2017,6/08/2018,RGS,203,43,235,278,WHITSUNDAY,BURDEKIN
4804,1,1 BR APARTMENT,28/02/2019,7/03/2019,25/03/2019,RGS,203,7,18,25,WHITSUNDAY,BURDEKIN
4804,3,3 BR DETACHED HOUSE,21/05/2019,10/06/2019,10/06/2019,RGS,203,20,0,20,WHITSUNDAY,BURDEKIN
4804,3,3 BR DETACHED HOUSE,14/09/2018,26/10/2018,29/10/2018,RGS,203,42,3,45,WHITSUNDAY,BURDEKIN
4702,3,3 BR DETACHED HOUSE,12/10/2018,26/10/2018,12/02/2019,RGS,211,14,109,123,CENTRAL HIGHLANDS,GREGORY
4702,3,3 BR DETACHED HOUSE,18/02/2019,1/03/2019,27/03/2019,RGS,211,11,26,37,CENTRAL HIGHLANDS,GREGORY
4702,3,3 BR DETACHED HOUSE,29/08/2018,19/09/2018,27/11/2018,RGS,211,21,69,90,CENTRAL HIGHLANDS,GREGORY
4078,3,3 BR DETACHED HOUSE,9/05/2019,24/05/2019,28/05/2019,RGS,104,15,4,19,BRISBANE,INALA
4078,3,3 BR DETACHED HOUSE,24/04/2019,14/05/2019,16/05/2019,RGS,104,20,2,22,BRISBANE,INALA
4078,3,3 BR DETACHED HOUSE,8/05/2019,24/05/2019,4/06/2019,RGS,104,16,11,27,BRISBANE,INALA
4078,3,3 BR DETACHED HOUSE,30/01/2019,30/01/2019,30/01/2019,RGS,104,0,0,0,BRISBANE,INALA
4078,4,4 BR DETACHED HOUSE,4/06/2019,12/06/2019,17/06/2019,RGS,104,8,5,13,BRISBANE,INALA
4078,3,3 BR DETACHED HOUSE,24/04/2019,14/05/2019,20/05/2019,RGS,104,20,6,26,BRISBANE,INALA
4078,4,4 BR DETACHED HOUSE,5/03/2019,22/03/2019,2/04/2019,RGS,104,17,11,28,BRISBANE,INALA
4211,3,3 BR DETACHED HOUSE,8/03/2019,21/03/2019,15/04/2019,RGS,204,13,25,38,GOLD COAST,GAVEN
4211,3,3 BR DETACHED HOUSE,23/10/2018,31/10/2018,6/11/2018,RGS,204,8,6,14,GOLD COAST,GAVEN
4355,3,3 BR DETACHED HOUSE,2/04/2019,11/04/2019,9/05/2019,RGS,207,9,28,37,TOOWOOMBA,CONDAMINE
4563,1,1 BR SENIOR UNIT,9/08/2018,20/08/2018,27/08/2018,SNR,205,11,7,18,NOOSA,NICKLIN
4563,1,1 BR SENIOR UNIT,24/07/2018,24/07/2018,24/07/2018,SNR,205,0,0,0,NOOSA,NICKLIN
4132,3,3 BR DETACHED HOUSE,29/05/2019,10/06/2019,25/06/2019,RGS,101,12,15,27,LOGAN,WOODRIDGE
4132,3,3 BR DETACHED HOUSE,30/01/2019,19/02/2019,22/02/2019,RGS,101,20,3,23,LOGAN,WOODRIDGE
4132,3,3 BR DETACHED HOUSE,10/06/2019,24/06/2019,28/06/2019,RGS,101,14,4,18,LOGAN,WOODRIDGE
4132,3,3 BR DETACHED HOUSE,24/09/2018,17/10/2018,23/10/2018,RGS,101,23,6,29,LOGAN,WOODRIDGE
4132,4,4 BR DETACHED HOUSE,27/07/2018,14/08/2018,16/08/2018,RGS,101,18,2,20,LOGAN,WOODRIDGE
4132,3,3 BR DETACHED HOUSE,22/11/2018,24/12/2018,10/01/2019,RGS,101,32,17,49,LOGAN,WOODRIDGE
4132,3,3 BR DETACHED HOUSE,25/02/2019,18/03/2019,8/04/2019,RGS,101,21,21,42,LOGAN,WOODRIDGE
4132,3,3 BR DETACHED HOUSE,21/03/2019,2/04/2019,5/04/2019,RGS,101,12,3,15,LOGAN,WOODRIDGE
4225,1,1 BR APARTMENT,5/03/2019,26/03/2019,4/04/2019,RGS,204,21,9,30,GOLD COAST,CURRUMBIN
4225,1,1 BR APARTMENT,30/10/2018,6/11/2018,12/11/2018,RGS,204,7,6,13,GOLD COAST,CURRUMBIN
4225,1,1 BR APARTMENT,24/09/2018,3/10/2018,18/10/2018,RGS,204,9,15,24,GOLD COAST,CURRUMBIN
4225,1,1 BR APARTMENT,9/11/2018,19/11/2018,10/12/2018,RGS,204,10,21,31,GOLD COAST,CURRUMBIN
4225,1,1 BR APARTMENT,19/12/2018,21/12/2018,17/01/2019,RGS,204,2,27,29,GOLD COAST,CURRUMBIN
4225,2,2 BR APARTMENT,4/09/2018,11/09/2018,21/09/2018,RGS,204,7,10,17,GOLD COAST,CURRUMBIN
4225,2,2 BR APARTMENT,5/09/2018,13/09/2018,16/10/2018,RGS,204,8,33,41,GOLD COAST,CURRUMBIN
4225,2,2 BR APARTMENT,3/05/2019,15/05/2019,30/05/2019,RGS,204,12,15,27,GOLD COAST,CURRUMBIN
4225,1,1 BR APARTMENT,23/11/2018,3/12/2018,5/12/2018,RGS,204,10,2,12,GOLD COAST,CURRUMBIN
4225,1,1 BR APARTMENT,16/10/2018,23/10/2018,16/11/2018,RGS,204,7,24,31,GOLD COAST,CURRUMBIN
4225,1,1 BR APARTMENT,15/01/2019,30/01/2019,31/01/2019,RGS,204,15,1,16,GOLD COAST,CURRUMBIN
4225,1,1 BR APARTMENT,5/03/2019,14/03/2019,4/04/2019,RGS,204,9,21,30,GOLD COAST,CURRUMBIN
4490,2,2 BR DETACHED HOUSE,3/01/2019,17/01/2019,12/02/2019,RGS,207,14,26,40,PAROO,WARREGO
4490,3,3 BR DETACHED HOUSE,4/04/2019,16/04/2019,13/05/2019,RGS,207,12,27,39,PAROO,WARREGO
4490,3,3 BR DETACHED HOUSE,12/11/2018,22/11/2018,30/11/2018,RGS,207,10,8,18,PAROO,WARREGO
4490,3,3 BR DETACHED HOUSE,24/10/2018,5/11/2018,6/12/2018,RGS,207,12,31,43,PAROO,WARREGO
4490,3,3 BR DETACHED HOUSE,24/09/2018,5/10/2018,16/11/2018,RGS,207,11,42,53,PAROO,WARREGO
4490,1,1 BR SENIOR UNIT,11/12/2017,19/12/2017,8/02/2019,AHS,207,8,416,424,PAROO,WARREGO
4490,1,1 BR SENIOR UNIT,22/10/2018,30/10/2018,14/12/2018,AHS,207,8,45,53,PAROO,WARREGO
4490,3,3 BR DETACHED HOUSE,24/04/2019,3/05/2019,28/05/2019,AHG,207,9,25,34,PAROO,WARREGO
4490,3,3 BR DETACHED HOUSE,21/06/2018,29/06/2018,3/07/2018,AHG,207,8,4,12,PAROO,WARREGO
4490,3,3 BR DETACHED HOUSE,13/05/2019,24/05/2019,31/05/2019,AHG,207,11,7,18,PAROO,WARREGO
4223,3,3 BR DETACHED HOUSE,16/07/2018,16/07/2018,17/07/2018,RGS,204,0,1,1,GOLD COAST,CURRUMBIN
4223,3,3 BR DETACHED HOUSE,13/07/2018,20/07/2018,26/07/2018,RGS,204,7,6,13,GOLD COAST,CURRUMBIN
4223,3,3 BR DETACHED HOUSE,28/03/2019,28/03/2019,28/03/2019,RGS,204,0,0,0,GOLD COAST,CURRUMBIN
4223,2,2 BR APARTMENT,27/02/2019,11/03/2019,11/04/2019,RGS,204,12,31,43,GOLD COAST,CURRUMBIN
4223,3,3 BR DETACHED HOUSE,15/05/2019,24/05/2019,3/06/2019,RGS,204,9,10,19,GOLD COAST,CURRUMBIN
4223,1,1 BR SENIOR UNIT,14/11/2018,29/11/2018,2/01/2019,SNR,204,15,34,49,GOLD COAST,CURRUMBIN
4223,1,1 BR SENIOR UNIT,3/05/2019,15/05/2019,30/05/2019,SNR,204,12,15,27,GOLD COAST,CURRUMBIN
4802,2,2 BR APARTMENT,8/02/2019,1/03/2019,11/03/2019,RGS,203,21,10,31,WHITSUNDAY,WHITSUNDAY
4802,2,2 BR APARTMENT,8/10/2018,19/10/2018,29/10/2018,RGS,203,11,10,21,WHITSUNDAY,WHITSUNDAY
4802,2,2 BR APARTMENT,18/03/2019,3/04/2019,8/04/2019,RGS,203,16,5,21,WHITSUNDAY,WHITSUNDAY
4828,3,3 BR DETACHED HOUSE,13/08/2018,11/09/2018,14/11/2018,AHG,209,29,64,93,MOUNT ISA,TRAEGER
4828,3,3 BR DUAL OCCUPANCY,19/12/2018,6/03/2019,27/03/2019,AHG,209,77,21,98,MOUNT ISA,TRAEGER
4301,3,3 BR DETACHED HOUSE,22/10/2018,23/10/2018,24/10/2018,RGS,102,1,1,2,IPSWICH,BUNDAMBA
4405,4,4 BR DETACHED HOUSE,26/04/2019,26/04/2019,8/05/2019,RGS,207,0,12,12,WESTERN DOWNS,WARREGO
4405,3,3 BR DETACHED HOUSE,22/08/2018,28/08/2018,19/09/2018,RGS,207,6,22,28,WESTERN DOWNS,WARREGO
4405,3,3 BR DETACHED HOUSE,11/06/2019,18/06/2019,19/06/2019,RGS,207,7,1,8,WESTERN DOWNS,WARREGO
4405,2,2 BR DUPLEX,15/01/2019,24/01/2019,4/06/2019,RGS,207,9,131,140,WESTERN DOWNS,WARREGO
4405,2,2 BR DUPLEX,17/06/2019,17/06/2019,20/06/2019,RGS,207,0,3,3,WESTERN DOWNS,WARREGO
4405,1,1 BR SENIOR UNIT,1/11/2017,14/12/2017,21/12/2018,SNR,207,43,372,415,WESTERN DOWNS,WARREGO
4405,1,1 BR SENIOR UNIT,20/07/2018,26/07/2018,26/09/2018,SNR,207,6,62,68,WESTERN DOWNS,WARREGO
4405,2,2 BR DUPLEX,1/03/2018,7/03/2018,14/09/2018,RGS,207,6,191,197,WESTERN DOWNS,WARREGO
4405,2,2 BR DUPLEX,1/02/2019,11/02/2019,20/05/2019,RGS,207,10,98,108,WESTERN DOWNS,WARREGO
4405,2,2 BR SENIOR UNIT,9/01/2019,15/01/2019,10/04/2019,SNR,207,6,85,91,WESTERN DOWNS,WARREGO
4508,4,4 BR DETACHED HOUSE,15/01/2019,29/01/2019,22/02/2019,RGS,103,14,24,38,MORETON BAY,BANCROFT
4508,3,3 BR DETACHED HOUSE,11/09/2018,11/09/2018,12/09/2018,RGS,103,0,1,1,MORETON BAY,BANCROFT
4508,2,2 BR SENIOR UNIT,4/06/2019,14/06/2019,18/06/2019,SNR,103,10,4,14,MORETON BAY,BANCROFT
4508,1,1 BR SENIOR UNIT,29/10/2018,13/11/2018,21/11/2018,SNR,103,15,8,23,MORETON BAY,BANCROFT
4508,2,2 BR DUPLEX,25/09/2018,11/10/2018,16/10/2018,RGS,103,16,5,21,MORETON BAY,BANCROFT
4508,2,2 BR DUPLEX,26/11/2018,10/12/2018,12/12/2018,RGS,103,14,2,16,MORETON BAY,BANCROFT
4508,2,2 BR DUPLEX,27/05/2019,6/06/2019,14/06/2019,RGS,103,10,8,18,MORETON BAY,BANCROFT
4508,4,4 BR DETACHED HOUSE,15/10/2018,5/11/2018,13/11/2018,RGS,103,21,8,29,MORETON BAY,BANCROFT
4508,3,3 BR DETACHED HOUSE,5/06/2019,20/06/2019,26/06/2019,RGS,103,15,6,21,MORETON BAY,BANCROFT
4508,4,4 BR CLUSTER HOUSING,7/02/2019,22/02/2019,11/03/2019,RGS,103,15,17,32,MORETON BAY,BANCROFT
4508,3,3 BR DETACHED HOUSE,29/11/2018,14/12/2018,5/03/2019,RGS,103,15,81,96,MORETON BAY,BANCROFT
4508,3,3 BR DETACHED HOUSE,7/01/2019,25/01/2019,1/03/2019,RGS,103,18,35,53,MORETON BAY,BANCROFT
4508,3,3 BR DETACHED HOUSE,8/01/2019,25/01/2019,8/02/2019,RGS,103,17,14,31,MORETON BAY,BANCROFT
4508,3,3 BR DETACHED HOUSE,8/01/2019,8/01/2019,8/01/2019,RGS,103,0,0,0,MORETON BAY,BANCROFT
4508,3,3 BR DETACHED HOUSE,19/09/2018,28/09/2018,10/10/2018,RGS,103,9,12,21,MORETON BAY,BANCROFT
4508,4,4 BR DETACHED HOUSE,6/07/2018,6/07/2018,31/07/2018,RGS,103,0,25,25,MORETON BAY,BANCROFT
4508,1,1 BR APARTMENT,4/09/2018,20/09/2018,24/09/2018,RGS,103,16,4,20,MORETON BAY,BANCROFT
4508,1,1 BR APARTMENT,1/11/2018,19/11/2018,26/11/2018,RGS,103,18,7,25,MORETON BAY,BANCROFT
4508,1,1 BR SENIOR UNIT,9/05/2019,17/05/2019,29/05/2019,SNR,103,8,12,20,MORETON BAY,BANCROFT
4508,3,3 BR DETACHED HOUSE,10/09/2018,18/09/2018,19/09/2018,RGS,103,8,1,9,MORETON BAY,BANCROFT
4702,3,3 BR DETACHED HOUSE,1/11/2017,14/12/2017,29/01/2019,AHG,211,43,411,454,CENTRAL HIGHLANDS,GREGORY
4702,3,3 BR DETACHED HOUSE,1/11/2017,14/12/2017,11/06/2019,AHG,211,43,544,587,CENTRAL HIGHLANDS,GREGORY
4486,3,3 BR DETACHED HOUSE,27/04/2018,23/05/2018,1/08/2018,RGS,207,26,70,96,BALONNE,WARREGO
4486,3,3 BR DETACHED HOUSE,18/07/2018,27/07/2018,21/11/2018,RGS,207,9,117,126,BALONNE,WARREGO
4486,3,3 BR DETACHED HOUSE,5/12/2017,18/12/2017,18/04/2019,RGS,207,13,486,499,BALONNE,WARREGO
4825,2,2 BR CLUSTER HOUSING,21/02/2018,23/04/2018,5/10/2018,AHG,209,61,165,226,CLONCURRY,TRAEGER
4825,2,2 BR CLUSTER HOUSING,10/04/2018,25/05/2018,20/07/2018,AHG,209,45,56,101,CLONCURRY,TRAEGER
4825,2,2 BR DUPLEX,29/10/2018,12/12/2018,8/01/2019,AHG,209,44,27,71,CLONCURRY,TRAEGER
4825,2,2 BR DUPLEX,4/02/2019,13/02/2019,11/04/2019,AHG,209,9,57,66,CLONCURRY,TRAEGER
4303,3,3 BR DETACHED HOUSE,27/03/2019,6/04/2019,15/04/2019,RGS,102,10,9,19,IPSWICH,BUNDAMBA
4303,3,3 BR DETACHED HOUSE,4/01/2019,1/02/2019,4/02/2019,RGS,102,28,3,31,IPSWICH,BUNDAMBA
4745,3,3 BR DETACHED HOUSE,1/11/2017,14/12/2017,20/09/2018,RGS,203,43,280,323,ISAAC,BURDEKIN
4745,3,3 BR DETACHED HOUSE,5/10/2018,3/12/2018,21/06/2019,RGS,203,59,200,259,ISAAC,BURDEKIN
4745,3,3 BR DETACHED HOUSE,1/11/2017,14/12/2017,20/03/2019,RGS,203,43,461,504,ISAAC,BURDEKIN
4207,3,3 BR DETACHED HOUSE,26/02/2019,13/03/2019,20/03/2019,RGS,101,15,7,22,LOGAN,MACALISTER
4207,3,3 BR DETACHED HOUSE,19/12/2018,19/12/2018,19/12/2018,RGS,101,0,0,0,LOGAN,MACALISTER
4207,5,5 BR DETACHED HOUSE,15/02/2019,6/03/2019,6/03/2019,RGS,101,19,0,19,LOGAN,MACALISTER
4869,2,2 BR DUPLEX,16/11/2018,29/11/2018,11/12/2018,RGS,202,13,12,25,CAIRNS,MULGRAVE
4869,2,2 BR CLUSTER HOUSING,19/11/2018,30/11/2018,13/12/2018,RGS,202,11,13,24,CAIRNS,MULGRAVE
4869,2,2 BR CLUSTER HOUSING,19/10/2018,30/10/2018,8/11/2018,RGS,202,11,9,20,CAIRNS,MULGRAVE
4869,3,3 BR CLUSTER HOUSING,7/08/2018,22/08/2018,5/09/2018,RGS,202,15,14,29,CAIRNS,MULGRAVE
4869,3,3 BR CLUSTER HOUSING,2/05/2019,21/05/2019,22/05/2019,RGS,202,19,1,20,CAIRNS,MULGRAVE
4869,2,2 BR ATTACHED HOUSING,23/10/2018,6/11/2018,9/11/2018,RGS,202,14,3,17,CAIRNS,MULGRAVE
4869,4,4 BR DETACHED HOUSE,5/11/2018,15/02/2019,19/03/2019,RGS,202,102,32,134,CAIRNS,MULGRAVE
4869,4,4 BR DETACHED HOUSE,4/10/2018,19/10/2018,24/10/2018,AHG,202,15,5,20,CAIRNS,MULGRAVE
4869,2,2 BR DUPLEX,1/05/2019,14/05/2019,16/05/2019,AHG,202,13,2,15,CAIRNS,MULGRAVE
4869,3,3 BR DETACHED HOUSE,10/04/2019,23/04/2019,29/04/2019,RGS,202,13,6,19,CAIRNS,MULGRAVE
4869,3,3 BR DETACHED HOUSE,8/01/2019,24/01/2019,6/02/2019,RGS,202,16,13,29,CAIRNS,MULGRAVE
4627,3,3 BR DETACHED HOUSE,18/09/2018,18/09/2018,18/09/2018,RGS,208,0,0,0,NORTH BURNETT,CALLIDE
4221,2,2 BR ATTACHED HOUSING,14/11/2018,23/11/2018,3/12/2018,RGS,204,9,10,19,GOLD COAST,CURRUMBIN
4221,3,3 BR DETACHED HOUSE,4/03/2019,14/03/2019,28/03/2019,RGS,204,10,14,24,GOLD COAST,CURRUMBIN
4221,4,4 BR DETACHED HOUSE,13/03/2019,26/03/2019,20/05/2019,RGS,204,13,55,68,GOLD COAST,CURRUMBIN
4720,3,3 BR DETACHED HOUSE,26/02/2019,12/03/2019,13/03/2019,RGS,211,14,1,15,CENTRAL HIGHLANDS,GREGORY
4720,3,3 BR DETACHED HOUSE,19/10/2018,21/11/2018,14/12/2018,RGS,211,33,23,56,CENTRAL HIGHLANDS,GREGORY
4720,3,3 BR DETACHED HOUSE,2/07/2018,12/07/2018,3/08/2018,RGS,211,10,22,32,CENTRAL HIGHLANDS,GREGORY
4720,3,3 BR DETACHED HOUSE,31/07/2018,10/08/2018,24/08/2018,RGS,211,10,14,24,CENTRAL HIGHLANDS,GREGORY
4720,3,3 BR DETACHED HOUSE,3/12/2018,4/12/2018,4/01/2019,RGS,211,1,31,32,CENTRAL HIGHLANDS,GREGORY
4720,3,3 BR DETACHED HOUSE,24/07/2018,17/10/2018,18/10/2018,RGS,211,85,1,86,CENTRAL HIGHLANDS,GREGORY
4720,4,4 BR DETACHED HOUSE,1/11/2017,13/12/2017,27/07/2018,RGS,211,42,226,268,CENTRAL HIGHLANDS,GREGORY
4720,4,4 BR DETACHED HOUSE,14/03/2019,22/03/2019,28/03/2019,RGS,211,8,6,14,CENTRAL HIGHLANDS,GREGORY
4720,3,3 BR DETACHED HOUSE,3/01/2019,29/01/2019,20/02/2019,RGS,211,26,22,48,CENTRAL HIGHLANDS,GREGORY
4720,3,3 BR DETACHED HOUSE,2/01/2019,25/01/2019,1/02/2019,RGS,211,23,7,30,CENTRAL HIGHLANDS,GREGORY
4720,2,2 BR DUPLEX,15/10/2018,16/10/2018,19/11/2018,RGS,211,1,34,35,CENTRAL HIGHLANDS,GREGORY
4720,3,3 BR DETACHED HOUSE,3/04/2019,18/04/2019,2/05/2019,RGS,211,15,14,29,CENTRAL HIGHLANDS,GREGORY
4720,3,3 BR DETACHED HOUSE,27/06/2018,12/07/2018,20/08/2018,RGS,211,15,39,54,CENTRAL HIGHLANDS,GREGORY
4720,4,4 BR DETACHED HOUSE,10/10/2018,30/10/2018,23/11/2018,RGS,211,20,24,44,CENTRAL HIGHLANDS,GREGORY
4720,3,3 BR DETACHED HOUSE,29/08/2018,19/09/2018,14/12/2018,RGS,211,21,86,107,CENTRAL HIGHLANDS,GREGORY
4720,3,3 BR DETACHED HOUSE,30/05/2019,11/06/2019,11/06/2019,RGS,211,12,0,12,CENTRAL HIGHLANDS,GREGORY
4720,3,3 BR DETACHED HOUSE,15/04/2019,7/05/2019,23/05/2019,RGS,211,22,16,38,CENTRAL HIGHLANDS,GREGORY
4720,1,1 BR SENIOR UNIT,3/09/2018,10/09/2018,17/10/2018,SNR,211,7,37,44,CENTRAL HIGHLANDS,GREGORY
4720,1,1 BR SENIOR UNIT,8/09/2017,21/09/2017,9/08/2018,SNR,211,13,322,335,CENTRAL HIGHLANDS,GREGORY
4720,1,1 BR SENIOR UNIT,3/04/2019,12/04/2019,14/05/2019,SNR,211,9,32,41,CENTRAL HIGHLANDS,GREGORY
4720,3,3 BR DETACHED HOUSE,14/06/2018,18/07/2018,19/07/2018,RGS,211,34,1,35,CENTRAL HIGHLANDS,GREGORY
4720,3,3 BR DETACHED HOUSE,11/01/2019,15/01/2019,25/01/2019,RGS,211,4,10,14,CENTRAL HIGHLANDS,GREGORY
4720,3,3 BR DETACHED HOUSE,20/05/2019,24/05/2019,13/06/2019,RGS,211,4,20,24,CENTRAL HIGHLANDS,GREGORY
4720,2,2 BR DUPLEX,9/05/2018,21/05/2018,13/07/2018,AHG,211,12,53,65,CENTRAL HIGHLANDS,GREGORY
4720,2,2 BR DUPLEX,6/08/2018,30/08/2018,31/08/2018,AHG,211,24,1,25,CENTRAL HIGHLANDS,GREGORY
4720,3,3 BR DETACHED HOUSE,28/03/2019,12/04/2019,24/05/2019,AHG,211,15,42,57,CENTRAL HIGHLANDS,GREGORY
4720,4,4 BR DETACHED HOUSE,21/09/2018,16/10/2018,9/11/2018,AHG,211,25,24,49,CENTRAL HIGHLANDS,GREGORY
4710,3,3 BR DETACHED HOUSE,25/03/2019,5/04/2019,12/04/2019,RGS,206,11,7,18,LIVINGSTONE,KEPPEL
4312,1,1 BR SENIOR UNIT,9/10/2018,24/10/2018,1/11/2018,SNR,102,15,8,23,SOMERSET,NANANGO
4312,1,1 BR SENIOR UNIT,4/02/2019,4/02/2019,4/02/2019,SNR,102,0,0,0,SOMERSET,NANANGO
4312,1,1 BR SENIOR UNIT,4/02/2019,18/02/2019,4/03/2019,SNR,102,14,14,28,SOMERSET,NANANGO
4053,3,3 BR DETACHED HOUSE,20/08/2018,3/09/2018,6/09/2018,RGS,103,14,3,17,MORETON BAY,EVERTON
4053,4,4 BR DETACHED HOUSE,5/11/2018,20/11/2018,26/11/2018,RGS,103,15,6,21,MORETON BAY,EVERTON
4055,3,3 BR DETACHED HOUSE,22/08/2018,3/09/2018,5/09/2018,RGS,103,12,2,14,MORETON BAY,FERNY GROVE
4343,3,3 BR DETACHED HOUSE,21/11/2018,18/12/2018,2/01/2019,RGS,102,27,15,42,LOCKYER VALLEY,LOCKYER
4343,3,3 BR ATTACHED HOUSING,6/02/2019,28/02/2019,5/03/2019,RGS,102,22,5,27,LOCKYER VALLEY,LOCKYER
4343,3,3 BR DUPLEX,29/03/2019,9/04/2019,10/04/2019,RGS,102,11,1,12,LOCKYER VALLEY,LOCKYER
4343,2,2 BR DUPLEX,29/05/2018,26/07/2018,21/08/2018,RGS,102,58,26,84,LOCKYER VALLEY,LOCKYER
4625,3,3 BR DETACHED HOUSE,10/04/2019,10/04/2019,10/04/2019,RGS,208,0,0,0,NORTH BURNETT,CALLIDE
4625,2,2 BR DUPLEX,20/04/2018,15/05/2018,9/10/2018,RGS,208,25,147,172,NORTH BURNETT,CALLIDE
4625,2,2 BR DUPLEX,4/03/2019,4/03/2019,21/03/2019,RGS,208,0,17,17,NORTH BURNETT,CALLIDE
4625,2,2 BR DUPLEX,11/02/2019,20/02/2019,4/03/2019,RGS,208,9,12,21,NORTH BURNETT,CALLIDE
4625,2,2 BR DUPLEX,1/11/2017,14/12/2017,14/08/2018,RGS,208,43,243,286,NORTH BURNETT,CALLIDE
4625,2,2 BR DUPLEX,1/11/2017,14/12/2017,25/09/2018,RGS,208,43,285,328,NORTH BURNETT,CALLIDE
4625,2,2 BR DUPLEX,23/11/2018,7/12/2018,4/03/2019,RGS,208,14,87,101,NORTH BURNETT,CALLIDE
4625,1,1 BR SENIOR UNIT,31/01/2018,13/02/2018,12/03/2019,SNR,208,13,392,405,NORTH BURNETT,CALLIDE
4625,1,1 BR SENIOR UNIT,27/06/2018,3/07/2018,3/07/2018,SNR,208,6,0,6,NORTH BURNETT,CALLIDE
4702,4,4 BR DETACHED HOUSE,11/04/2019,23/04/2019,30/04/2019,RGS,206,12,7,19,ROCKHAMPTON,ROCKHAMPTON
4702,4,4 BR DETACHED HOUSE,28/02/2019,18/03/2019,20/03/2019,RGS,206,18,2,20,ROCKHAMPTON,ROCKHAMPTON
4702,4,4 BR DETACHED HOUSE,25/03/2019,5/04/2019,11/04/2019,RGS,206,11,6,17,ROCKHAMPTON,ROCKHAMPTON
4702,3,3 BR DETACHED HOUSE,6/08/2018,31/08/2018,3/09/2018,RGS,206,25,3,28,ROCKHAMPTON,ROCKHAMPTON
4702,3,3 BR DETACHED HOUSE,21/09/2018,9/10/2018,25/10/2018,RGS,206,18,16,34,ROCKHAMPTON,ROCKHAMPTON
4702,3,3 BR DETACHED HOUSE,30/05/2019,7/06/2019,20/06/2019,RGS,206,8,13,21,ROCKHAMPTON,ROCKHAMPTON
4702,3,3 BR DETACHED HOUSE,23/07/2018,20/09/2018,17/10/2018,RGS,206,59,27,86,ROCKHAMPTON,ROCKHAMPTON
4702,4,4 BR DETACHED HOUSE,19/06/2018,10/07/2018,6/09/2018,AHG,206,21,58,79,ROCKHAMPTON,ROCKHAMPTON
4300,3,3 BR DETACHED HOUSE,15/10/2018,5/11/2018,9/11/2018,RGS,102,21,4,25,IPSWICH,BUNDAMBA
4300,3,3 BR DETACHED HOUSE,9/08/2018,27/08/2018,3/09/2018,RGS,102,18,7,25,IPSWICH,BUNDAMBA
4300,4,4 BR DETACHED HOUSE,10/05/2019,29/05/2019,14/06/2019,RGS,102,19,16,35,IPSWICH,BUNDAMBA
4300,3,3 BR DETACHED HOUSE,2/04/2019,11/04/2019,14/05/2019,RGS,102,9,33,42,IPSWICH,BUNDAMBA
4300,3,3 BR DETACHED HOUSE,25/02/2019,15/03/2019,27/03/2019,RGS,102,18,12,30,IPSWICH,BUNDAMBA
4300,3,3 BR DETACHED HOUSE,29/03/2019,2/04/2019,18/04/2019,RGS,102,4,16,20,IPSWICH,BUNDAMBA
4300,3,3 BR DETACHED HOUSE,11/01/2019,13/02/2019,15/03/2019,RGS,102,33,30,63,IPSWICH,BUNDAMBA
4300,3,3 BR DETACHED HOUSE,23/09/2018,19/10/2018,6/11/2018,RGS,102,26,18,44,IPSWICH,BUNDAMBA
4300,3,3 BR DETACHED HOUSE,25/03/2019,11/04/2019,3/05/2019,RGS,102,17,22,39,IPSWICH,BUNDAMBA
4300,3,3 BR DETACHED HOUSE,14/06/2018,23/07/2018,24/07/2018,RGS,102,39,1,40,IPSWICH,BUNDAMBA
4300,4,4 BR DETACHED HOUSE,18/12/2018,11/01/2019,11/01/2019,RGS,102,24,0,24,IPSWICH,BUNDAMBA
4300,4,4 BR DETACHED HOUSE,12/06/2018,25/06/2018,11/07/2018,RGS,102,13,16,29,IPSWICH,BUNDAMBA
4300,3,3 BR DETACHED HOUSE,24/10/2018,16/11/2018,23/11/2018,RGS,102,23,7,30,IPSWICH,BUNDAMBA
4300,3,3 BR DETACHED HOUSE,2/01/2019,2/03/2019,21/03/2019,RGS,102,59,19,78,IPSWICH,BUNDAMBA
4300,3,3 BR DETACHED HOUSE,7/06/2019,20/06/2019,26/06/2019,RGS,102,13,6,19,IPSWICH,BUNDAMBA
4300,3,3 BR DETACHED HOUSE,2/10/2018,19/10/2018,6/11/2018,RGS,102,17,18,35,IPSWICH,BUNDAMBA
4300,2,2 BR DUPLEX,28/08/2018,24/09/2018,17/10/2018,RGS,102,27,23,50,IPSWICH,BUNDAMBA
4300,3,3 BR DETACHED HOUSE,11/01/2019,30/01/2019,30/01/2019,RGS,102,19,0,19,IPSWICH,BUNDAMBA
4300,3,3 BR DETACHED HOUSE,1/04/2019,11/04/2019,3/05/2019,RGS,102,10,22,32,IPSWICH,BUNDAMBA
4300,3,3 BR DETACHED HOUSE,20/11/2018,11/12/2018,14/12/2018,RGS,102,21,3,24,IPSWICH,BUNDAMBA
4300,3,3 BR DETACHED HOUSE,3/08/2018,28/08/2018,24/09/2018,RGS,102,25,27,52,IPSWICH,BUNDAMBA
4300,2,2 BR DUPLEX,11/06/2018,15/06/2018,6/07/2018,RGS,102,4,21,25,IPSWICH,BUNDAMBA
4300,3,3 BR DETACHED HOUSE,8/10/2018,19/10/2018,24/10/2018,RGS,102,11,5,16,IPSWICH,BUNDAMBA
4300,2,2 BR DUPLEX,3/01/2019,17/01/2019,21/03/2019,RGS,102,14,63,77,IPSWICH,BUNDAMBA
4300,2,2 BR DUPLEX,8/04/2019,7/05/2019,14/05/2019,RGS,102,29,7,36,IPSWICH,BUNDAMBA
4300,2,2 BR DUAL OCCUPANCY,27/09/2018,29/10/2018,31/10/2018,RGS,102,32,2,34,IPSWICH,BUNDAMBA
4300,3,3 BR DETACHED HOUSE,7/12/2018,18/01/2019,21/01/2019,AHG,102,42,3,45,IPSWICH,BUNDAMBA
4680,3,3 BR DETACHED HOUSE,24/10/2018,7/11/2018,12/11/2018,RGS,212,14,5,19,GLADSTONE,GLADSTONE
4680,3,3 BR DETACHED HOUSE,3/04/2019,13/04/2019,9/05/2019,RGS,212,10,26,36,GLADSTONE,GLADSTONE
4680,3,3 BR DETACHED HOUSE,16/03/2018,9/04/2018,18/10/2018,RGS,212,24,192,216,GLADSTONE,GLADSTONE
4680,3,3 BR DETACHED HOUSE,18/07/2018,9/08/2018,13/08/2018,RGS,212,22,4,26,GLADSTONE,GLADSTONE
4680,3,3 BR DETACHED HOUSE,16/10/2018,7/11/2018,13/12/2018,RGS,212,22,36,58,GLADSTONE,GLADSTONE
4680,3,3 BR DETACHED HOUSE,8/06/2018,28/06/2018,1/08/2018,RGS,212,20,34,54,GLADSTONE,GLADSTONE
4680,2,2 BR DETACHED HOUSE,10/04/2018,18/04/2018,26/07/2018,RGS,212,8,99,107,GLADSTONE,GLADSTONE
4680,2,2 BR DUPLEX,1/11/2017,22/11/2017,8/11/2018,RGS,212,21,351,372,GLADSTONE,GLADSTONE
4680,2,2 BR DUPLEX,14/06/2019,19/06/2019,20/06/2019,RGS,212,5,1,6,GLADSTONE,GLADSTONE
4680,2,2 BR DUPLEX,13/06/2019,14/06/2019,14/06/2019,RGS,212,1,0,1,GLADSTONE,GLADSTONE
4680,2,2 BR DUPLEX,22/01/2019,5/02/2019,20/03/2019,RGS,212,14,43,57,GLADSTONE,GLADSTONE
4680,2,2 BR DUPLEX,7/08/2018,20/08/2018,27/09/2018,RGS,212,13,38,51,GLADSTONE,GLADSTONE
4680,3,3 BR DETACHED HOUSE,25/10/2018,7/11/2018,20/11/2018,RGS,212,13,13,26,GLADSTONE,GLADSTONE
4680,3,3 BR DETACHED HOUSE,1/11/2017,14/12/2017,18/10/2018,RGS,212,43,308,351,GLADSTONE,GLADSTONE
4680,3,3 BR DETACHED HOUSE,5/02/2019,18/02/2019,19/02/2019,RGS,212,13,1,14,GLADSTONE,GLADSTONE
4680,3,3 BR DETACHED HOUSE,22/11/2018,7/01/2019,14/01/2019,RGS,212,46,7,53,GLADSTONE,GLADSTONE
4680,3,3 BR DETACHED HOUSE,17/09/2018,25/09/2018,25/09/2018,RGS,212,8,0,8,GLADSTONE,GLADSTONE
4680,3,3 BR DETACHED HOUSE,9/08/2018,3/09/2018,22/10/2018,RGS,212,25,49,74,GLADSTONE,GLADSTONE
4680,3,3 BR DETACHED HOUSE,11/07/2018,14/08/2018,15/08/2018,RGS,212,34,1,35,GLADSTONE,GLADSTONE
4680,3,3 BR DETACHED HOUSE,14/08/2018,25/09/2018,12/10/2018,RGS,212,42,17,59,GLADSTONE,GLADSTONE
4680,3,3 BR DETACHED HOUSE,16/10/2018,29/10/2018,1/11/2018,RGS,212,13,3,16,GLADSTONE,GLADSTONE
4680,3,3 BR DETACHED HOUSE,5/06/2018,20/08/2018,21/08/2018,RGS,212,76,1,77,GLADSTONE,GLADSTONE
4680,3,3 BR DETACHED HOUSE,16/04/2019,30/04/2019,15/05/2019,RGS,212,14,15,29,GLADSTONE,GLADSTONE
4680,3,3 BR DETACHED HOUSE,25/03/2019,2/04/2019,5/04/2019,RGS,212,8,3,11,GLADSTONE,GLADSTONE
4680,3,3 BR DETACHED HOUSE,18/06/2018,20/06/2018,15/08/2018,RGS,212,2,56,58,GLADSTONE,GLADSTONE
4680,3,3 BR DETACHED HOUSE,28/02/2019,18/03/2019,18/03/2019,RGS,212,18,0,18,GLADSTONE,GLADSTONE
4680,3,3 BR DETACHED HOUSE,3/10/2018,2/11/2018,2/11/2018,RGS,212,30,0,30,GLADSTONE,GLADSTONE
4680,3,3 BR DETACHED HOUSE,1/11/2017,14/12/2017,6/12/2018,RGS,212,43,357,400,GLADSTONE,GLADSTONE
4680,3,3 BR DETACHED HOUSE,6/07/2018,31/07/2018,7/08/2018,RGS,212,25,7,32,GLADSTONE,GLADSTONE
4680,3,3 BR DETACHED HOUSE,22/06/2018,30/07/2018,3/08/2018,RGS,212,38,4,42,GLADSTONE,GLADSTONE
4680,3,3 BR DETACHED HOUSE,18/12/2018,5/02/2019,21/03/2019,RGS,212,49,44,93,GLADSTONE,GLADSTONE
4680,3,3 BR DETACHED HOUSE,1/11/2017,17/11/2017,25/10/2018,RGS,212,16,342,358,GLADSTONE,GLADSTONE
4680,3,3 BR DETACHED HOUSE,3/01/2018,9/11/2018,11/12/2018,RGS,212,310,32,342,GLADSTONE,GLADSTONE
4680,3,3 BR DETACHED HOUSE,26/02/2019,27/03/2019,16/04/2019,RGS,212,29,20,49,GLADSTONE,GLADSTONE
4680,3,3 BR DETACHED HOUSE,26/03/2018,20/08/2018,22/10/2018,RGS,212,147,63,210,GLADSTONE,GLADSTONE
4680,4,4 BR DETACHED HOUSE,21/02/2018,9/03/2018,6/08/2018,RGS,212,16,150,166,GLADSTONE,GLADSTONE
4680,3,3 BR DETACHED HOUSE,22/01/2019,11/02/2019,13/02/2019,RGS,212,20,2,22,GLADSTONE,GLADSTONE
4680,3,3 BR DETACHED HOUSE,26/09/2018,2/10/2018,2/10/2018,RGS,212,6,0,6,GLADSTONE,GLADSTONE
4680,3,3 BR DETACHED HOUSE,1/11/2017,14/12/2017,13/12/2018,RGS,212,43,364,407,GLADSTONE,GLADSTONE
4680,3,3 BR DETACHED HOUSE,1/11/2017,14/12/2017,16/01/2019,RGS,212,43,398,441,GLADSTONE,GLADSTONE
4680,3,3 BR DETACHED HOUSE,1/04/2019,13/04/2019,16/04/2019,RGS,212,12,3,15,GLADSTONE,GLADSTONE
4680,3,3 BR DETACHED HOUSE,19/07/2018,9/08/2018,14/08/2018,RGS,212,21,5,26,GLADSTONE,GLADSTONE
4680,3,3 BR DETACHED HOUSE,4/05/2018,25/05/2018,11/10/2018,RGS,212,21,139,160,GLADSTONE,GLADSTONE
4680,3,3 BR DETACHED HOUSE,5/06/2018,10/07/2018,4/10/2018,RGS,212,35,86,121,GLADSTONE,GLADSTONE
4680,4,4 BR DETACHED HOUSE,20/08/2018,5/09/2018,1/12/2018,RGS,212,16,87,103,GLADSTONE,GLADSTONE
4680,3,3 BR DETACHED HOUSE,15/04/2019,8/05/2019,24/06/2019,RGS,212,23,47,70,GLADSTONE,GLADSTONE
4680,3,3 BR DETACHED HOUSE,1/11/2017,14/12/2017,24/10/2018,RGS,212,43,314,357,GLADSTONE,GLADSTONE
4680,4,4 BR DETACHED HOUSE,25/02/2019,12/03/2019,20/03/2019,RGS,212,15,8,23,GLADSTONE,GLADSTONE
4680,3,3 BR DETACHED HOUSE,2/01/2019,21/01/2019,18/03/2019,RGS,212,19,56,75,GLADSTONE,GLADSTONE
4680,3,3 BR DETACHED HOUSE,1/11/2017,14/12/2017,2/08/2018,RGS,212,43,231,274,GLADSTONE,GLADSTONE
4680,3,3 BR DETACHED HOUSE,1/11/2017,14/12/2017,22/08/2018,RGS,212,43,251,294,GLADSTONE,GLADSTONE
4680,3,3 BR DETACHED HOUSE,16/10/2018,17/10/2018,17/10/2018,RGS,212,1,0,1,GLADSTONE,GLADSTONE
4680,3,3 BR DETACHED HOUSE,29/03/2018,15/08/2018,8/10/2018,RGS,212,139,54,193,GLADSTONE,GLADSTONE
4680,3,3 BR DETACHED HOUSE,1/11/2017,14/12/2017,4/07/2018,RGS,212,43,202,245,GLADSTONE,GLADSTONE
4680,4,4 BR DETACHED HOUSE,6/08/2018,23/08/2018,25/09/2018,RGS,212,17,33,50,GLADSTONE,GLADSTONE
4680,3,3 BR DETACHED HOUSE,1/06/2018,28/06/2018,2/07/2018,RGS,212,27,4,31,GLADSTONE,GLADSTONE
4680,3,3 BR DETACHED HOUSE,10/04/2018,15/08/2018,21/09/2018,RGS,212,127,37,164,GLADSTONE,GLADSTONE
4680,3,3 BR DETACHED HOUSE,20/03/2019,2/04/2019,15/05/2019,RGS,212,13,43,56,GLADSTONE,GLADSTONE
4680,3,3 BR DETACHED HOUSE,30/05/2019,11/06/2019,25/06/2019,RGS,212,12,14,26,GLADSTONE,GLADSTONE
4680,3,3 BR DETACHED HOUSE,1/11/2017,14/12/2017,9/07/2018,RGS,212,43,207,250,GLADSTONE,GLADSTONE
4680,3,3 BR DETACHED HOUSE,22/10/2018,5/11/2018,13/12/2018,RGS,212,14,38,52,GLADSTONE,GLADSTONE
4680,3,3 BR DETACHED HOUSE,28/05/2019,6/06/2019,19/06/2019,RGS,212,9,13,22,GLADSTONE,GLADSTONE
4680,4,4 BR DETACHED HOUSE,27/11/2017,15/12/2017,23/07/2018,AHG,212,18,220,238,GLADSTONE,GLADSTONE
4680,3,3 BR DETACHED HOUSE,29/10/2018,15/11/2018,10/01/2019,RGS,212,17,56,73,GLADSTONE,GLADSTONE
4680,1,1 BR SENIOR UNIT,1/11/2017,17/11/2017,18/03/2019,SNR,212,16,486,502,GLADSTONE,GLADSTONE
4680,1,1 BR SENIOR UNIT,18/10/2017,4/01/2018,19/12/2018,SNR,212,78,349,427,GLADSTONE,GLADSTONE
4680,3,3 BR DETACHED HOUSE,1/11/2017,14/12/2017,7/12/2018,RGS,212,43,358,401,GLADSTONE,GLADSTONE
4680,2,2 BR DUPLEX,10/12/2018,9/01/2019,26/02/2019,RGS,212,30,48,78,GLADSTONE,GLADSTONE
4680,3,3 BR DETACHED HOUSE,18/10/2018,5/11/2018,8/11/2018,RGS,212,18,3,21,GLADSTONE,GLADSTONE
4680,3,3 BR DETACHED HOUSE,24/01/2019,18/02/2019,18/02/2019,RGS,212,25,0,25,GLADSTONE,GLADSTONE
4680,3,3 BR DETACHED HOUSE,6/12/2018,10/01/2019,6/02/2019,RGS,212,35,27,62,GLADSTONE,GLADSTONE
4680,3,3 BR DETACHED HOUSE,5/03/2019,8/05/2019,10/05/2019,RGS,212,64,2,66,GLADSTONE,GLADSTONE
4680,3,3 BR DETACHED HOUSE,8/02/2019,26/02/2019,5/03/2019,RGS,212,18,7,25,GLADSTONE,GLADSTONE
4680,3,3 BR DETACHED HOUSE,20/02/2018,3/04/2018,4/10/2018,RGS,212,42,184,226,GLADSTONE,GLADSTONE
4680,4,4 BR DETACHED HOUSE,17/05/2018,10/07/2018,19/07/2018,RGS,212,54,9,63,GLADSTONE,GLADSTONE
4680,3,3 BR DETACHED HOUSE,1/11/2017,14/12/2017,16/01/2019,RGS,212,43,398,441,GLADSTONE,GLADSTONE
4680,3,3 BR DETACHED HOUSE,1/11/2017,14/12/2017,21/01/2019,RGS,212,43,403,446,GLADSTONE,GLADSTONE
4680,3,3 BR DETACHED HOUSE,1/11/2017,14/12/2017,6/11/2018,RGS,212,43,327,370,GLADSTONE,GLADSTONE
4680,3,3 BR DETACHED HOUSE,1/11/2017,14/12/2017,20/09/2018,RGS,212,43,280,323,GLADSTONE,GLADSTONE
4680,4,4 BR DETACHED HOUSE,30/07/2018,14/08/2018,2/10/2018,RGS,212,15,49,64,GLADSTONE,GLADSTONE
4680,3,3 BR DETACHED HOUSE,15/11/2018,27/11/2018,10/01/2019,RGS,212,12,44,56,GLADSTONE,GLADSTONE
4680,3,3 BR DETACHED HOUSE,7/11/2018,20/11/2018,21/11/2018,RGS,212,13,1,14,GLADSTONE,GLADSTONE
4680,1,1 BR APARTMENT,10/08/2018,23/08/2018,26/09/2018,RGS,212,13,34,47,GLADSTONE,GLADSTONE
4680,1,1 BR APARTMENT,22/01/2018,14/02/2018,17/12/2018,RGS,212,23,306,329,GLADSTONE,GLADSTONE
4680,1,1 BR APARTMENT,6/12/2018,7/01/2019,8/02/2019,RGS,212,32,32,64,GLADSTONE,GLADSTONE
4680,1,1 BR APARTMENT,6/12/2018,6/12/2018,6/12/2018,RGS,212,0,0,0,GLADSTONE,GLADSTONE
4680,1,1 BR APARTMENT,8/02/2019,11/02/2019,25/02/2019,RGS,212,3,14,17,GLADSTONE,GLADSTONE
4680,1,1 BR APARTMENT,20/11/2018,3/12/2018,1/02/2019,RGS,212,13,60,73,GLADSTONE,GLADSTONE
4680,1,1 BR APARTMENT,2/01/2019,21/01/2019,8/02/2019,RGS,212,19,18,37,GLADSTONE,GLADSTONE
4680,1,1 BR APARTMENT,4/01/2019,4/01/2019,4/01/2019,RGS,212,0,0,0,GLADSTONE,GLADSTONE
4680,2,2 BR ATTACHED HOUSING,4/12/2018,21/12/2018,24/12/2018,RGS,212,17,3,20,GLADSTONE,GLADSTONE
4680,1,1 BR SENIOR UNIT,1/11/2017,22/11/2017,27/05/2019,SNR,212,21,551,572,GLADSTONE,GLADSTONE
4680,3,3 BR DETACHED HOUSE,27/02/2019,11/03/2019,29/03/2019,RGS,212,12,18,30,GLADSTONE,GLADSTONE
4680,2,2 BR ATTACHED HOUSING,17/04/2018,16/05/2018,11/10/2018,RGS,212,29,148,177,GLADSTONE,GLADSTONE
4680,1,1 BR SENIOR UNIT,10/07/2018,25/07/2018,20/08/2018,SNR,212,15,26,41,GLADSTONE,GLADSTONE
4680,1,1 BR SENIOR UNIT,11/07/2018,9/08/2018,10/09/2018,SNR,212,29,32,61,GLADSTONE,GLADSTONE
4680,1,1 BR SENIOR UNIT,27/03/2019,10/04/2019,7/05/2019,SNR,212,14,27,41,GLADSTONE,GLADSTONE
4680,3,3 BR DETACHED HOUSE,17/09/2018,8/10/2018,13/12/2018,RGS,212,21,66,87,GLADSTONE,GLADSTONE
4680,2,2 BR ATTACHED HOUSING,9/08/2018,23/08/2018,21/03/2019,RGS,212,14,210,224,GLADSTONE,GLADSTONE
4680,2,2 BR ATTACHED HOUSING,26/07/2018,14/08/2018,4/03/2019,RGS,212,19,202,221,GLADSTONE,GLADSTONE
4680,1,1 BR SENIOR UNIT,1/11/2017,22/11/2017,10/09/2018,SNR,212,21,292,313,GLADSTONE,GLADSTONE
4680,1,1 BR SENIOR UNIT,1/11/2017,22/11/2017,3/08/2018,SNR,212,21,254,275,GLADSTONE,GLADSTONE
4680,1,1 BR SENIOR UNIT,20/11/2018,3/12/2018,30/01/2019,SNR,212,13,58,71,GLADSTONE,GLADSTONE
4680,1,1 BR SENIOR UNIT,1/11/2017,13/11/2017,7/08/2018,SNR,212,12,267,279,GLADSTONE,GLADSTONE
4680,1,1 BR SENIOR UNIT,3/09/2018,13/09/2018,21/06/2019,SNR,212,10,281,291,GLADSTONE,GLADSTONE
4680,1,1 BR SENIOR UNIT,22/01/2019,5/02/2019,12/03/2019,SNR,212,14,35,49,GLADSTONE,GLADSTONE
4680,1,1 BR SENIOR UNIT,9/10/2018,29/10/2018,7/11/2018,SNR,212,20,9,29,GLADSTONE,GLADSTONE
4680,1,1 BR SENIOR UNIT,7/08/2018,4/09/2018,10/12/2018,SNR,212,28,97,125,GLADSTONE,GLADSTONE
4680,1,1 BR SENIOR UNIT,15/11/2018,5/12/2018,23/01/2019,SNR,212,20,49,69,GLADSTONE,GLADSTONE
4680,1,1 BR SENIOR UNIT,1/04/2019,7/05/2019,12/06/2019,SNR,212,36,36,72,GLADSTONE,GLADSTONE
4680,1,1 BR SENIOR UNIT,29/01/2019,11/02/2019,5/03/2019,SNR,212,13,22,35,GLADSTONE,GLADSTONE
4680,2,2 BR APARTMENT,12/12/2018,9/01/2019,21/02/2019,RGS,212,28,43,71,GLADSTONE,GLADSTONE
4680,2,2 BR APARTMENT,17/12/2018,17/01/2019,12/06/2019,RGS,212,31,146,177,GLADSTONE,GLADSTONE
4680,3,3 BR DETACHED HOUSE,7/12/2018,17/12/2018,6/02/2019,RGS,212,10,51,61,GLADSTONE,GLADSTONE
4680,2,2 BR ATTACHED HOUSING,20/07/2018,9/08/2018,10/09/2018,RGS,212,20,32,52,GLADSTONE,GLADSTONE
4680,2,2 BR ATTACHED HOUSING,12/09/2018,2/10/2018,11/10/2018,RGS,212,20,9,29,GLADSTONE,GLADSTONE
4680,2,2 BR ATTACHED HOUSING,27/02/2018,8/03/2018,27/08/2018,RGS,212,9,172,181,GLADSTONE,GLADSTONE
4680,2,2 BR ATTACHED HOUSING,19/11/2018,10/12/2018,19/03/2019,RGS,212,21,99,120,GLADSTONE,GLADSTONE
4680,2,2 BR ATTACHED HOUSING,20/03/2019,3/04/2019,3/04/2019,RGS,212,14,0,14,GLADSTONE,GLADSTONE
4680,2,2 BR ATTACHED HOUSING,16/03/2018,3/04/2018,17/01/2019,RGS,212,18,289,307,GLADSTONE,GLADSTONE
4680,2,2 BR ATTACHED HOUSING,3/07/2018,9/08/2018,20/09/2018,RGS,212,37,42,79,GLADSTONE,GLADSTONE
4680,2,2 BR ATTACHED HOUSING,1/11/2017,21/11/2017,22/11/2018,RGS,212,20,366,386,GLADSTONE,GLADSTONE
4680,2,2 BR ATTACHED HOUSING,1/11/2017,22/11/2017,13/09/2018,RGS,212,21,295,316,GLADSTONE,GLADSTONE
4680,3,3 BR DETACHED HOUSE,9/01/2019,9/01/2019,9/01/2019,RGS,212,0,0,0,GLADSTONE,GLADSTONE
4680,3,3 BR DETACHED HOUSE,1/11/2017,14/12/2017,25/09/2018,AHG,212,43,285,328,GLADSTONE,GLADSTONE
4680,3,3 BR DETACHED HOUSE,14/09/2018,14/09/2018,14/09/2018,AHG,212,0,0,0,GLADSTONE,GLADSTONE
4680,3,3 BR DETACHED HOUSE,1/11/2017,14/12/2017,2/07/2018,AHG,212,43,200,243,GLADSTONE,GLADSTONE
4680,3,3 BR DETACHED HOUSE,25/07/2018,23/08/2018,28/08/2018,AHG,212,29,5,34,GLADSTONE,GLADSTONE
4680,3,3 BR DETACHED HOUSE,25/07/2018,25/07/2018,25/07/2018,AHG,212,0,0,0,GLADSTONE,GLADSTONE
4680,3,3 BR DETACHED HOUSE,11/04/2019,23/04/2019,20/06/2019,AHG,212,12,58,70,GLADSTONE,GLADSTONE
4680,2,2 BR DUPLEX,24/04/2018,17/07/2018,11/10/2018,RGS,212,84,86,170,GLADSTONE,GLADSTONE
4680,3,3 BR DETACHED HOUSE,4/12/2018,21/01/2019,23/01/2019,RGS,212,48,2,50,GLADSTONE,GLADSTONE
4680,3,3 BR DETACHED HOUSE,11/09/2018,5/11/2018,5/11/2018,RGS,212,55,0,55,GLADSTONE,GLADSTONE
4300,3,3 BR DETACHED HOUSE,23/03/2019,11/04/2019,2/05/2019,RGS,102,19,21,40,IPSWICH,JORDAN
4300,3,3 BR DETACHED HOUSE,23/01/2019,13/02/2019,25/02/2019,RGS,102,21,12,33,IPSWICH,JORDAN
4300,3,3 BR DETACHED HOUSE,10/08/2018,27/08/2018,31/08/2018,RGS,102,17,4,21,IPSWICH,JORDAN
4300,3,3 BR DETACHED HOUSE,20/12/2018,8/01/2019,9/01/2019,RGS,102,19,1,20,IPSWICH,JORDAN
4300,3,3 BR DETACHED HOUSE,26/07/2018,22/08/2018,23/08/2018,RGS,102,27,1,28,IPSWICH,JORDAN
4300,3,3 BR DETACHED HOUSE,24/12/2018,24/01/2019,5/02/2019,RGS,102,31,12,43,IPSWICH,JORDAN
4300,2,2 BR DUPLEX,24/01/2019,18/04/2019,15/05/2019,RGS,102,84,27,111,IPSWICH,JORDAN
4865,3,3 BR DETACHED HOUSE,8/03/2019,21/03/2019,27/03/2019,RGS,202,13,6,19,CAIRNS,MULGRAVE
4865,2,2 BR DUPLEX,17/10/2018,1/11/2018,19/11/2018,RGS,202,15,18,33,CAIRNS,MULGRAVE
4865,2,2 BR ATTACHED HOUSING,17/05/2019,17/05/2019,17/05/2019,RGS,202,0,0,0,CAIRNS,MULGRAVE
4865,2,2 BR ATTACHED HOUSING,18/06/2018,29/06/2018,26/07/2018,RGS,202,11,27,38,CAIRNS,MULGRAVE
4865,2,2 BR ATTACHED HOUSING,19/06/2018,3/07/2018,17/07/2018,RGS,202,14,14,28,CAIRNS,MULGRAVE
4865,2,2 BR ATTACHED HOUSING,4/02/2019,12/02/2019,4/03/2019,RGS,202,8,20,28,CAIRNS,MULGRAVE
4865,1,1 BR SENIOR UNIT,20/09/2018,3/10/2018,8/10/2018,SNR,202,13,5,18,CAIRNS,MULGRAVE
4865,1,1 BR APARTMENT,24/09/2018,4/10/2018,18/10/2018,RGS,202,10,14,24,CAIRNS,MULGRAVE
4865,1,1 BR APARTMENT,12/11/2018,22/11/2018,14/12/2018,RGS,202,10,22,32,CAIRNS,MULGRAVE
4390,2,2 BR DETACHED HOUSE,24/01/2018,2/02/2018,26/07/2018,RGS,207,9,174,183,GOONDIWINDI,SOUTHERN DOWNS
4390,3,3 BR DETACHED HOUSE,1/04/2019,12/04/2019,23/05/2019,RGS,207,11,41,52,GOONDIWINDI,SOUTHERN DOWNS
4390,3,3 BR DETACHED HOUSE,12/02/2019,22/02/2019,27/02/2019,RGS,207,10,5,15,GOONDIWINDI,SOUTHERN DOWNS
4390,2,2 BR DUPLEX,30/11/2018,12/12/2018,19/12/2018,RGS,207,12,7,19,GOONDIWINDI,SOUTHERN DOWNS
4390,2,2 BR DUPLEX,22/05/2019,31/05/2019,20/06/2019,RGS,207,9,20,29,GOONDIWINDI,SOUTHERN DOWNS
4390,2,2 BR ATTACHED HOUSING,31/07/2018,9/08/2018,21/11/2018,RGS,207,9,104,113,GOONDIWINDI,SOUTHERN DOWNS
4390,1,1 BR SENIOR UNIT,1/11/2017,14/12/2017,4/06/2019,SNR,207,43,537,580,GOONDIWINDI,SOUTHERN DOWNS
4390,1,1 BR SENIOR UNIT,13/02/2019,22/02/2019,4/06/2019,SNR,207,9,102,111,GOONDIWINDI,SOUTHERN DOWNS
4390,1,1 BR SENIOR UNIT,26/09/2018,16/10/2018,2/04/2019,SNR,207,20,168,188,GOONDIWINDI,SOUTHERN DOWNS
4390,3,3 BR DETACHED HOUSE,12/12/2018,21/12/2018,21/05/2019,RGS,207,9,151,160,GOONDIWINDI,SOUTHERN DOWNS
4570,3,3 BR DETACHED HOUSE,26/03/2019,5/04/2019,23/04/2019,RGS,205,10,18,28,GYMPIE,GYMPIE
4570,3,3 BR DETACHED HOUSE,22/05/2019,31/05/2019,7/06/2019,RGS,205,9,7,16,GYMPIE,GYMPIE
4570,1,1 BR SENIOR UNIT,15/11/2018,23/11/2018,18/12/2018,SNR,205,8,25,33,GYMPIE,GYMPIE
4570,1,1 BR SENIOR UNIT,7/12/2018,18/12/2018,11/01/2019,SNR,205,11,24,35,GYMPIE,GYMPIE
4570,1,1 BR SENIOR UNIT,18/10/2018,31/10/2018,22/11/2018,SNR,205,13,22,35,GYMPIE,GYMPIE
4570,1,1 BR SENIOR UNIT,26/03/2019,18/04/2019,30/04/2019,SNR,205,23,12,35,GYMPIE,GYMPIE
4570,1,1 BR SENIOR UNIT,7/02/2019,25/02/2019,13/03/2019,SNR,205,18,16,34,GYMPIE,GYMPIE
4570,1,1 BR SENIOR UNIT,6/02/2019,18/02/2019,25/03/2019,SNR,205,12,35,47,GYMPIE,GYMPIE
4570,2,2 BR DUPLEX,9/11/2018,9/01/2019,13/02/2019,RGS,205,61,35,96,GYMPIE,GYMPIE
4570,3,3 BR DETACHED HOUSE,10/12/2018,10/12/2018,12/12/2018,RGS,205,0,2,2,GYMPIE,GYMPIE
4570,1,1 BR APARTMENT,1/11/2018,23/11/2018,6/12/2018,RGS,205,22,13,35,GYMPIE,GYMPIE
4570,1,1 BR APARTMENT,6/12/2018,10/12/2018,21/01/2019,RGS,205,4,42,46,GYMPIE,GYMPIE
4570,1,1 BR APARTMENT,2/07/2018,16/07/2018,14/08/2018,RGS,205,14,29,43,GYMPIE,GYMPIE
4570,1,1 BR APARTMENT,3/05/2019,31/05/2019,20/06/2019,RGS,205,28,20,48,GYMPIE,GYMPIE
4570,1,1 BR APARTMENT,25/03/2019,12/04/2019,30/04/2019,RGS,205,18,18,36,GYMPIE,GYMPIE
4570,3,3 BR CLUSTER HOUSING,29/04/2019,13/05/2019,5/06/2019,RGS,205,14,23,37,GYMPIE,GYMPIE
4570,3,3 BR DETACHED HOUSE,15/04/2019,8/05/2019,16/05/2019,RGS,205,23,8,31,GYMPIE,GYMPIE
4570,2,2 BR ATTACHED HOUSING,23/08/2018,4/09/2018,17/09/2018,RGS,205,12,13,25,GYMPIE,GYMPIE
4570,2,2 BR DUPLEX,25/02/2019,14/03/2019,10/04/2019,RGS,205,17,27,44,GYMPIE,GYMPIE
4570,1,1 BR SENIOR UNIT,22/11/2018,4/12/2018,13/12/2018,SNR,205,12,9,21,GYMPIE,GYMPIE
4570,3,3 BR DETACHED HOUSE,18/09/2018,18/09/2018,18/09/2018,RGS,205,0,0,0,GYMPIE,GYMPIE
4570,1,1 BR APARTMENT,22/02/2019,14/03/2019,15/04/2019,RGS,205,20,32,52,GYMPIE,GYMPIE
4570,4,4 BR DETACHED HOUSE,26/06/2018,6/07/2018,30/07/2018,RGS,205,10,24,34,GYMPIE,GYMPIE
4570,3,3 BR DETACHED HOUSE,13/11/2018,24/12/2018,9/01/2019,RGS,205,41,16,57,GYMPIE,GYMPIE
4570,4,4 BR DETACHED HOUSE,22/02/2019,25/02/2019,25/02/2019,RGS,205,3,0,3,GYMPIE,GYMPIE
4570,5,5 BR DETACHED HOUSE,22/02/2019,25/02/2019,25/02/2019,RGS,205,3,0,3,GYMPIE,GYMPIE
4570,3,3 BR DETACHED HOUSE,22/02/2019,25/02/2019,25/02/2019,RGS,205,3,0,3,GYMPIE,GYMPIE
4570,3,3 BR DETACHED HOUSE,22/02/2019,25/02/2019,25/02/2019,RGS,205,3,0,3,GYMPIE,GYMPIE
4570,2,2 BR DETACHED HOUSE,22/02/2019,25/02/2019,25/02/2019,RGS,205,3,0,3,GYMPIE,GYMPIE
4570,3,3 BR DETACHED HOUSE,22/02/2019,25/02/2019,26/02/2019,RGS,205,3,1,4,GYMPIE,GYMPIE
4118,3,3 BR DETACHED HOUSE,14/05/2019,14/05/2019,14/05/2019,RGS,101,0,0,0,LOGAN,ALGESTER
4118,4,4 BR DETACHED HOUSE,7/05/2019,28/05/2019,7/06/2019,RGS,101,21,10,31,LOGAN,LOGAN
4806,1,1 BR SENIOR UNIT,22/11/2018,5/12/2018,10/12/2018,SNR,201,13,5,18,BURDEKIN,BURDEKIN
4806,1,1 BR SENIOR UNIT,24/12/2018,16/01/2019,31/01/2019,SNR,201,23,15,38,BURDEKIN,BURDEKIN
4659,2,2 BR DETACHED HOUSE,15/02/2019,28/02/2019,28/02/2019,RGS,213,13,0,13,FRASER COAST,MARYBOROUGH
4659,3,3 BR DETACHED HOUSE,10/04/2019,24/04/2019,30/04/2019,RGS,213,14,6,20,FRASER COAST,MARYBOROUGH
4659,3,3 BR DETACHED HOUSE,31/05/2019,17/06/2019,18/06/2019,RGS,213,17,1,18,FRASER COAST,MARYBOROUGH
4212,3,3 BR DETACHED HOUSE,15/02/2019,28/02/2019,20/03/2019,RGS,204,13,20,33,GOLD COAST,BROADWATER
4821,2,2 BR DETACHED HOUSE,31/10/2018,30/01/2019,7/03/2019,RGS,209,91,36,127,FLINDERS,TRAEGER
4821,2,2 BR DETACHED HOUSE,29/11/2018,2/01/2019,23/05/2019,RGS,209,34,141,175,FLINDERS,TRAEGER
4821,2,2 BR DETACHED HOUSE,28/05/2019,28/05/2019,29/05/2019,RGS,209,0,1,1,FLINDERS,TRAEGER
4821,3,3 BR DETACHED HOUSE,19/12/2018,6/02/2019,1/03/2019,RGS,209,49,23,72,FLINDERS,TRAEGER
4821,3,3 BR DETACHED HOUSE,24/05/2019,20/06/2019,25/06/2019,RGS,209,27,5,32,FLINDERS,TRAEGER
4821,3,3 BR DETACHED HOUSE,7/09/2018,26/09/2018,31/10/2018,RGS,209,19,35,54,FLINDERS,TRAEGER
4821,3,3 BR DETACHED HOUSE,23/02/2018,12/04/2018,6/03/2019,RGS,209,48,328,376,FLINDERS,TRAEGER
4821,3,3 BR DETACHED HOUSE,27/11/2018,8/01/2019,5/02/2019,AHG,209,42,28,70,FLINDERS,TRAEGER
4387,3,3 BR DETACHED HOUSE,16/01/2019,25/01/2019,27/06/2019,RGS,207,9,153,162,GOONDIWINDI,SOUTHERN DOWNS
4850,3,3 BR DETACHED HOUSE,20/11/2018,18/12/2018,3/01/2019,RGS,201,28,16,44,HINCHINBROOK,HINCHINBROOK
4850,2,2 BR DUAL OCCUPANCY,5/07/2018,19/07/2018,30/07/2018,RGS,201,14,11,25,HINCHINBROOK,HINCHINBROOK
4850,2,2 BR DUAL OCCUPANCY,5/07/2018,5/07/2018,5/07/2018,RGS,201,0,0,0,HINCHINBROOK,HINCHINBROOK
4850,4,4 BR DETACHED HOUSE,31/08/2018,17/09/2018,25/09/2018,RGS,201,17,8,25,HINCHINBROOK,HINCHINBROOK
4850,2,2 BR DUAL OCCUPANCY,11/09/2018,27/09/2018,10/10/2018,AHG,201,16,13,29,HINCHINBROOK,HINCHINBROOK
4850,3,3 BR DETACHED HOUSE,3/10/2018,22/10/2018,30/10/2018,AHG,201,19,8,27,HINCHINBROOK,HINCHINBROOK
4860,3,3 BR DETACHED HOUSE,14/12/2018,2/01/2019,2/01/2019,RGS,202,19,0,19,CASSOWARY COAST,HILL
4860,3,3 BR DETACHED HOUSE,19/07/2018,7/08/2018,27/08/2018,RGS,202,19,20,39,CASSOWARY COAST,HILL
4860,3,3 BR DETACHED HOUSE,21/05/2018,13/06/2018,18/07/2018,RGS,202,23,35,58,CASSOWARY COAST,HILL
4860,2,2 BR DUPLEX,21/02/2019,8/03/2019,29/03/2019,RGS,202,15,21,36,CASSOWARY COAST,HILL
4860,1,1 BR SENIOR UNIT,31/10/2018,12/11/2018,19/11/2018,SNR,202,12,7,19,CASSOWARY COAST,HILL
4860,1,1 BR SENIOR UNIT,17/05/2019,29/05/2019,17/06/2019,SNR,202,12,19,31,CASSOWARY COAST,HILL
4860,1,1 BR SENIOR UNIT,24/08/2018,3/09/2018,17/09/2018,SNR,202,10,14,24,CASSOWARY COAST,HILL
4860,1,1 BR SENIOR UNIT,22/06/2018,5/07/2018,1/08/2018,SNR,202,13,27,40,CASSOWARY COAST,HILL
4860,1,1 BR SENIOR UNIT,17/05/2019,29/05/2019,26/06/2019,SNR,202,12,28,40,CASSOWARY COAST,HILL
4860,1,1 BR SENIOR UNIT,22/03/2019,3/04/2019,10/05/2019,SNR,202,12,37,49,CASSOWARY COAST,HILL
4860,1,1 BR SENIOR UNIT,14/05/2019,22/05/2019,23/05/2019,SNR,202,8,1,9,CASSOWARY COAST,HILL
4860,1,1 BR APARTMENT,8/01/2019,25/01/2019,12/03/2019,RGS,202,17,46,63,CASSOWARY COAST,HILL
4860,3,3 BR DETACHED HOUSE,2/10/2018,16/10/2018,2/11/2018,RGS,202,14,17,31,CASSOWARY COAST,HILL
4860,4,4 BR DETACHED HOUSE,9/07/2018,23/07/2018,24/08/2018,AHG,202,14,32,46,CASSOWARY COAST,HILL
4860,4,4 BR DETACHED HOUSE,3/09/2018,4/09/2018,11/09/2018,AHG,202,1,7,8,CASSOWARY COAST,HILL
4860,2,2 BR ATTACHED HOUSING,22/11/2018,12/12/2018,20/12/2018,RGS,202,20,8,28,CASSOWARY COAST,HILL
4860,2,2 BR DUPLEX,8/01/2019,25/01/2019,30/01/2019,RGS,202,17,5,22,CASSOWARY COAST,HILL
4305,3,3 BR DETACHED HOUSE,12/02/2019,13/03/2019,18/03/2019,RGS,102,29,5,34,IPSWICH,IPSWICH WEST
4305,2,2 BR DETACHED HOUSE,20/12/2018,16/01/2019,21/01/2019,RGS,102,27,5,32,IPSWICH,IPSWICH WEST
4305,2,2 BR DETACHED HOUSE,16/05/2019,27/05/2019,30/05/2019,RGS,102,11,3,14,IPSWICH,IPSWICH WEST
4305,3,3 BR DETACHED HOUSE,15/06/2018,2/07/2018,20/07/2018,RGS,102,17,18,35,IPSWICH,IPSWICH WEST
4305,3,3 BR DETACHED HOUSE,20/05/2019,3/06/2019,5/06/2019,RGS,102,14,2,16,IPSWICH,IPSWICH WEST
4305,3,3 BR DETACHED HOUSE,27/02/2019,13/03/2019,18/03/2019,RGS,102,14,5,19,IPSWICH,IPSWICH WEST
4305,3,3 BR DETACHED HOUSE,25/06/2018,2/07/2018,16/07/2018,RGS,102,7,14,21,IPSWICH,IPSWICH WEST
4305,3,3 BR DETACHED HOUSE,27/05/2019,7/06/2019,12/06/2019,RGS,102,11,5,16,IPSWICH,IPSWICH WEST
4305,3,3 BR DETACHED HOUSE,3/01/2019,4/02/2019,5/02/2019,RGS,102,32,1,33,IPSWICH,IPSWICH WEST
4305,2,2 BR DUPLEX,29/01/2019,7/02/2019,14/02/2019,RGS,102,9,7,16,IPSWICH,IPSWICH WEST
4305,3,3 BR DETACHED HOUSE,18/07/2018,2/08/2018,7/08/2018,RGS,102,15,5,20,IPSWICH,IPSWICH WEST
4305,3,3 BR DETACHED HOUSE,13/02/2019,1/03/2019,8/03/2019,RGS,102,16,7,23,IPSWICH,IPSWICH WEST
4305,3,3 BR DETACHED HOUSE,22/10/2018,5/11/2018,9/11/2018,RGS,102,14,4,18,IPSWICH,IPSWICH WEST
4305,3,3 BR DETACHED HOUSE,3/09/2018,26/09/2018,11/10/2018,RGS,102,23,15,38,IPSWICH,IPSWICH WEST
4305,3,3 BR DETACHED HOUSE,8/03/2019,19/03/2019,21/03/2019,RGS,102,11,2,13,IPSWICH,IPSWICH WEST
4305,3,3 BR DETACHED HOUSE,24/07/2018,10/08/2018,10/08/2018,RGS,102,17,0,17,IPSWICH,IPSWICH WEST
4305,4,4 BR DETACHED HOUSE,13/06/2018,5/07/2018,18/07/2018,RGS,102,22,13,35,IPSWICH,IPSWICH WEST
4305,4,4 BR DETACHED HOUSE,24/04/2019,8/05/2019,25/06/2019,RGS,102,14,48,62,IPSWICH,IPSWICH WEST
4305,3,3 BR DETACHED HOUSE,20/05/2019,29/05/2019,31/05/2019,RGS,102,9,2,11,IPSWICH,IPSWICH WEST
4305,3,3 BR DETACHED HOUSE,16/10/2018,9/11/2018,9/11/2018,RGS,102,24,0,24,IPSWICH,IPSWICH WEST
4305,3,3 BR DETACHED HOUSE,19/11/2018,19/11/2018,19/11/2018,RGS,102,0,0,0,IPSWICH,IPSWICH WEST
4305,3,3 BR DETACHED HOUSE,17/08/2018,7/09/2018,14/09/2018,RGS,102,21,7,28,IPSWICH,IPSWICH WEST
4305,3,3 BR DETACHED HOUSE,1/06/2018,26/06/2018,4/07/2018,RGS,102,25,8,33,IPSWICH,IPSWICH WEST
4305,1,1 BR SENIOR UNIT,1/11/2018,9/11/2018,14/11/2018,SNR,102,8,5,13,IPSWICH,IPSWICH WEST
4305,1,1 BR SENIOR UNIT,3/04/2019,9/04/2019,16/04/2019,SNR,102,6,7,13,IPSWICH,IPSWICH WEST
4305,1,1 BR SENIOR UNIT,4/09/2018,18/09/2018,27/09/2018,SNR,102,14,9,23,IPSWICH,IPSWICH WEST
4305,2,2 BR ATTACHED HOUSING,9/08/2018,28/08/2018,7/09/2018,RGS,102,19,10,29,IPSWICH,IPSWICH
4305,2,2 BR ATTACHED HOUSING,8/04/2019,30/04/2019,9/05/2019,RGS,102,22,9,31,IPSWICH,IPSWICH
4305,3,3 BR DETACHED HOUSE,10/08/2018,3/09/2018,10/09/2018,RGS,102,24,7,31,IPSWICH,IPSWICH WEST
4304,1,1 BR SENIOR UNIT,20/12/2018,11/01/2019,18/01/2019,SNR,102,22,7,29,IPSWICH,IPSWICH
4304,1,1 BR SENIOR UNIT,21/03/2019,28/03/2019,13/06/2019,SNR,102,7,77,84,IPSWICH,IPSWICH
4304,1,1 BR SENIOR UNIT,8/03/2019,23/03/2019,1/05/2019,SNR,102,15,39,54,IPSWICH,IPSWICH
4304,1,1 BR SENIOR UNIT,9/07/2018,16/07/2018,24/07/2018,SNR,102,7,8,15,IPSWICH,IPSWICH
4304,1,1 BR SENIOR UNIT,25/01/2019,8/02/2019,26/04/2019,SNR,102,14,77,91,IPSWICH,IPSWICH
4305,3,3 BR DETACHED HOUSE,13/08/2018,27/08/2018,30/08/2018,RGS,102,14,3,17,IPSWICH,IPSWICH WEST
4305,3,3 BR DETACHED HOUSE,4/09/2018,24/09/2018,26/09/2018,RGS,102,20,2,22,IPSWICH,IPSWICH WEST
4305,3,3 BR DETACHED HOUSE,7/02/2019,1/03/2019,13/03/2019,RGS,102,22,12,34,IPSWICH,IPSWICH WEST
4304,1,1 BR APARTMENT,14/08/2018,23/08/2018,27/08/2018,RGS,102,9,4,13,IPSWICH,IPSWICH
4304,1,1 BR APARTMENT,2/01/2019,18/01/2019,18/01/2019,RGS,102,16,0,16,IPSWICH,IPSWICH
4304,1,1 BR APARTMENT,15/05/2018,23/05/2018,17/08/2018,RGS,102,8,86,94,IPSWICH,IPSWICH
4304,1,1 BR APARTMENT,5/06/2018,18/06/2018,17/07/2018,RGS,102,13,29,42,IPSWICH,IPSWICH
4304,1,1 BR APARTMENT,27/05/2019,27/05/2019,27/05/2019,RGS,102,0,0,0,IPSWICH,IPSWICH
4304,1,1 BR APARTMENT,10/09/2018,17/09/2018,8/10/2018,RGS,102,7,21,28,IPSWICH,IPSWICH
4304,1,1 BR APARTMENT,3/08/2018,14/08/2018,28/08/2018,RGS,102,11,14,25,IPSWICH,IPSWICH
4304,1,1 BR APARTMENT,12/11/2018,20/11/2018,5/12/2018,RGS,102,8,15,23,IPSWICH,IPSWICH
4304,1,1 BR APARTMENT,2/11/2018,14/11/2018,15/11/2018,RGS,102,12,1,13,IPSWICH,IPSWICH
4304,1,1 BR APARTMENT,13/07/2018,23/07/2018,27/08/2018,RGS,102,10,35,45,IPSWICH,IPSWICH
4304,1,1 BR SENIOR UNIT,5/03/2019,12/03/2019,5/04/2019,SNR,102,7,24,31,IPSWICH,IPSWICH
4304,1,1 BR SENIOR UNIT,4/03/2019,12/03/2019,26/03/2019,SNR,102,8,14,22,IPSWICH,IPSWICH
4304,3,3 BR ATTACHED HOUSING,25/07/2018,3/08/2018,23/08/2018,RGS,102,9,20,29,IPSWICH,IPSWICH
4304,3,3 BR ATTACHED HOUSING,7/12/2018,18/12/2018,21/12/2018,RGS,102,11,3,14,IPSWICH,IPSWICH
4305,2,2 BR ATTACHED HOUSING,2/07/2018,16/07/2018,6/08/2018,RGS,102,14,21,35,IPSWICH,IPSWICH
4305,1,1 BR SENIOR UNIT,15/01/2019,5/02/2019,13/02/2019,SNR,102,21,8,29,IPSWICH,IPSWICH
4305,1,1 BR SENIOR UNIT,25/01/2019,5/02/2019,13/02/2019,SNR,102,11,8,19,IPSWICH,IPSWICH
4305,1,1 BR SENIOR UNIT,30/04/2019,8/05/2019,22/05/2019,SNR,102,8,14,22,IPSWICH,IPSWICH
4305,1,1 BR SENIOR UNIT,20/02/2019,1/03/2019,6/03/2019,SNR,102,9,5,14,IPSWICH,IPSWICH
4305,1,1 BR SENIOR UNIT,3/09/2018,14/09/2018,26/09/2018,SNR,102,11,12,23,IPSWICH,IPSWICH
4305,1,1 BR SENIOR UNIT,30/07/2018,8/08/2018,13/08/2018,SNR,102,9,5,14,IPSWICH,IPSWICH
4305,1,1 BR SENIOR UNIT,30/01/2019,8/02/2019,18/02/2019,SNR,102,9,10,19,IPSWICH,IPSWICH
4304,1,1 BR SENIOR UNIT,4/01/2019,16/01/2019,23/01/2019,SNR,102,12,7,19,IPSWICH,IPSWICH
4304,2,2 BR APARTMENT,14/09/2018,26/09/2018,10/10/2018,RGS,102,12,14,26,IPSWICH,IPSWICH
4304,1,1 BR APARTMENT,1/04/2019,9/04/2019,10/04/2019,RGS,102,8,1,9,IPSWICH,IPSWICH
4304,2,2 BR SENIOR UNIT,8/10/2018,17/10/2018,14/11/2018,SNR,102,9,28,37,IPSWICH,IPSWICH
4304,2,2 BR SENIOR UNIT,11/01/2019,24/01/2019,1/02/2019,SNR,102,13,8,21,IPSWICH,IPSWICH
4305,2,2 BR SENIOR UNIT,21/08/2018,29/08/2018,29/08/2018,SNR,102,8,0,8,IPSWICH,IPSWICH WEST
4305,1,1 BR APARTMENT,17/01/2019,5/02/2019,13/02/2019,RGS,102,19,8,27,IPSWICH,IPSWICH
4304,1,1 BR APARTMENT,25/07/2018,3/08/2018,15/08/2018,RGS,102,9,12,21,IPSWICH,IPSWICH
4304,1,1 BR SENIOR UNIT,7/08/2018,14/08/2018,24/08/2018,SNR,102,7,10,17,IPSWICH,IPSWICH
4304,2,2 BR APARTMENT,27/09/2018,8/11/2018,13/11/2018,RGS,102,42,5,47,IPSWICH,IPSWICH
4305,3,3 BR DETACHED HOUSE,5/11/2018,16/11/2018,19/11/2018,RGS,102,11,3,14,IPSWICH,IPSWICH
4305,3,3 BR DETACHED HOUSE,12/06/2018,2/07/2018,2/07/2018,AHG,102,20,0,20,IPSWICH,IPSWICH WEST
4305,1,1 BR SENIOR UNIT,18/03/2019,27/03/2019,29/03/2019,AHS,102,9,2,11,IPSWICH,IPSWICH
4305,2,2 BR DUPLEX,2/10/2018,15/10/2018,8/11/2018,AHG,102,13,24,37,IPSWICH,IPSWICH
4305,3,3 BR DETACHED HOUSE,7/08/2018,31/08/2018,3/09/2018,AHG,102,24,3,27,IPSWICH,IPSWICH
4305,3,3 BR DETACHED HOUSE,4/03/2019,21/03/2019,21/03/2019,RGS,102,17,0,17,IPSWICH,IPSWICH WEST
4305,2,2 BR DUPLEX,4/10/2018,8/10/2018,8/10/2018,RGS,102,4,0,4,IPSWICH,IPSWICH WEST
4305,2,2 BR DUPLEX,8/10/2018,23/10/2018,2/11/2018,RGS,102,15,10,25,IPSWICH,IPSWICH WEST
4825,2,2 BR DUPLEX,28/08/2018,12/09/2018,30/10/2018,RGS,209,15,48,63,MOUNT ISA,TRAEGER
4825,2,2 BR DUPLEX,25/05/2018,13/06/2018,23/08/2018,RGS,209,19,71,90,MOUNT ISA,TRAEGER
4825,2,2 BR DUPLEX,10/05/2018,14/06/2018,3/08/2018,RGS,209,35,50,85,MOUNT ISA,TRAEGER
4825,3,3 BR DETACHED HOUSE,28/06/2018,19/07/2018,27/07/2018,RGS,209,21,8,29,MOUNT ISA,TRAEGER
4825,3,3 BR DETACHED HOUSE,5/12/2018,21/12/2018,22/01/2019,RGS,209,16,32,48,MOUNT ISA,TRAEGER
4825,3,3 BR DETACHED HOUSE,6/09/2018,20/09/2018,5/10/2018,RGS,209,14,15,29,MOUNT ISA,TRAEGER
4825,3,3 BR DETACHED HOUSE,5/06/2018,11/07/2018,17/08/2018,RGS,209,36,37,73,MOUNT ISA,TRAEGER
4825,3,3 BR DETACHED HOUSE,29/10/2018,30/11/2018,5/12/2018,RGS,209,32,5,37,MOUNT ISA,TRAEGER
4825,3,3 BR DETACHED HOUSE,19/03/2019,11/04/2019,17/04/2019,RGS,209,23,6,29,MOUNT ISA,TRAEGER
4825,3,3 BR DETACHED HOUSE,22/03/2019,17/04/2019,18/04/2019,RGS,209,26,1,27,MOUNT ISA,TRAEGER
4825,3,3 BR DETACHED HOUSE,14/12/2018,18/01/2019,25/01/2019,RGS,209,35,7,42,MOUNT ISA,TRAEGER
4825,3,3 BR DETACHED HOUSE,29/05/2018,14/06/2018,13/07/2018,RGS,209,16,29,45,MOUNT ISA,TRAEGER
4825,1,1 BR SENIOR UNIT,7/08/2018,17/08/2018,5/02/2019,SNR,209,10,172,182,MOUNT ISA,TRAEGER
4825,3,3 BR DETACHED HOUSE,25/06/2018,20/07/2018,10/08/2018,RGS,209,25,21,46,MOUNT ISA,TRAEGER
4825,4,4 BR DETACHED HOUSE,22/10/2018,6/11/2018,13/11/2018,RGS,209,15,7,22,MOUNT ISA,TRAEGER
4825,2,2 BR DUPLEX,7/07/2018,30/07/2018,30/07/2018,RGS,209,23,0,23,MOUNT ISA,TRAEGER
4825,2,2 BR DUPLEX,6/03/2019,22/03/2019,11/04/2019,RGS,209,16,20,36,MOUNT ISA,TRAEGER
4825,2,2 BR DUPLEX,23/11/2018,14/12/2018,19/03/2019,RGS,209,21,95,116,MOUNT ISA,TRAEGER
4825,3,3 BR DETACHED HOUSE,10/01/2019,28/02/2019,3/04/2019,RGS,209,49,34,83,MOUNT ISA,TRAEGER
4825,3,3 BR DETACHED HOUSE,20/09/2018,5/10/2018,5/12/2018,RGS,209,15,61,76,MOUNT ISA,TRAEGER
4825,3,3 BR DETACHED HOUSE,22/08/2018,19/09/2018,11/12/2018,RGS,209,28,83,111,MOUNT ISA,TRAEGER
4825,3,3 BR DETACHED HOUSE,1/03/2019,26/03/2019,29/05/2019,RGS,209,25,64,89,MOUNT ISA,TRAEGER
4825,3,3 BR DETACHED HOUSE,3/01/2019,25/01/2019,2/04/2019,RGS,209,22,67,89,MOUNT ISA,TRAEGER
4825,3,3 BR DETACHED HOUSE,23/10/2018,13/11/2018,28/11/2018,RGS,209,21,15,36,MOUNT ISA,TRAEGER
4825,3,3 BR DETACHED HOUSE,19/12/2018,21/02/2019,3/04/2019,RGS,209,64,41,105,MOUNT ISA,TRAEGER
4825,3,3 BR DETACHED HOUSE,18/01/2019,19/02/2019,3/04/2019,RGS,209,32,43,75,MOUNT ISA,TRAEGER
4825,3,3 BR DETACHED HOUSE,20/08/2018,3/09/2018,17/09/2018,RGS,209,14,14,28,MOUNT ISA,TRAEGER
4825,3,3 BR DETACHED HOUSE,26/09/2018,23/10/2018,28/02/2019,RGS,209,27,128,155,MOUNT ISA,TRAEGER
4825,3,3 BR DETACHED HOUSE,18/05/2018,6/06/2018,5/07/2018,RGS,209,19,29,48,MOUNT ISA,TRAEGER
4825,3,3 BR DETACHED HOUSE,15/11/2017,29/11/2017,20/07/2018,RGS,209,14,233,247,MOUNT ISA,TRAEGER
4825,3,3 BR DETACHED HOUSE,31/01/2019,22/03/2019,15/05/2019,RGS,209,50,54,104,MOUNT ISA,TRAEGER
4825,4,4 BR DETACHED HOUSE,17/08/2018,4/09/2018,27/11/2018,RGS,209,18,84,102,MOUNT ISA,TRAEGER
4825,3,3 BR DETACHED HOUSE,19/12/2018,24/01/2019,26/03/2019,RGS,209,36,61,97,MOUNT ISA,TRAEGER
4825,3,3 BR DETACHED HOUSE,28/03/2018,16/04/2018,5/07/2018,RGS,209,19,80,99,MOUNT ISA,TRAEGER
4825,4,4 BR DETACHED HOUSE,11/02/2019,25/02/2019,9/04/2019,RGS,209,14,43,57,MOUNT ISA,TRAEGER
4825,3,3 BR DETACHED HOUSE,14/05/2018,8/06/2018,6/07/2018,RGS,209,25,28,53,MOUNT ISA,TRAEGER
4825,3,3 BR DETACHED HOUSE,22/08/2018,3/09/2018,17/10/2018,RGS,209,12,44,56,MOUNT ISA,TRAEGER
4825,3,3 BR DETACHED HOUSE,8/12/2017,17/01/2018,31/08/2018,RGS,209,40,226,266,MOUNT ISA,TRAEGER
4825,3,3 BR DETACHED HOUSE,27/04/2018,10/05/2018,28/02/2019,RGS,209,13,294,307,MOUNT ISA,TRAEGER
4825,3,3 BR DETACHED HOUSE,16/11/2017,29/11/2017,6/06/2019,AHG,209,13,554,567,MOUNT ISA,TRAEGER
4825,4,4 BR DETACHED HOUSE,9/11/2018,10/12/2018,11/02/2019,RGS,209,31,63,94,MOUNT ISA,TRAEGER
4825,3,3 BR DETACHED HOUSE,9/11/2018,30/11/2018,12/12/2018,RGS,209,21,12,33,MOUNT ISA,TRAEGER
4825,3,3 BR DETACHED HOUSE,24/09/2018,10/10/2018,2/11/2018,RGS,209,16,23,39,MOUNT ISA,TRAEGER
4825,3,3 BR DETACHED HOUSE,4/01/2018,25/01/2018,12/07/2018,RGS,209,21,168,189,MOUNT ISA,TRAEGER
4825,3,3 BR DETACHED HOUSE,6/07/2018,25/07/2018,14/12/2018,RGS,209,19,142,161,MOUNT ISA,TRAEGER
4825,3,3 BR DETACHED HOUSE,9/07/2018,8/08/2018,20/09/2018,RGS,209,30,43,73,MOUNT ISA,TRAEGER
4825,4,4 BR DETACHED HOUSE,2/01/2019,24/01/2019,28/03/2019,RGS,209,22,63,85,MOUNT ISA,TRAEGER
4825,4,4 BR DETACHED HOUSE,7/08/2018,22/08/2018,9/11/2018,RGS,209,15,79,94,MOUNT ISA,TRAEGER
4825,3,3 BR DETACHED HOUSE,4/07/2018,27/07/2018,5/09/2018,RGS,209,23,40,63,MOUNT ISA,TRAEGER
4825,3,3 BR DETACHED HOUSE,13/08/2018,26/09/2018,19/12/2018,RGS,209,44,84,128,MOUNT ISA,TRAEGER
4825,3,3 BR DETACHED HOUSE,1/08/2018,17/08/2018,10/09/2018,RGS,209,16,24,40,MOUNT ISA,TRAEGER
4825,4,4 BR DETACHED HOUSE,8/02/2019,12/03/2019,21/05/2019,RGS,209,32,70,102,MOUNT ISA,TRAEGER
4825,3,3 BR DETACHED HOUSE,14/08/2018,5/09/2018,31/10/2018,RGS,209,22,56,78,MOUNT ISA,TRAEGER
4825,3,3 BR DETACHED HOUSE,10/05/2019,10/05/2019,10/05/2019,RGS,209,0,0,0,MOUNT ISA,TRAEGER
4825,4,4 BR DETACHED HOUSE,15/06/2018,31/07/2018,7/06/2019,RGS,209,46,311,357,MOUNT ISA,TRAEGER
4825,4,4 BR DETACHED HOUSE,10/08/2018,31/08/2018,30/11/2018,RGS,209,21,91,112,MOUNT ISA,TRAEGER
4825,3,3 BR DETACHED HOUSE,17/09/2018,17/09/2018,17/09/2018,RGS,209,0,0,0,MOUNT ISA,TRAEGER
4825,3,3 BR DETACHED HOUSE,17/09/2018,2/10/2018,7/11/2018,RGS,209,15,36,51,MOUNT ISA,TRAEGER
4825,3,3 BR DETACHED HOUSE,21/08/2018,12/09/2018,5/12/2018,RGS,209,22,84,106,MOUNT ISA,TRAEGER
4825,3,3 BR DETACHED HOUSE,16/07/2018,2/08/2018,5/09/2018,RGS,209,17,34,51,MOUNT ISA,TRAEGER
4825,3,3 BR DETACHED HOUSE,27/08/2018,12/09/2018,4/10/2018,RGS,209,16,22,38,MOUNT ISA,TRAEGER
4825,3,3 BR DETACHED HOUSE,24/12/2018,22/01/2019,27/03/2019,RGS,209,29,64,93,MOUNT ISA,TRAEGER
4825,3,3 BR DETACHED HOUSE,15/02/2019,18/03/2019,8/04/2019,RGS,209,31,21,52,MOUNT ISA,TRAEGER
4825,3,3 BR DETACHED HOUSE,5/06/2018,20/06/2018,5/09/2018,RGS,209,15,77,92,MOUNT ISA,TRAEGER
4825,3,3 BR DETACHED HOUSE,20/07/2018,19/09/2018,23/11/2018,RGS,209,61,65,126,MOUNT ISA,TRAEGER
4825,2,2 BR DUPLEX,30/08/2018,17/09/2018,7/12/2018,RGS,209,18,81,99,MOUNT ISA,TRAEGER
4825,3,3 BR ATTACHED HOUSING,6/12/2018,18/12/2018,16/01/2019,RGS,209,12,29,41,MOUNT ISA,TRAEGER
4825,2,2 BR ATTACHED HOUSING,6/11/2018,23/11/2018,17/01/2019,RGS,209,17,55,72,MOUNT ISA,TRAEGER
4825,2,2 BR ATTACHED HOUSING,1/06/2018,15/06/2018,17/07/2018,RGS,209,14,32,46,MOUNT ISA,TRAEGER
4825,1,1 BR APARTMENT,29/10/2018,16/11/2018,21/12/2018,RGS,209,18,35,53,MOUNT ISA,TRAEGER
4825,1,1 BR APARTMENT,15/03/2019,16/04/2019,30/04/2019,RGS,209,32,14,46,MOUNT ISA,TRAEGER
4825,2,2 BR ATTACHED HOUSING,21/08/2018,5/09/2018,10/10/2018,RGS,209,15,35,50,MOUNT ISA,TRAEGER
4825,2,2 BR ATTACHED HOUSING,5/03/2019,26/03/2019,23/04/2019,RGS,209,21,28,49,MOUNT ISA,TRAEGER
4825,2,2 BR ATTACHED HOUSING,14/01/2019,6/02/2019,1/03/2019,RGS,209,23,23,46,MOUNT ISA,TRAEGER
4825,2,2 BR ATTACHED HOUSING,26/03/2018,13/04/2018,19/07/2018,RGS,209,18,97,115,MOUNT ISA,TRAEGER
4825,3,3 BR CLUSTER HOUSING,26/09/2018,8/10/2018,23/10/2018,RGS,209,12,15,27,MOUNT ISA,TRAEGER
4825,1,1 BR APARTMENT,6/06/2018,19/06/2018,30/08/2018,RGS,209,13,72,85,MOUNT ISA,TRAEGER
4825,2,2 BR DUPLEX,19/06/2018,11/07/2018,24/08/2018,RGS,209,22,44,66,MOUNT ISA,TRAEGER
4825,1,1 BR SENIOR UNIT,27/03/2019,17/04/2019,7/05/2019,SNR,209,21,20,41,MOUNT ISA,TRAEGER
4825,1,1 BR SENIOR UNIT,25/07/2018,8/08/2018,31/08/2018,SNR,209,14,23,37,MOUNT ISA,TRAEGER
4825,1,1 BR SENIOR UNIT,22/08/2018,5/09/2018,31/10/2018,SNR,209,14,56,70,MOUNT ISA,TRAEGER
4825,1,1 BR APARTMENT,25/05/2018,14/06/2018,17/07/2018,RGS,209,20,33,53,MOUNT ISA,TRAEGER
4825,1,1 BR APARTMENT,22/08/2018,31/08/2018,19/11/2018,RGS,209,9,80,89,MOUNT ISA,TRAEGER
4825,2,2 BR DUPLEX,25/02/2019,13/03/2019,26/03/2019,RGS,209,16,13,29,MOUNT ISA,TRAEGER
4825,2,2 BR DUPLEX,10/04/2019,29/04/2019,6/06/2019,RGS,209,19,38,57,MOUNT ISA,TRAEGER
4825,2,2 BR ATTACHED HOUSING,16/01/2019,6/02/2019,26/03/2019,RGS,209,21,48,69,MOUNT ISA,TRAEGER
4825,2,2 BR ATTACHED HOUSING,4/01/2019,16/01/2019,25/01/2019,RGS,209,12,9,21,MOUNT ISA,TRAEGER
4825,1,1 BR SENIOR UNIT,31/05/2019,13/06/2019,14/06/2019,SNR,209,13,1,14,MOUNT ISA,TRAEGER
4825,1,1 BR SENIOR UNIT,16/11/2018,10/12/2018,15/01/2019,SNR,209,24,36,60,MOUNT ISA,TRAEGER
4825,1,1 BR APARTMENT,30/01/2019,19/02/2019,11/03/2019,RGS,209,20,20,40,MOUNT ISA,TRAEGER
4825,1,1 BR SENIOR UNIT,11/04/2019,2/05/2019,10/06/2019,SNR,209,21,39,60,MOUNT ISA,TRAEGER
4825,1,1 BR SENIOR UNIT,12/02/2019,21/02/2019,28/03/2019,SNR,209,9,35,44,MOUNT ISA,TRAEGER
4825,1,1 BR SENIOR UNIT,2/01/2019,16/01/2019,24/05/2019,SNR,209,14,128,142,MOUNT ISA,TRAEGER
4825,1,1 BR SENIOR UNIT,22/01/2019,1/02/2019,30/05/2019,SNR,209,10,118,128,MOUNT ISA,TRAEGER
4825,2,2 BR ATTACHED HOUSING,11/10/2018,25/10/2018,13/11/2018,RGS,209,14,19,33,MOUNT ISA,TRAEGER
4825,2,2 BR ATTACHED HOUSING,27/08/2018,12/09/2018,17/10/2018,RGS,209,16,35,51,MOUNT ISA,TRAEGER
4825,2,2 BR ATTACHED HOUSING,28/08/2018,12/09/2018,15/10/2018,RGS,209,15,33,48,MOUNT ISA,TRAEGER
4825,2,2 BR DUPLEX,10/01/2019,30/01/2019,19/06/2019,AHG,209,20,140,160,MOUNT ISA,TRAEGER
4825,2,2 BR DUAL OCCUPANCY,14/03/2019,1/05/2019,24/05/2019,AHG,209,48,23,71,MOUNT ISA,TRAEGER
4825,2,2 BR DUPLEX,4/05/2018,25/05/2018,14/08/2018,AHG,209,21,81,102,MOUNT ISA,TRAEGER
4825,2,2 BR DUPLEX,31/08/2018,2/10/2018,18/10/2018,AHG,209,32,16,48,MOUNT ISA,TRAEGER
4825,3,3 BR DETACHED HOUSE,28/06/2018,26/07/2018,6/11/2018,AHG,209,28,103,131,MOUNT ISA,TRAEGER
4825,3,3 BR DETACHED HOUSE,19/11/2018,14/12/2018,21/01/2019,AHG,209,25,38,63,MOUNT ISA,TRAEGER
4825,3,3 BR DETACHED HOUSE,23/11/2018,11/12/2018,24/12/2018,AHG,209,18,13,31,MOUNT ISA,TRAEGER
4825,3,3 BR DETACHED HOUSE,14/12/2018,16/01/2019,22/02/2019,AHG,209,33,37,70,MOUNT ISA,TRAEGER
4825,3,3 BR DETACHED HOUSE,26/09/2018,15/10/2018,31/10/2018,AHG,209,19,16,35,MOUNT ISA,TRAEGER
4825,3,3 BR DETACHED HOUSE,26/09/2018,15/10/2018,13/12/2018,AHG,209,19,59,78,MOUNT ISA,TRAEGER
4825,3,3 BR DETACHED HOUSE,12/04/2019,12/04/2019,12/04/2019,AHG,209,0,0,0,MOUNT ISA,TRAEGER
4825,2,2 BR DUAL OCCUPANCY,25/06/2018,28/08/2018,28/08/2018,AHG,209,64,0,64,MOUNT ISA,TRAEGER
4825,3,3 BR DETACHED HOUSE,20/05/2019,28/05/2019,3/06/2019,AHG,209,8,6,14,MOUNT ISA,TRAEGER
4825,3,3 BR DETACHED HOUSE,23/01/2019,22/03/2019,1/05/2019,AHG,209,58,40,98,MOUNT ISA,TRAEGER
4825,3,3 BR DETACHED HOUSE,27/02/2019,27/02/2019,27/02/2019,AHG,209,0,0,0,MOUNT ISA,TRAEGER
4825,3,3 BR DETACHED HOUSE,9/10/2018,18/10/2018,16/11/2018,RGS,209,9,29,38,MOUNT ISA,TRAEGER
4825,3,3 BR DETACHED HOUSE,7/08/2018,21/08/2018,29/08/2018,RGS,209,14,8,22,MOUNT ISA,TRAEGER
4825,2,2 BR APARTMENT,1/08/2018,16/08/2018,4/09/2018,AHG,209,15,19,34,MOUNT ISA,TRAEGER
4825,4,4 BR DETACHED HOUSE,15/04/2019,2/05/2019,12/06/2019,AHG,209,17,41,58,MOUNT ISA,TRAEGER
4825,2,2 BR DETACHED HOUSE,16/11/2018,18/12/2018,24/12/2018,AHG,209,32,6,38,MOUNT ISA,TRAEGER
4825,3,3 BR DETACHED HOUSE,15/02/2019,25/03/2019,5/06/2019,RGS,209,38,72,110,MOUNT ISA,TRAEGER
4825,4,4 BR DETACHED HOUSE,24/10/2018,7/11/2018,20/12/2018,AHG,209,14,43,57,MOUNT ISA,TRAEGER
4825,4,4 BR DETACHED HOUSE,24/04/2019,14/05/2019,12/06/2019,AHG,209,20,29,49,MOUNT ISA,TRAEGER
4825,3,3 BR DETACHED HOUSE,19/02/2019,22/03/2019,1/05/2019,AHG,209,31,40,71,MOUNT ISA,TRAEGER
4825,3,3 BR DETACHED HOUSE,8/08/2018,24/08/2018,18/10/2018,AHG,209,16,55,71,MOUNT ISA,TRAEGER
4825,3,3 BR DETACHED HOUSE,18/09/2018,2/10/2018,30/10/2018,AHG,209,14,28,42,MOUNT ISA,TRAEGER
4825,3,3 BR DETACHED HOUSE,30/08/2018,4/10/2018,16/11/2018,AHG,209,35,43,78,MOUNT ISA,TRAEGER
4410,3,3 BR DETACHED HOUSE,23/05/2019,23/05/2019,29/05/2019,AHG,207,0,6,6,WESTERN DOWNS,CALLIDE
4500,3,3 BR DETACHED HOUSE,26/09/2018,10/10/2018,12/10/2018,RGS,103,14,2,16,MORETON BAY,KURWONGBAH
4500,3,3 BR DETACHED HOUSE,15/11/2018,29/11/2018,21/12/2018,RGS,103,14,22,36,MORETON BAY,KURWONGBAH
4802,3,3 BR DETACHED HOUSE,7/12/2018,21/12/2018,2/01/2019,RGS,203,14,12,26,WHITSUNDAY,WHITSUNDAY
4823,3,3 BR DETACHED HOUSE,4/01/2018,30/01/2018,8/05/2019,AHG,209,26,463,489,MCKINLAY,TRAEGER
4503,1,1 BR SENIOR UNIT,8/02/2019,22/02/2019,8/03/2019,SNR,103,14,14,28,MORETON BAY,MURRUMBA
4503,1,1 BR SENIOR UNIT,5/10/2018,24/10/2018,31/10/2018,SNR,103,19,7,26,MORETON BAY,MURRUMBA
4503,1,1 BR SENIOR UNIT,3/01/2019,21/01/2019,4/02/2019,SNR,103,18,14,32,MORETON BAY,MURRUMBA
4503,1,1 BR SENIOR UNIT,29/11/2018,10/12/2018,18/01/2019,SNR,103,11,39,50,MORETON BAY,MURRUMBA
4503,1,1 BR SENIOR UNIT,11/06/2018,26/06/2018,19/07/2018,SNR,103,15,23,38,MORETON BAY,MURRUMBA
4503,1,1 BR SENIOR UNIT,15/01/2019,25/01/2019,7/03/2019,SNR,103,10,41,51,MORETON BAY,MURRUMBA
4503,1,1 BR SENIOR UNIT,18/04/2019,3/05/2019,14/05/2019,SNR,103,15,11,26,MORETON BAY,MURRUMBA
4503,3,3 BR DETACHED HOUSE,31/01/2019,5/03/2019,7/03/2019,RGS,103,33,2,35,MORETON BAY,MURRUMBA
4503,3,3 BR DETACHED HOUSE,21/12/2018,14/01/2019,23/01/2019,RGS,103,24,9,33,MORETON BAY,MURRUMBA
4503,3,3 BR DETACHED HOUSE,2/10/2018,18/10/2018,29/10/2018,RGS,103,16,11,27,MORETON BAY,MURRUMBA
4503,2,2 BR ATTACHED HOUSING,2/01/2019,15/01/2019,21/02/2019,RGS,103,13,37,50,MORETON BAY,MURRUMBA
4503,2,2 BR ATTACHED HOUSING,25/01/2019,8/02/2019,8/03/2019,RGS,103,14,28,42,MORETON BAY,MURRUMBA
4503,2,2 BR ATTACHED HOUSING,23/08/2018,6/09/2018,13/09/2018,RGS,103,14,7,21,MORETON BAY,MURRUMBA
4503,2,2 BR ATTACHED HOUSING,6/02/2019,19/02/2019,11/03/2019,RGS,103,13,20,33,MORETON BAY,MURRUMBA
4503,3,3 BR DETACHED HOUSE,26/06/2018,12/07/2018,13/07/2018,RGS,103,16,1,17,MORETON BAY,MURRUMBA
4503,4,4 BR DETACHED HOUSE,14/12/2018,15/01/2019,18/01/2019,RGS,103,32,3,35,MORETON BAY,MURRUMBA
4503,3,3 BR DETACHED HOUSE,21/03/2019,4/04/2019,5/04/2019,RGS,103,14,1,15,MORETON BAY,MURRUMBA
4503,3,3 BR DETACHED HOUSE,9/08/2018,27/08/2018,28/08/2018,RGS,103,18,1,19,MORETON BAY,MURRUMBA
4503,3,3 BR CLUSTER HOUSING,1/04/2019,17/04/2019,3/05/2019,RGS,103,16,16,32,MORETON BAY,MURRUMBA
4503,3,3 BR CLUSTER HOUSING,21/01/2019,31/01/2019,1/03/2019,RGS,103,10,29,39,MORETON BAY,MURRUMBA
4503,2,2 BR CLUSTER HOUSING,1/04/2019,17/04/2019,26/04/2019,RGS,103,16,9,25,MORETON BAY,MURRUMBA
4503,3,3 BR DETACHED HOUSE,19/11/2018,30/11/2018,11/12/2018,RGS,103,11,11,22,MORETON BAY,MURRUMBA
4503,2,2 BR APARTMENT,20/09/2018,16/10/2018,23/10/2018,RGS,103,26,7,33,MORETON BAY,MURRUMBA
4503,1,1 BR SENIOR UNIT,5/10/2018,18/10/2018,30/10/2018,SNR,103,13,12,25,MORETON BAY,MURRUMBA
4503,2,2 BR SENIOR UNIT,12/02/2019,12/02/2019,12/02/2019,SNR,103,0,0,0,MORETON BAY,MURRUMBA
4503,1,1 BR SENIOR UNIT,13/09/2018,26/09/2018,28/09/2018,SNR,103,13,2,15,MORETON BAY,MURRUMBA
4503,3,3 BR DETACHED HOUSE,17/05/2019,31/05/2019,3/06/2019,RGS,103,14,3,17,MORETON BAY,MURRUMBA
4655,3,3 BR DETACHED HOUSE,26/07/2018,29/08/2018,29/08/2018,RGS,213,34,0,34,FRASER COAST,HERVEY BAY
4655,2,2 BR DUPLEX,5/09/2018,13/09/2018,20/09/2018,RGS,213,8,7,15,FRASER COAST,HERVEY BAY
4655,3,3 BR DETACHED HOUSE,2/10/2018,2/10/2018,4/10/2018,RGS,213,0,2,2,FRASER COAST,HERVEY BAY
4655,2,2 BR DUPLEX,3/01/2019,17/01/2019,18/01/2019,RGS,213,14,1,15,FRASER COAST,HERVEY BAY
4610,3,3 BR DETACHED HOUSE,27/05/2019,7/06/2019,18/06/2019,RGS,213,11,11,22,SOUTH BURNETT,NANANGO
4610,3,3 BR DETACHED HOUSE,17/12/2018,24/12/2018,7/01/2019,RGS,213,7,14,21,SOUTH BURNETT,NANANGO
4610,3,3 BR DETACHED HOUSE,8/11/2018,23/11/2018,19/12/2018,RGS,213,15,26,41,SOUTH BURNETT,NANANGO
4610,1,1 BR SENIOR UNIT,16/07/2018,26/07/2018,28/09/2018,SNR,213,10,64,74,SOUTH BURNETT,NANANGO
4610,1,1 BR SENIOR UNIT,26/03/2019,8/04/2019,23/04/2019,SNR,213,13,15,28,SOUTH BURNETT,NANANGO
4610,1,1 BR SENIOR UNIT,2/05/2019,2/05/2019,30/05/2019,SNR,213,0,28,28,SOUTH BURNETT,NANANGO
4610,1,1 BR SENIOR UNIT,1/11/2017,14/12/2017,20/07/2018,SNR,213,43,218,261,SOUTH BURNETT,NANANGO
4610,1,1 BR SENIOR UNIT,1/11/2017,14/12/2017,8/01/2019,SNR,213,43,390,433,SOUTH BURNETT,NANANGO
4610,1,1 BR SENIOR UNIT,1/11/2017,17/08/2018,17/08/2018,SNR,213,289,0,289,SOUTH BURNETT,NANANGO
4610,1,1 BR SENIOR UNIT,1/11/2017,14/12/2017,18/10/2018,SNR,213,43,308,351,SOUTH BURNETT,NANANGO
4610,2,2 BR ATTACHED HOUSING,16/01/2019,29/01/2019,31/01/2019,RGS,213,13,2,15,SOUTH BURNETT,NANANGO
4610,2,2 BR APARTMENT,28/05/2019,7/06/2019,27/06/2019,RGS,213,10,20,30,SOUTH BURNETT,NANANGO
4610,3,3 BR DETACHED HOUSE,8/04/2019,18/04/2019,7/05/2019,RGS,213,10,19,29,SOUTH BURNETT,NANANGO
4610,3,3 BR DETACHED HOUSE,5/09/2018,14/09/2018,19/09/2018,RGS,213,9,5,14,SOUTH BURNETT,NANANGO
4610,1,1 BR SENIOR UNIT,15/04/2019,24/04/2019,7/05/2019,SNR,213,9,13,22,SOUTH BURNETT,NANANGO
4610,1,1 BR SENIOR UNIT,16/08/2018,28/08/2018,6/09/2018,SNR,213,12,9,21,SOUTH BURNETT,NANANGO
4610,2,2 BR DUPLEX,2/07/2018,16/07/2018,2/08/2018,RGS,213,14,17,31,SOUTH BURNETT,NANANGO
4610,2,2 BR ATTACHED HOUSING,18/12/2018,18/01/2019,25/01/2019,RGS,213,31,7,38,SOUTH BURNETT,NANANGO
4610,2,2 BR ATTACHED HOUSING,13/11/2018,21/11/2018,26/11/2018,RGS,213,8,5,13,SOUTH BURNETT,NANANGO
4881,4,4 BR CLUSTER HOUSING,17/09/2018,27/09/2018,5/02/2019,AHG,202,10,131,141,MAREEBA,BARRON RIVER
4881,2,2 BR CLUSTER HOUSING,15/02/2019,28/02/2019,8/03/2019,AHG,202,13,8,21,MAREEBA,BARRON RIVER
4881,2,2 BR CLUSTER HOUSING,9/08/2018,23/08/2018,25/09/2018,AHG,202,14,33,47,MAREEBA,BARRON RIVER
4400,3,3 BR DETACHED HOUSE,16/07/2018,17/07/2018,17/07/2018,RGS,207,1,0,1,TOOWOOMBA,CONDAMINE
4400,3,3 BR DETACHED HOUSE,31/07/2018,10/08/2018,23/10/2018,RGS,207,10,74,84,TOOWOOMBA,CONDAMINE
4400,3,3 BR DETACHED HOUSE,16/04/2019,7/05/2019,16/05/2019,RGS,207,21,9,30,TOOWOOMBA,CONDAMINE
4114,3,3 BR DETACHED HOUSE,9/04/2019,1/05/2019,10/05/2019,RGS,101,22,9,31,LOGAN,WATERFORD
4114,3,3 BR DETACHED HOUSE,13/09/2018,27/09/2018,23/10/2018,RGS,101,14,26,40,LOGAN,WATERFORD
4114,4,4 BR DETACHED HOUSE,15/02/2019,5/03/2019,6/03/2019,RGS,101,18,1,19,LOGAN,WATERFORD
4127,3,3 BR DETACHED HOUSE,3/12/2018,9/01/2019,18/01/2019,RGS,101,37,9,46,LOGAN,WATERFORD
4114,4,4 BR DETACHED HOUSE,11/09/2018,2/10/2018,11/10/2018,RGS,101,21,9,30,LOGAN,WOODRIDGE
4127,3,3 BR DETACHED HOUSE,9/10/2018,24/10/2018,30/10/2018,RGS,101,15,6,21,LOGAN,WATERFORD
4127,3,3 BR DETACHED HOUSE,21/12/2018,17/01/2019,18/01/2019,RGS,101,27,1,28,LOGAN,WATERFORD
4127,4,4 BR DETACHED HOUSE,8/10/2018,25/10/2018,6/11/2018,RGS,101,17,12,29,LOGAN,WATERFORD
4127,4,4 BR DETACHED HOUSE,11/03/2019,2/04/2019,4/04/2019,RGS,101,22,2,24,LOGAN,WATERFORD
4127,3,3 BR DETACHED HOUSE,14/02/2019,8/03/2019,12/03/2019,RGS,101,22,4,26,LOGAN,WATERFORD
4127,3,3 BR DETACHED HOUSE,12/12/2018,24/12/2018,7/01/2019,RGS,101,12,14,26,LOGAN,WATERFORD
4127,3,3 BR DETACHED HOUSE,14/02/2019,1/03/2019,15/03/2019,RGS,101,15,14,29,LOGAN,WATERFORD
4127,4,4 BR DETACHED HOUSE,29/08/2018,19/09/2018,26/09/2018,RGS,101,21,7,28,LOGAN,WATERFORD
4127,4,4 BR DETACHED HOUSE,17/04/2019,8/05/2019,17/05/2019,RGS,101,21,9,30,LOGAN,WATERFORD
4127,3,3 BR DETACHED HOUSE,22/03/2019,15/04/2019,2/05/2019,RGS,101,24,17,41,LOGAN,WATERFORD
4114,3,3 BR DETACHED HOUSE,13/12/2018,4/01/2019,16/01/2019,RGS,101,22,12,34,LOGAN,WOODRIDGE
4127,3,3 BR DETACHED HOUSE,4/10/2018,24/10/2018,6/11/2018,RGS,101,20,13,33,LOGAN,WATERFORD
4114,3,3 BR DETACHED HOUSE,16/05/2019,31/05/2019,4/06/2019,RGS,101,15,4,19,LOGAN,WOODRIDGE
4114,3,3 BR DETACHED HOUSE,11/03/2019,21/03/2019,29/03/2019,RGS,101,10,8,18,LOGAN,WOODRIDGE
4114,3,3 BR DETACHED HOUSE,31/05/2019,18/06/2019,24/06/2019,RGS,101,18,6,24,LOGAN,WOODRIDGE
4114,3,3 BR DETACHED HOUSE,22/11/2018,7/01/2019,10/01/2019,RGS,101,46,3,49,LOGAN,WOODRIDGE
4114,3,3 BR DETACHED HOUSE,29/04/2019,22/05/2019,23/05/2019,RGS,101,23,1,24,LOGAN,WOODRIDGE
4114,3,3 BR DETACHED HOUSE,18/12/2018,23/01/2019,29/01/2019,RGS,101,36,6,42,LOGAN,WOODRIDGE
4114,3,3 BR DETACHED HOUSE,23/08/2018,12/09/2018,19/09/2018,RGS,101,20,7,27,LOGAN,WOODRIDGE
4114,2,2 BR ATTACHED HOUSING,17/04/2019,15/05/2019,21/05/2019,RGS,101,28,6,34,LOGAN,WOODRIDGE
4114,2,2 BR ATTACHED HOUSING,3/04/2019,16/04/2019,2/05/2019,RGS,101,13,16,29,LOGAN,WOODRIDGE
4114,3,3 BR ATTACHED HOUSING,18/02/2019,28/02/2019,5/03/2019,RGS,101,10,5,15,LOGAN,WOODRIDGE
4114,3,3 BR ATTACHED HOUSING,16/07/2018,30/07/2018,20/08/2018,RGS,101,14,21,35,LOGAN,WOODRIDGE
4114,2,2 BR ATTACHED HOUSING,13/07/2018,1/08/2018,9/08/2018,RGS,101,19,8,27,LOGAN,WOODRIDGE
4114,2,2 BR ATTACHED HOUSING,11/04/2019,18/04/2019,1/05/2019,RGS,101,7,13,20,LOGAN,WOODRIDGE
4114,3,3 BR ATTACHED HOUSING,2/01/2019,22/01/2019,31/01/2019,RGS,101,20,9,29,LOGAN,WOODRIDGE
4114,2,2 BR ATTACHED HOUSING,2/01/2019,16/01/2019,25/01/2019,RGS,101,14,9,23,LOGAN,WOODRIDGE
4114,2,2 BR ATTACHED HOUSING,12/11/2018,30/11/2018,7/12/2018,RGS,101,18,7,25,LOGAN,WOODRIDGE
4114,2,2 BR ATTACHED HOUSING,14/11/2018,6/12/2018,12/12/2018,RGS,101,22,6,28,LOGAN,WOODRIDGE
4114,2,2 BR ATTACHED HOUSING,31/10/2018,31/10/2018,23/11/2018,RGS,101,0,23,23,LOGAN,WOODRIDGE
4114,2,2 BR ATTACHED HOUSING,6/03/2019,18/03/2019,22/03/2019,RGS,101,12,4,16,LOGAN,WOODRIDGE
4114,3,3 BR ATTACHED HOUSING,13/02/2019,27/02/2019,4/03/2019,RGS,101,14,5,19,LOGAN,WOODRIDGE
4114,3,3 BR ATTACHED HOUSING,23/01/2019,4/02/2019,13/03/2019,RGS,101,12,37,49,LOGAN,WOODRIDGE
4114,3,3 BR ATTACHED HOUSING,8/05/2019,23/05/2019,4/06/2019,RGS,101,15,12,27,LOGAN,WOODRIDGE
4114,2,2 BR ATTACHED HOUSING,20/03/2019,4/04/2019,9/04/2019,RGS,101,15,5,20,LOGAN,WOODRIDGE
4114,2,2 BR ATTACHED HOUSING,20/02/2019,1/03/2019,7/03/2019,RGS,101,9,6,15,LOGAN,WOODRIDGE
4114,2,2 BR ATTACHED HOUSING,8/03/2019,18/03/2019,26/03/2019,RGS,101,10,8,18,LOGAN,WOODRIDGE
4114,2,2 BR ATTACHED HOUSING,28/03/2019,11/04/2019,30/04/2019,RGS,101,14,19,33,LOGAN,WOODRIDGE
4114,2,2 BR ATTACHED HOUSING,9/10/2018,19/10/2018,30/10/2018,RGS,101,10,11,21,LOGAN,WOODRIDGE
4114,2,2 BR DUPLEX,24/04/2019,14/05/2019,3/06/2019,RGS,101,20,20,40,LOGAN,WOODRIDGE
4114,3,3 BR ATTACHED HOUSING,4/06/2019,14/06/2019,20/06/2019,RGS,101,10,6,16,LOGAN,WOODRIDGE
4114,3,3 BR ATTACHED HOUSING,2/04/2019,11/04/2019,24/04/2019,RGS,101,9,13,22,LOGAN,WOODRIDGE
4114,2,2 BR ATTACHED HOUSING,23/07/2018,10/08/2018,22/08/2018,RGS,101,18,12,30,LOGAN,WOODRIDGE
4114,2,2 BR ATTACHED HOUSING,17/10/2018,5/11/2018,13/11/2018,RGS,101,19,8,27,LOGAN,WOODRIDGE
4114,3,3 BR DETACHED HOUSE,4/12/2018,24/12/2018,10/01/2019,RGS,101,20,17,37,LOGAN,WOODRIDGE
4114,3,3 BR DETACHED HOUSE,30/05/2019,12/06/2019,24/06/2019,RGS,101,13,12,25,LOGAN,WOODRIDGE
4114,3,3 BR DETACHED HOUSE,9/10/2018,9/10/2018,9/10/2018,RGS,101,0,0,0,LOGAN,WOODRIDGE
4114,3,3 BR DETACHED HOUSE,4/01/2019,4/01/2019,8/01/2019,RGS,101,0,4,4,LOGAN,WOODRIDGE
4114,3,3 BR DETACHED HOUSE,5/04/2019,18/04/2019,29/04/2019,RGS,101,13,11,24,LOGAN,WOODRIDGE
4114,2,2 BR DUPLEX,25/06/2018,19/07/2018,6/08/2018,RGS,101,24,18,42,LOGAN,WOODRIDGE
4114,3,3 BR DETACHED HOUSE,16/08/2018,5/09/2018,17/09/2018,RGS,101,20,12,32,LOGAN,WOODRIDGE
4114,3,3 BR DETACHED HOUSE,24/01/2019,6/02/2019,15/02/2019,RGS,101,13,9,22,LOGAN,WOODRIDGE
4127,3,3 BR DETACHED HOUSE,7/03/2019,19/03/2019,25/03/2019,RGS,101,12,6,18,LOGAN,WATERFORD
4127,2,2 BR DUPLEX,14/02/2019,25/02/2019,27/02/2019,RGS,101,11,2,13,LOGAN,WATERFORD
4127,4,4 BR DETACHED HOUSE,25/01/2019,13/02/2019,18/02/2019,RGS,101,19,5,24,LOGAN,WATERFORD
4114,3,3 BR DETACHED HOUSE,1/04/2019,16/04/2019,26/04/2019,RGS,101,15,10,25,LOGAN,WOODRIDGE
4114,3,3 BR CLUSTER HOUSING,15/02/2019,8/03/2019,15/03/2019,RGS,101,21,7,28,LOGAN,WOODRIDGE
4114,2,2 BR ATTACHED HOUSING,31/05/2019,18/06/2019,28/06/2019,RGS,101,18,10,28,LOGAN,WOODRIDGE
4114,4,4 BR DETACHED HOUSE,4/10/2018,17/10/2018,8/11/2018,RGS,101,13,22,35,LOGAN,WOODRIDGE
4114,3,3 BR DETACHED HOUSE,4/03/2019,14/03/2019,29/03/2019,RGS,101,10,15,25,LOGAN,WOODRIDGE
4114,3,3 BR DETACHED HOUSE,6/06/2018,5/07/2018,12/07/2018,RGS,101,29,7,36,LOGAN,WOODRIDGE
4114,1,1 BR SENIOR UNIT,1/05/2019,13/05/2019,29/05/2019,SNR,101,12,16,28,LOGAN,WOODRIDGE
4114,1,1 BR SENIOR UNIT,14/08/2018,23/08/2018,29/08/2018,SNR,101,9,6,15,LOGAN,WOODRIDGE
4114,1,1 BR SENIOR UNIT,7/08/2018,17/08/2018,23/08/2018,SNR,101,10,6,16,LOGAN,WOODRIDGE
4127,2,2 BR ATTACHED HOUSING,17/07/2018,8/08/2018,22/08/2018,RGS,101,22,14,36,LOGAN,WATERFORD
4127,2,2 BR ATTACHED HOUSING,7/05/2019,22/05/2019,3/06/2019,RGS,101,15,12,27,LOGAN,WATERFORD
4114,2,2 BR ATTACHED HOUSING,22/01/2019,5/02/2019,14/02/2019,RGS,101,14,9,23,LOGAN,WATERFORD
4127,2,2 BR ATTACHED HOUSING,4/03/2019,13/03/2019,29/03/2019,RGS,101,9,16,25,LOGAN,WATERFORD
4114,3,3 BR DETACHED HOUSE,26/11/2018,14/12/2018,18/12/2018,RGS,101,18,4,22,LOGAN,WOODRIDGE
4114,3,3 BR DETACHED HOUSE,25/02/2019,8/03/2019,20/03/2019,RGS,101,11,12,23,LOGAN,WOODRIDGE
4114,3,3 BR DETACHED HOUSE,27/06/2018,13/07/2018,13/07/2018,RGS,101,16,0,16,LOGAN,WOODRIDGE
4114,3,3 BR DETACHED HOUSE,20/12/2018,29/01/2019,31/01/2019,RGS,101,40,2,42,LOGAN,WOODRIDGE
4114,3,3 BR DETACHED HOUSE,31/01/2019,19/02/2019,26/02/2019,RGS,101,19,7,26,LOGAN,WOODRIDGE
4114,3,3 BR DETACHED HOUSE,28/11/2018,14/12/2018,20/12/2018,RGS,101,16,6,22,LOGAN,WOODRIDGE
4114,3,3 BR DETACHED HOUSE,15/11/2018,15/11/2018,16/11/2018,RGS,101,0,1,1,LOGAN,WOODRIDGE
4127,3,3 BR DETACHED HOUSE,11/03/2019,29/03/2019,15/04/2019,AHG,101,18,17,35,LOGAN,WATERFORD
4558,2,2 BR DUPLEX,2/07/2018,25/07/2018,10/08/2018,RGS,205,23,16,39,SUNSHINE COAST,NINDERRY
4558,3,3 BR DETACHED HOUSE,9/07/2018,9/07/2018,9/07/2018,RGS,205,0,0,0,SUNSHINE COAST,NINDERRY
4558,3,3 BR DETACHED HOUSE,2/08/2018,21/08/2018,6/09/2018,RGS,205,19,16,35,SUNSHINE COAST,NINDERRY
4215,2,2 BR APARTMENT,8/01/2019,16/01/2019,18/02/2019,RGS,204,8,33,41,GOLD COAST,BONNEY
4215,2,2 BR APARTMENT,22/02/2019,28/02/2019,22/03/2019,RGS,204,6,22,28,GOLD COAST,BONNEY
4215,1,1 BR SENIOR UNIT,14/03/2019,26/03/2019,9/04/2019,SNR,204,12,14,26,GOLD COAST,BONNEY
4215,1,1 BR SENIOR UNIT,29/05/2018,7/06/2018,12/07/2018,SNR,204,9,35,44,GOLD COAST,BONNEY
4215,1,1 BR SENIOR UNIT,4/03/2019,12/03/2019,2/04/2019,SNR,204,8,21,29,GOLD COAST,BONNEY
4215,2,2 BR ATTACHED HOUSING,7/05/2019,13/05/2019,23/05/2019,RGS,204,6,10,16,GOLD COAST,BONNEY
4215,2,2 BR ATTACHED HOUSING,16/10/2018,22/10/2018,15/11/2018,RGS,204,6,24,30,GOLD COAST,BONNEY
4215,2,2 BR ATTACHED HOUSING,13/05/2019,21/05/2019,31/05/2019,RGS,204,8,10,18,GOLD COAST,BONNEY
4215,3,3 BR ATTACHED HOUSING,14/08/2018,14/08/2018,14/08/2018,RGS,204,0,0,0,GOLD COAST,BONNEY
4215,3,3 BR ATTACHED HOUSING,14/08/2018,23/08/2018,6/09/2018,RGS,204,9,14,23,GOLD COAST,BONNEY
4215,2,2 BR ATTACHED HOUSING,24/04/2019,20/05/2019,20/05/2019,RGS,204,26,0,26,GOLD COAST,BONNEY
4215,3,3 BR ATTACHED HOUSING,15/11/2018,15/11/2018,15/11/2018,RGS,204,0,0,0,GOLD COAST,BONNEY
4215,2,2 BR ATTACHED HOUSING,20/03/2019,29/03/2019,16/04/2019,RGS,204,9,18,27,GOLD COAST,BONNEY
4215,3,3 BR ATTACHED HOUSING,8/04/2019,12/04/2019,15/04/2019,RGS,204,4,3,7,GOLD COAST,BONNEY
4215,2,2 BR ATTACHED HOUSING,29/10/2018,9/11/2018,19/11/2018,RGS,204,11,10,21,GOLD COAST,BONNEY
4215,2,2 BR ATTACHED HOUSING,14/08/2018,29/08/2018,12/09/2018,RGS,204,15,14,29,GOLD COAST,BONNEY
4215,2,2 BR CLUSTER HOUSING,13/05/2019,4/06/2019,11/06/2019,RGS,204,22,7,29,GOLD COAST,BONNEY
4215,1,1 BR SENIOR UNIT,11/09/2018,18/09/2018,6/11/2018,SNR,204,7,49,56,GOLD COAST,BONNEY
4215,1,1 BR SENIOR UNIT,20/11/2018,3/12/2018,4/01/2019,SNR,204,13,32,45,GOLD COAST,BONNEY
4215,1,1 BR SENIOR UNIT,21/05/2019,29/05/2019,11/06/2019,SNR,204,8,13,21,GOLD COAST,BONNEY
4215,1,1 BR SENIOR UNIT,21/08/2018,4/09/2018,17/09/2018,SNR,204,14,13,27,GOLD COAST,BONNEY
4215,1,1 BR SENIOR UNIT,7/11/2018,19/11/2018,30/11/2018,SNR,204,12,11,23,GOLD COAST,BONNEY
4215,1,1 BR APARTMENT,22/06/2018,3/07/2018,5/07/2018,RGS,204,11,2,13,GOLD COAST,BONNEY
4215,1,1 BR SENIOR UNIT,17/07/2018,1/08/2018,10/08/2018,SNR,204,15,9,24,GOLD COAST,BONNEY
4215,1,1 BR APARTMENT,20/09/2018,3/10/2018,24/10/2018,RGS,204,13,21,34,GOLD COAST,BONNEY
4215,1,1 BR APARTMENT,25/03/2019,3/04/2019,12/04/2019,RGS,204,9,9,18,GOLD COAST,BONNEY
4215,2,2 BR CLUSTER HOUSING,30/11/2018,14/12/2018,19/12/2018,RGS,204,14,5,19,GOLD COAST,BONNEY
4215,1,1 BR SENIOR UNIT,8/02/2019,19/02/2019,27/02/2019,SNR,204,11,8,19,GOLD COAST,BONNEY
4215,1,1 BR APARTMENT,19/12/2018,19/12/2018,16/01/2019,RGS,204,0,28,28,GOLD COAST,BONNEY
4215,2,2 BR APARTMENT,4/07/2018,4/07/2018,6/07/2018,RGS,204,0,2,2,GOLD COAST,BONNEY
4215,2,2 BR APARTMENT,4/07/2018,4/07/2018,20/07/2018,RGS,204,0,16,16,GOLD COAST,BONNEY
4215,2,2 BR APARTMENT,4/07/2018,4/07/2018,17/07/2018,RGS,204,0,13,13,GOLD COAST,BONNEY
4215,2,2 BR APARTMENT,4/07/2018,4/07/2018,19/07/2018,RGS,204,0,15,15,GOLD COAST,BONNEY
4215,2,2 BR DUPLEX,3/10/2018,17/10/2018,3/11/2018,RGS,204,14,17,31,GOLD COAST,BONNEY
4215,2,2 BR DUPLEX,17/12/2018,17/12/2018,17/12/2018,RGS,204,0,0,0,GOLD COAST,BONNEY
4215,2,2 BR DUPLEX,4/01/2019,16/01/2019,25/01/2019,RGS,204,12,9,21,GOLD COAST,BONNEY
4215,2,2 BR DUPLEX,8/04/2019,17/04/2019,30/04/2019,RGS,204,9,13,22,GOLD COAST,BONNEY
4215,3,3 BR DUPLEX,5/11/2018,15/11/2018,12/12/2018,RGS,204,10,27,37,GOLD COAST,BONNEY
4215,3,3 BR DUPLEX,17/07/2018,1/08/2018,7/08/2018,RGS,204,15,6,21,GOLD COAST,BONNEY
4550,2,2 BR APARTMENT,23/07/2018,1/08/2018,14/08/2018,RGS,205,9,13,22,SUNSHINE COAST,CALOUNDRA
4501,2,2 BR ATTACHED HOUSING,7/12/2018,7/12/2018,7/12/2018,RGS,103,0,0,0,MORETON BAY,KURWONGBAH
4501,3,3 BR ATTACHED HOUSING,29/06/2018,11/07/2018,2/08/2018,RGS,103,12,22,34,MORETON BAY,KURWONGBAH
4501,3,3 BR ATTACHED HOUSING,31/07/2018,10/08/2018,20/08/2018,RGS,103,10,10,20,MORETON BAY,KURWONGBAH
4501,3,3 BR ATTACHED HOUSING,25/02/2019,11/03/2019,14/05/2019,RGS,103,14,64,78,MORETON BAY,KURWONGBAH
4501,3,3 BR ATTACHED HOUSING,28/03/2019,16/04/2019,24/05/2019,RGS,103,19,38,57,MORETON BAY,KURWONGBAH
4501,3,3 BR ATTACHED HOUSING,8/10/2018,24/10/2018,2/11/2018,RGS,103,16,9,25,MORETON BAY,KURWONGBAH
4501,3,3 BR ATTACHED HOUSING,22/02/2019,21/03/2019,14/05/2019,RGS,103,27,54,81,MORETON BAY,KURWONGBAH
4501,1,1 BR SENIOR UNIT,25/01/2019,11/02/2019,13/02/2019,SNR,103,17,2,19,MORETON BAY,KURWONGBAH
4501,3,3 BR ATTACHED HOUSING,18/06/2019,18/06/2019,19/06/2019,RGS,103,0,1,1,MORETON BAY,KURWONGBAH
4501,3,3 BR DETACHED HOUSE,22/03/2019,4/04/2019,9/04/2019,RGS,103,13,5,18,MORETON BAY,KURWONGBAH
4501,3,3 BR DETACHED HOUSE,26/06/2018,17/07/2018,18/07/2018,RGS,103,21,1,22,MORETON BAY,KURWONGBAH
4501,3,3 BR DETACHED HOUSE,17/09/2018,17/09/2018,19/09/2018,RGS,103,0,2,2,MORETON BAY,KURWONGBAH
4501,1,1 BR SENIOR UNIT,31/07/2018,10/08/2018,15/08/2018,SNR,103,10,5,15,MORETON BAY,KURWONGBAH
4501,1,1 BR SENIOR UNIT,11/01/2019,25/01/2019,26/02/2019,SNR,103,14,32,46,MORETON BAY,KURWONGBAH
4501,3,3 BR DETACHED HOUSE,22/11/2018,4/12/2018,7/12/2018,RGS,103,12,3,15,MORETON BAY,KURWONGBAH
4501,3,3 BR DETACHED HOUSE,2/01/2019,25/01/2019,11/02/2019,RGS,103,23,17,40,MORETON BAY,KURWONGBAH
4501,3,3 BR DETACHED HOUSE,13/07/2018,2/08/2018,14/08/2018,RGS,103,20,12,32,MORETON BAY,KURWONGBAH
4341,3,3 BR DETACHED HOUSE,14/12/2018,3/01/2019,11/01/2019,RGS,102,20,8,28,LOCKYER VALLEY,LOCKYER
4341,3,3 BR DETACHED HOUSE,24/08/2018,27/08/2018,27/08/2018,RGS,102,3,0,3,LOCKYER VALLEY,LOCKYER
4341,3,3 BR DETACHED HOUSE,6/09/2018,18/09/2018,19/09/2018,RGS,102,12,1,13,LOCKYER VALLEY,LOCKYER
4341,2,2 BR ATTACHED HOUSING,22/01/2019,1/02/2019,26/03/2019,RGS,102,10,53,63,LOCKYER VALLEY,LOCKYER
4341,1,1 BR SENIOR UNIT,4/10/2018,15/10/2018,5/11/2018,SNR,102,11,21,32,LOCKYER VALLEY,LOCKYER
4341,1,1 BR SENIOR UNIT,29/08/2018,10/09/2018,14/09/2018,SNR,102,12,4,16,LOCKYER VALLEY,LOCKYER
4341,3,3 BR DETACHED HOUSE,15/03/2019,3/04/2019,8/04/2019,RGS,102,19,5,24,LOCKYER VALLEY,LOCKYER
4341,3,3 BR DETACHED HOUSE,20/03/2019,1/04/2019,15/04/2019,RGS,102,12,14,26,LOCKYER VALLEY,LOCKYER
4129,5,5 BR DETACHED HOUSE,3/12/2018,8/01/2019,11/01/2019,RGS,101,36,3,39,LOGAN,WATERFORD
4131,3,3 BR DETACHED HOUSE,17/04/2019,1/05/2019,7/05/2019,RGS,101,14,6,20,LOGAN,WATERFORD
4131,3,3 BR DETACHED HOUSE,31/08/2018,20/09/2018,20/09/2018,RGS,101,20,0,20,LOGAN,WATERFORD
4131,3,3 BR DETACHED HOUSE,29/11/2018,2/01/2019,2/01/2019,RGS,101,34,0,34,LOGAN,WATERFORD
4131,3,3 BR DETACHED HOUSE,24/04/2019,21/05/2019,30/05/2019,RGS,101,27,9,36,LOGAN,WATERFORD
4131,3,3 BR DETACHED HOUSE,7/03/2019,21/03/2019,8/04/2019,RGS,101,14,18,32,LOGAN,WATERFORD
4131,3,3 BR DETACHED HOUSE,5/02/2019,20/02/2019,26/02/2019,RGS,101,15,6,21,LOGAN,WATERFORD
4131,4,4 BR DETACHED HOUSE,18/06/2018,10/07/2018,2/08/2018,RGS,101,22,23,45,LOGAN,WATERFORD
4131,3,3 BR DETACHED HOUSE,1/02/2019,14/02/2019,27/02/2019,RGS,101,13,13,26,LOGAN,WATERFORD
4131,3,3 BR DETACHED HOUSE,28/05/2019,13/06/2019,20/06/2019,RGS,101,16,7,23,LOGAN,WATERFORD
4131,3,3 BR DETACHED HOUSE,26/02/2019,13/03/2019,20/03/2019,RGS,101,15,7,22,LOGAN,WATERFORD
4131,3,3 BR DETACHED HOUSE,10/07/2018,27/07/2018,24/08/2018,AHG,101,17,28,45,LOGAN,WATERFORD
4131,3,3 BR DETACHED HOUSE,16/04/2019,7/05/2019,16/05/2019,RGS,101,21,9,30,LOGAN,WATERFORD
4131,3,3 BR DETACHED HOUSE,5/03/2019,21/03/2019,11/04/2019,RGS,101,16,21,37,LOGAN,WATERFORD
4131,3,3 BR DETACHED HOUSE,21/11/2018,12/12/2018,21/12/2018,RGS,101,21,9,30,LOGAN,WATERFORD
4131,3,3 BR DETACHED HOUSE,12/04/2019,26/04/2019,29/04/2019,RGS,101,14,3,17,LOGAN,WATERFORD
4131,3,3 BR DETACHED HOUSE,15/08/2018,5/09/2018,7/09/2018,RGS,101,21,2,23,LOGAN,WATERFORD
4131,3,3 BR DETACHED HOUSE,2/01/2019,14/02/2019,28/02/2019,RGS,101,43,14,57,LOGAN,WATERFORD
4131,2,2 BR DUPLEX,25/06/2018,30/07/2018,2/08/2018,RGS,101,35,3,38,LOGAN,WATERFORD
4131,1,1 BR APARTMENT,18/02/2019,18/02/2019,6/03/2019,RGS,101,0,16,16,LOGAN,WATERFORD
4131,1,1 BR APARTMENT,18/02/2019,18/02/2019,28/02/2019,RGS,101,0,10,10,LOGAN,WATERFORD
4131,1,1 BR APARTMENT,18/02/2019,18/02/2019,6/03/2019,RGS,101,0,16,16,LOGAN,WATERFORD
4131,1,1 BR APARTMENT,18/02/2019,18/02/2019,27/02/2019,RGS,101,0,9,9,LOGAN,WATERFORD
4131,1,1 BR APARTMENT,18/02/2019,18/02/2019,27/02/2019,RGS,101,0,9,9,LOGAN,WATERFORD
4131,1,1 BR APARTMENT,18/02/2019,18/02/2019,1/03/2019,RGS,101,0,11,11,LOGAN,WATERFORD
4131,1,1 BR APARTMENT,18/02/2019,18/02/2019,6/03/2019,RGS,101,0,16,16,LOGAN,WATERFORD
4131,1,1 BR APARTMENT,18/02/2019,18/02/2019,22/02/2019,RGS,101,0,4,4,LOGAN,WATERFORD
4131,1,1 BR APARTMENT,18/02/2019,18/02/2019,26/02/2019,RGS,101,0,8,8,LOGAN,WATERFORD
4131,1,1 BR APARTMENT,18/02/2019,18/02/2019,28/02/2019,RGS,101,0,10,10,LOGAN,WATERFORD
4131,1,1 BR APARTMENT,18/02/2019,18/02/2019,27/02/2019,RGS,101,0,9,9,LOGAN,WATERFORD
4131,1,1 BR APARTMENT,18/02/2019,18/02/2019,25/02/2019,RGS,101,0,7,7,LOGAN,WATERFORD
4131,1,1 BR APARTMENT,18/02/2019,18/02/2019,25/02/2019,RGS,101,0,7,7,LOGAN,WATERFORD
4131,1,1 BR APARTMENT,18/02/2019,18/02/2019,26/02/2019,RGS,101,0,8,8,LOGAN,WATERFORD
4131,1,1 BR APARTMENT,18/02/2019,18/02/2019,4/03/2019,RGS,101,0,14,14,LOGAN,WATERFORD
4131,1,1 BR APARTMENT,18/02/2019,18/02/2019,27/02/2019,RGS,101,0,9,9,LOGAN,WATERFORD
4131,1,1 BR APARTMENT,18/02/2019,18/02/2019,5/03/2019,RGS,101,0,15,15,LOGAN,WATERFORD
4131,1,1 BR APARTMENT,18/02/2019,18/02/2019,27/02/2019,RGS,101,0,9,9,LOGAN,WATERFORD
4131,3,3 BR DETACHED HOUSE,12/11/2018,11/12/2018,20/12/2018,RGS,101,29,9,38,LOGAN,WATERFORD
4131,3,3 BR DETACHED HOUSE,9/01/2019,4/02/2019,4/02/2019,RGS,101,26,0,26,LOGAN,WATERFORD
4131,3,3 BR DETACHED HOUSE,27/05/2019,13/06/2019,17/06/2019,RGS,101,17,4,21,LOGAN,WATERFORD
4131,3,3 BR DETACHED HOUSE,29/04/2019,17/05/2019,17/05/2019,RGS,101,18,0,18,LOGAN,WATERFORD
4131,3,3 BR DETACHED HOUSE,3/08/2018,21/08/2018,24/08/2018,RGS,101,18,3,21,LOGAN,WATERFORD
4131,1,1 BR SENIOR UNIT,6/08/2018,21/08/2018,24/08/2018,SNR,101,15,3,18,LOGAN,WATERFORD
4131,2,2 BR ATTACHED HOUSING,2/07/2018,18/07/2018,23/07/2018,RGS,101,16,5,21,LOGAN,WATERFORD
4131,2,2 BR ATTACHED HOUSING,14/02/2019,6/03/2019,11/03/2019,RGS,101,20,5,25,LOGAN,WATERFORD
4131,2,2 BR ATTACHED HOUSING,17/09/2018,28/09/2018,4/10/2018,RGS,101,11,6,17,LOGAN,WATERFORD
4131,2,2 BR ATTACHED HOUSING,15/05/2019,28/05/2019,31/05/2019,RGS,101,13,3,16,LOGAN,WATERFORD
4131,2,2 BR ATTACHED HOUSING,24/05/2018,12/06/2018,2/07/2018,RGS,101,19,20,39,LOGAN,WATERFORD
4131,2,2 BR ATTACHED HOUSING,8/04/2019,18/04/2019,30/04/2019,RGS,101,10,12,22,LOGAN,WATERFORD
4131,2,2 BR ATTACHED HOUSING,11/02/2019,21/02/2019,28/02/2019,RGS,101,10,7,17,LOGAN,WATERFORD
4131,2,2 BR ATTACHED HOUSING,15/02/2019,27/02/2019,20/03/2019,RGS,101,12,21,33,LOGAN,WATERFORD
4131,3,3 BR CLUSTER HOUSING,12/04/2019,26/04/2019,2/05/2019,RGS,101,14,6,20,LOGAN,WATERFORD
4131,3,3 BR CLUSTER HOUSING,20/11/2018,14/12/2018,19/12/2018,RGS,101,24,5,29,LOGAN,WATERFORD
4131,3,3 BR CLUSTER HOUSING,29/10/2018,20/11/2018,22/11/2018,RGS,101,22,2,24,LOGAN,WATERFORD
4131,2,2 BR DETACHED HOUSE,14/12/2018,10/01/2019,11/01/2019,RGS,101,27,1,28,LOGAN,WATERFORD
4131,3,3 BR DETACHED HOUSE,15/01/2019,29/01/2019,30/01/2019,RGS,101,14,1,15,LOGAN,WATERFORD
4131,3,3 BR DETACHED HOUSE,26/06/2018,13/07/2018,26/07/2018,RGS,101,17,13,30,LOGAN,WATERFORD
4730,2,2 BR DUPLEX,15/10/2018,29/10/2018,19/11/2018,RGS,211,14,21,35,LONGREACH,GREGORY
4730,3,3 BR DETACHED HOUSE,9/05/2018,4/06/2018,28/08/2018,RGS,211,26,85,111,LONGREACH,GREGORY
4730,3,3 BR DETACHED HOUSE,29/03/2019,13/05/2019,14/05/2019,RGS,211,45,1,46,LONGREACH,GREGORY
4730,3,3 BR DETACHED HOUSE,18/12/2018,16/01/2019,25/01/2019,RGS,211,29,9,38,LONGREACH,GREGORY
4730,2,2 BR DUPLEX,31/01/2019,15/02/2019,17/05/2019,RGS,211,15,91,106,LONGREACH,GREGORY
4730,3,3 BR DETACHED HOUSE,24/04/2019,8/05/2019,7/06/2019,RGS,211,14,30,44,LONGREACH,GREGORY
4730,3,3 BR DETACHED HOUSE,3/09/2018,22/10/2018,24/10/2018,AHG,211,49,2,51,LONGREACH,GREGORY
4730,3,3 BR DETACHED HOUSE,20/04/2018,25/05/2018,10/08/2018,AHG,211,35,77,112,LONGREACH,GREGORY
4730,3,3 BR DETACHED HOUSE,5/12/2018,20/12/2018,21/12/2018,AHG,211,15,1,16,LONGREACH,GREGORY
4311,3,3 BR DETACHED HOUSE,20/09/2018,17/10/2018,17/10/2018,RGS,102,27,0,27,SOMERSET,LOCKYER
4311,2,2 BR DUPLEX,25/10/2018,6/11/2018,15/11/2018,RGS,102,12,9,21,SOMERSET,LOCKYER
4740,1,1 BR APARTMENT,3/10/2018,10/10/2018,2/11/2018,RGS,203,7,23,30,MACKAY,MACKAY
4740,3,3 BR DETACHED HOUSE,10/04/2019,24/04/2019,30/04/2019,RGS,203,14,6,20,MACKAY,MACKAY
4740,2,2 BR DETACHED HOUSE,30/01/2019,6/02/2019,6/02/2019,RGS,203,7,0,7,MACKAY,MACKAY
4740,2,2 BR DETACHED HOUSE,6/02/2019,12/02/2019,12/02/2019,RGS,203,6,0,6,MACKAY,MACKAY
4740,2,2 BR APARTMENT,20/05/2019,3/06/2019,7/06/2019,RGS,203,14,4,18,MACKAY,MACKAY
4740,2,2 BR DUPLEX,17/12/2018,4/01/2019,8/01/2019,RGS,203,18,4,22,MACKAY,MACKAY
4740,3,3 BR DETACHED HOUSE,24/12/2018,3/01/2019,7/01/2019,RGS,203,10,4,14,MACKAY,MACKAY
4740,3,3 BR DETACHED HOUSE,4/12/2018,17/12/2018,17/12/2018,RGS,203,13,0,13,MACKAY,MACKAY
4740,3,3 BR DETACHED HOUSE,4/07/2018,17/07/2018,19/07/2018,RGS,203,13,2,15,MACKAY,MACKAY
4740,4,4 BR DETACHED HOUSE,10/05/2019,30/05/2019,7/06/2019,RGS,203,20,8,28,MACKAY,MACKAY
4740,3,3 BR DETACHED HOUSE,28/09/2018,15/11/2018,27/11/2018,RGS,203,48,12,60,MACKAY,MACKAY
4740,3,3 BR DETACHED HOUSE,9/05/2019,21/05/2019,27/05/2019,RGS,203,12,6,18,MACKAY,MACKAY
4740,3,3 BR DETACHED HOUSE,28/05/2019,14/06/2019,17/06/2019,RGS,203,17,3,20,MACKAY,MACKAY
4740,3,3 BR DETACHED HOUSE,5/10/2018,18/10/2018,19/10/2018,RGS,203,13,1,14,MACKAY,MACKAY
4740,3,3 BR DETACHED HOUSE,17/04/2019,7/05/2019,13/05/2019,RGS,203,20,6,26,MACKAY,MACKAY
4740,3,3 BR DETACHED HOUSE,13/11/2018,21/11/2018,22/11/2018,RGS,203,8,1,9,MACKAY,MACKAY
4740,2,2 BR APARTMENT,23/01/2019,5/02/2019,13/03/2019,RGS,203,13,36,49,MACKAY,MACKAY
4740,2,2 BR APARTMENT,27/07/2018,6/08/2018,7/08/2018,RGS,203,10,1,11,MACKAY,MACKAY
4740,2,2 BR ATTACHED HOUSING,1/08/2018,10/08/2018,14/08/2018,RGS,203,9,4,13,MACKAY,MACKAY
4740,2,2 BR ATTACHED HOUSING,30/11/2018,18/12/2018,31/01/2019,RGS,203,18,44,62,MACKAY,MACKAY
4740,2,2 BR ATTACHED HOUSING,19/07/2018,31/07/2018,6/08/2018,RGS,203,12,6,18,MACKAY,MACKAY
4740,2,2 BR ATTACHED HOUSING,18/12/2018,9/01/2019,23/01/2019,RGS,203,22,14,36,MACKAY,MACKAY
4740,1,1 BR SENIOR UNIT,7/11/2018,19/11/2018,1/04/2019,SNR,203,12,133,145,MACKAY,MACKAY
4740,1,1 BR SENIOR UNIT,1/11/2017,1/11/2017,14/08/2018,SNR,203,0,286,286,MACKAY,MACKAY
4740,1,1 BR SENIOR UNIT,7/02/2018,15/02/2018,14/08/2018,SNR,203,8,180,188,MACKAY,MACKAY
4740,1,1 BR SENIOR UNIT,1/11/2017,14/12/2017,30/07/2018,SNR,203,43,228,271,MACKAY,MACKAY
4740,1,1 BR SENIOR UNIT,2/10/2018,8/10/2018,11/01/2019,SNR,203,6,95,101,MACKAY,MACKAY
4740,1,1 BR SENIOR UNIT,22/10/2018,2/11/2018,25/01/2019,SNR,203,11,84,95,MACKAY,MACKAY
4740,1,1 BR APARTMENT,7/12/2018,17/12/2018,10/01/2019,RGS,203,10,24,34,MACKAY,MACKAY
4740,1,1 BR APARTMENT,7/06/2018,13/06/2018,10/07/2018,RGS,203,6,27,33,MACKAY,MACKAY
4740,2,2 BR ATTACHED HOUSING,6/09/2018,2/10/2018,17/10/2018,RGS,203,26,15,41,MACKAY,MACKAY
4740,2,2 BR ATTACHED HOUSING,31/10/2018,14/11/2018,28/11/2018,RGS,203,14,14,28,MACKAY,MACKAY
4740,2,2 BR ATTACHED HOUSING,19/11/2018,26/11/2018,27/11/2018,RGS,203,7,1,8,MACKAY,MACKAY
4740,2,2 BR ATTACHED HOUSING,11/04/2019,29/04/2019,3/05/2019,RGS,203,18,4,22,MACKAY,MACKAY
4740,2,2 BR ATTACHED HOUSING,17/12/2018,7/01/2019,29/01/2019,RGS,203,21,22,43,MACKAY,MACKAY
4740,2,2 BR ATTACHED HOUSING,6/02/2019,8/02/2019,21/03/2019,RGS,203,2,41,43,MACKAY,MACKAY
4740,4,4 BR DETACHED HOUSE,22/05/2019,4/06/2019,5/06/2019,RGS,203,13,1,14,MACKAY,MACKAY
4740,3,3 BR DETACHED HOUSE,4/02/2019,14/02/2019,19/02/2019,RGS,203,10,5,15,MACKAY,MACKAY
4740,2,2 BR ATTACHED HOUSING,18/03/2019,27/03/2019,8/04/2019,RGS,203,9,12,21,MACKAY,MACKAY
4740,2,2 BR ATTACHED HOUSING,26/11/2018,27/11/2018,27/11/2018,RGS,203,1,0,1,MACKAY,MACKAY
4740,2,2 BR ATTACHED HOUSING,27/11/2018,7/12/2018,7/12/2018,RGS,203,10,0,10,MACKAY,MACKAY
4740,2,2 BR ATTACHED HOUSING,7/05/2019,13/05/2019,16/05/2019,RGS,203,6,3,9,MACKAY,MACKAY
4740,3,3 BR DETACHED HOUSE,3/01/2019,10/01/2019,11/01/2019,RGS,203,7,1,8,MACKAY,MACKAY
4740,3,3 BR DETACHED HOUSE,12/06/2019,12/06/2019,12/06/2019,RGS,203,0,0,0,MACKAY,MACKAY
4740,1,1 BR APARTMENT,8/05/2019,20/05/2019,23/05/2019,RGS,203,12,3,15,MACKAY,MACKAY
4740,1,1 BR APARTMENT,4/07/2018,23/07/2018,24/07/2018,RGS,203,19,1,20,MACKAY,MACKAY
4740,1,1 BR APARTMENT,10/12/2018,14/12/2018,19/12/2018,RGS,203,4,5,9,MACKAY,MACKAY
4740,1,1 BR APARTMENT,17/04/2019,8/05/2019,15/05/2019,RGS,203,21,7,28,MACKAY,MACKAY
4740,1,1 BR APARTMENT,3/12/2018,12/12/2018,20/12/2018,RGS,203,9,8,17,MACKAY,MACKAY
4740,2,2 BR CLUSTER HOUSING,4/09/2018,14/09/2018,17/09/2018,RGS,203,10,3,13,MACKAY,MACKAY
4740,2,2 BR CLUSTER HOUSING,10/04/2019,16/04/2019,23/04/2019,RGS,203,6,7,13,MACKAY,MACKAY
4740,2,2 BR CLUSTER HOUSING,14/05/2019,23/05/2019,24/05/2019,RGS,203,9,1,10,MACKAY,MACKAY
4740,2,2 BR APARTMENT,28/05/2018,4/06/2018,9/07/2018,RGS,203,7,35,42,MACKAY,MACKAY
4740,2,2 BR APARTMENT,31/10/2018,13/11/2018,25/01/2019,RGS,203,13,73,86,MACKAY,MACKAY
4740,2,2 BR APARTMENT,16/07/2018,27/07/2018,20/08/2018,RGS,203,11,24,35,MACKAY,MACKAY
4740,3,3 BR DETACHED HOUSE,29/11/2018,14/12/2018,17/12/2018,RGS,203,15,3,18,MACKAY,MACKAY
4740,3,3 BR DETACHED HOUSE,28/09/2018,11/10/2018,15/10/2018,RGS,203,13,4,17,MACKAY,MACKAY
4740,3,3 BR DETACHED HOUSE,23/04/2019,3/05/2019,3/05/2019,RGS,203,10,0,10,MACKAY,MACKAY
4740,3,3 BR DETACHED HOUSE,21/01/2019,23/01/2019,25/01/2019,RGS,203,2,2,4,MACKAY,MACKAY
4740,3,3 BR DETACHED HOUSE,19/06/2018,27/06/2018,2/07/2018,RGS,203,8,5,13,MACKAY,MACKAY
4740,4,4 BR DETACHED HOUSE,26/06/2018,11/07/2018,8/08/2018,RGS,203,15,28,43,MACKAY,MACKAY
4740,3,3 BR DETACHED HOUSE,26/04/2019,13/05/2019,15/05/2019,RGS,203,17,2,19,MACKAY,MACKAY
4740,2,2 BR DUPLEX,14/09/2018,27/09/2018,2/10/2018,RGS,203,13,5,18,MACKAY,MACKAY
4740,3,3 BR DETACHED HOUSE,28/03/2019,12/04/2019,15/04/2019,RGS,203,15,3,18,MACKAY,MACKAY
4740,3,3 BR DETACHED HOUSE,5/07/2018,18/07/2018,19/07/2018,RGS,203,13,1,14,MACKAY,MACKAY
4740,3,3 BR DETACHED HOUSE,21/09/2018,4/10/2018,8/10/2018,RGS,203,13,4,17,MACKAY,MACKAY
4740,3,3 BR DETACHED HOUSE,22/06/2018,5/07/2018,6/07/2018,RGS,203,13,1,14,MACKAY,MACKAY
4740,3,3 BR DETACHED HOUSE,24/04/2019,10/05/2019,20/05/2019,RGS,203,16,10,26,MACKAY,MACKAY
4740,3,3 BR DETACHED HOUSE,3/12/2018,12/12/2018,13/12/2018,RGS,203,9,1,10,MACKAY,MACKAY
4740,3,3 BR DETACHED HOUSE,11/03/2019,22/03/2019,25/03/2019,RGS,203,11,3,14,MACKAY,MACKAY
4740,3,3 BR ATTACHED HOUSING,7/05/2019,23/05/2019,6/06/2019,RGS,203,16,14,30,MACKAY,MACKAY
4740,3,3 BR ATTACHED HOUSING,21/02/2019,28/02/2019,5/03/2019,RGS,203,7,5,12,MACKAY,MACKAY
4740,3,3 BR ATTACHED HOUSING,7/06/2019,14/06/2019,17/06/2019,RGS,203,7,3,10,MACKAY,MACKAY
4740,1,1 BR SENIOR UNIT,3/12/2018,13/12/2018,14/12/2018,SNR,203,10,1,11,MACKAY,MACKAY
4740,1,1 BR SENIOR UNIT,29/03/2019,4/04/2019,15/04/2019,SNR,203,6,11,17,MACKAY,MACKAY
4740,1,1 BR SENIOR UNIT,15/06/2018,26/06/2018,31/07/2018,SNR,203,11,35,46,MACKAY,MACKAY
4740,2,2 BR DUPLEX,22/05/2019,5/06/2019,6/06/2019,RGS,203,14,1,15,MACKAY,MACKAY
4740,1,1 BR APARTMENT,10/05/2019,3/06/2019,10/06/2019,RGS,203,24,7,31,MACKAY,MACKAY
4740,1,1 BR SENIOR UNIT,7/02/2019,18/02/2019,25/02/2019,SNR,203,11,7,18,MACKAY,MACKAY
4740,2,2 BR ATTACHED HOUSING,26/07/2018,6/08/2018,20/08/2018,RGS,203,11,14,25,MACKAY,MACKAY
4740,2,2 BR ATTACHED HOUSING,13/11/2018,21/11/2018,6/12/2018,RGS,203,8,15,23,MACKAY,MACKAY
4740,2,2 BR ATTACHED HOUSING,22/06/2018,13/07/2018,16/07/2018,RGS,203,21,3,24,MACKAY,MACKAY
4740,2,2 BR ATTACHED HOUSING,12/04/2019,1/05/2019,2/05/2019,RGS,203,19,1,20,MACKAY,MACKAY
4740,2,2 BR ATTACHED HOUSING,7/01/2019,16/01/2019,25/01/2019,RGS,203,9,9,18,MACKAY,MACKAY
4740,2,2 BR ATTACHED HOUSING,27/05/2019,10/06/2019,21/06/2019,RGS,203,14,11,25,MACKAY,MACKAY
4740,3,3 BR DETACHED HOUSE,27/07/2018,7/08/2018,8/08/2018,RGS,203,11,1,12,MACKAY,MACKAY
4740,3,3 BR DETACHED HOUSE,22/10/2018,7/11/2018,13/11/2018,RGS,203,16,6,22,MACKAY,MACKAY
4740,2,2 BR ATTACHED HOUSING,11/01/2019,21/01/2019,29/01/2019,RGS,203,10,8,18,MACKAY,MACKAY
4740,3,3 BR DETACHED HOUSE,23/08/2018,3/09/2018,6/09/2018,RGS,203,11,3,14,MACKAY,MACKAY
4740,1,1 BR CLUSTER HOUSING,27/06/2018,4/07/2018,5/07/2018,RGS,203,7,1,8,MACKAY,MACKAY
4740,2,2 BR CLUSTER HOUSING,26/06/2018,3/07/2018,26/07/2018,RGS,203,7,23,30,MACKAY,MACKAY
4740,2,2 BR CLUSTER HOUSING,18/02/2019,22/02/2019,4/03/2019,RGS,203,4,10,14,MACKAY,MACKAY
4740,3,3 BR DETACHED HOUSE,2/01/2019,11/01/2019,18/01/2019,RGS,203,9,7,16,MACKAY,MACKAY
4740,1,1 BR SENIOR UNIT,5/02/2019,13/02/2019,26/02/2019,SNR,203,8,13,21,MACKAY,MACKAY
4740,1,1 BR SENIOR UNIT,12/06/2018,22/06/2018,23/10/2018,SNR,203,10,123,133,MACKAY,MACKAY
4740,1,1 BR SENIOR UNIT,21/09/2018,5/10/2018,1/02/2019,SNR,203,14,119,133,MACKAY,MACKAY
4740,3,3 BR CLUSTER HOUSING,13/07/2018,25/07/2018,31/07/2018,RGS,203,12,6,18,MACKAY,MACKAY
4740,3,3 BR CLUSTER HOUSING,4/09/2018,14/09/2018,18/09/2018,RGS,203,10,4,14,MACKAY,MACKAY
4740,3,3 BR CLUSTER HOUSING,11/12/2018,3/01/2019,11/01/2019,RGS,203,23,8,31,MACKAY,MACKAY
4740,4,4 BR DETACHED HOUSE,8/10/2018,16/10/2018,1/11/2018,RGS,203,8,16,24,MACKAY,MACKAY
4740,4,4 BR DETACHED HOUSE,22/06/2018,29/06/2018,3/07/2018,RGS,203,7,4,11,MACKAY,MACKAY
4740,1,1 BR ATTACHED HOUSING,17/07/2018,30/07/2018,20/08/2018,RGS,203,13,21,34,MACKAY,MACKAY
4740,2,2 BR APARTMENT,8/01/2019,18/01/2019,23/01/2019,RGS,203,10,5,15,MACKAY,MACKAY
4740,2,2 BR APARTMENT,15/08/2018,27/08/2018,7/09/2018,RGS,203,12,11,23,MACKAY,MACKAY
4740,2,2 BR APARTMENT,23/10/2018,5/11/2018,26/11/2018,RGS,203,13,21,34,MACKAY,MACKAY
4740,2,2 BR APARTMENT,22/05/2019,5/06/2019,10/06/2019,RGS,203,14,5,19,MACKAY,MACKAY
4740,2,2 BR CLUSTER HOUSING,4/12/2018,18/12/2018,19/12/2018,RGS,203,14,1,15,MACKAY,MACKAY
4740,2,2 BR CLUSTER HOUSING,5/02/2019,12/02/2019,18/02/2019,RGS,203,7,6,13,MACKAY,MACKAY
4740,2,2 BR CLUSTER HOUSING,27/05/2019,7/06/2019,13/06/2019,RGS,203,11,6,17,MACKAY,MACKAY
4740,3,3 BR CLUSTER HOUSING,18/04/2019,10/05/2019,15/05/2019,RGS,203,22,5,27,MACKAY,MACKAY
4740,3,3 BR CLUSTER HOUSING,26/06/2018,9/07/2018,11/07/2018,RGS,203,13,2,15,MACKAY,MACKAY
4740,3,3 BR CLUSTER HOUSING,19/10/2018,31/10/2018,6/11/2018,RGS,203,12,6,18,MACKAY,MACKAY
4740,3,3 BR CLUSTER HOUSING,21/12/2018,15/01/2019,18/01/2019,RGS,203,25,3,28,MACKAY,MACKAY
4740,3,3 BR CLUSTER HOUSING,22/06/2018,10/07/2018,20/07/2018,RGS,203,18,10,28,MACKAY,MACKAY
4740,1,1 BR APARTMENT,3/10/2018,15/10/2018,31/10/2018,RGS,203,12,16,28,MACKAY,MACKAY
4740,1,1 BR APARTMENT,27/05/2019,10/06/2019,11/06/2019,RGS,203,14,1,15,MACKAY,MACKAY
4740,1,1 BR APARTMENT,27/11/2018,10/12/2018,4/01/2019,RGS,203,13,25,38,MACKAY,MACKAY
4740,1,1 BR APARTMENT,28/03/2019,8/04/2019,23/04/2019,RGS,203,11,15,26,MACKAY,MACKAY
4740,1,1 BR APARTMENT,27/02/2019,8/03/2019,22/03/2019,RGS,203,9,14,23,MACKAY,MACKAY
4740,3,3 BR DETACHED HOUSE,21/03/2019,29/03/2019,1/04/2019,RGS,203,8,3,11,MACKAY,MACKAY
4740,3,3 BR DUAL OCCUPANCY,27/11/2018,10/12/2018,10/12/2018,RGS,203,13,0,13,MACKAY,MACKAY
4740,2,2 BR ATTACHED HOUSING,19/10/2018,1/11/2018,13/11/2018,RGS,203,13,12,25,MACKAY,MACKAY
4740,1,1 BR SENIOR UNIT,1/04/2019,9/04/2019,11/04/2019,SNR,203,8,2,10,MACKAY,MACKAY
4740,1,1 BR SENIOR UNIT,31/08/2018,12/09/2018,20/09/2018,SNR,203,12,8,20,MACKAY,MACKAY
4740,1,1 BR SENIOR UNIT,16/05/2019,30/05/2019,17/06/2019,SNR,203,14,18,32,MACKAY,MACKAY
4740,1,1 BR SENIOR UNIT,14/09/2018,26/09/2018,27/09/2018,SNR,203,12,1,13,MACKAY,MACKAY
4740,1,1 BR SENIOR UNIT,24/04/2019,8/05/2019,9/05/2019,SNR,203,14,1,15,MACKAY,MACKAY
4740,4,4 BR DETACHED HOUSE,10/04/2019,26/04/2019,8/05/2019,RGS,203,16,12,28,MACKAY,MACKAY
4740,2,2 BR APARTMENT,14/02/2019,27/02/2019,1/03/2019,RGS,203,13,2,15,MACKAY,MACKAY
4740,3,3 BR DUPLEX,30/08/2018,11/09/2018,2/10/2018,RGS,203,12,21,33,MACKAY,MACKAY
4740,3,3 BR DUPLEX,27/05/2019,11/06/2019,12/06/2019,RGS,203,15,1,16,MACKAY,MACKAY
4740,3,3 BR DETACHED HOUSE,28/05/2018,6/06/2018,4/07/2018,RGS,203,9,28,37,MACKAY,MACKAY
4740,3,3 BR DETACHED HOUSE,4/02/2019,15/02/2019,25/02/2019,RGS,203,11,10,21,MACKAY,MACKAY
4740,3,3 BR DETACHED HOUSE,29/04/2019,15/05/2019,16/05/2019,RGS,203,16,1,17,MACKAY,MACKAY
4740,3,3 BR DETACHED HOUSE,27/02/2019,8/03/2019,18/03/2019,RGS,203,9,10,19,MACKAY,MACKAY
4740,3,3 BR APARTMENT,10/05/2019,29/05/2019,5/06/2019,RGS,203,19,7,26,MACKAY,MACKAY
4740,2,2 BR APARTMENT,14/08/2018,23/08/2018,24/08/2018,RGS,203,9,1,10,MACKAY,MACKAY
4740,2,2 BR APARTMENT,31/08/2018,11/09/2018,5/10/2018,RGS,203,11,24,35,MACKAY,MACKAY
4740,2,2 BR APARTMENT,7/06/2018,18/06/2018,25/07/2018,RGS,203,11,37,48,MACKAY,MACKAY
4740,2,2 BR APARTMENT,9/10/2018,19/10/2018,4/12/2018,RGS,203,10,46,56,MACKAY,MACKAY
4740,2,2 BR APARTMENT,10/09/2018,24/09/2018,29/10/2018,RGS,203,14,35,49,MACKAY,MACKAY
4740,2,2 BR APARTMENT,1/03/2019,12/03/2019,15/03/2019,RGS,203,11,3,14,MACKAY,MACKAY
4740,1,1 BR SENIOR UNIT,10/09/2018,18/09/2018,19/09/2018,SNR,203,8,1,9,MACKAY,MACKAY
4740,1,1 BR APARTMENT,8/08/2018,14/08/2018,30/08/2018,RGS,203,6,16,22,MACKAY,MACKAY
4750,3,3 BR DETACHED HOUSE,4/03/2019,14/03/2019,14/03/2019,AHG,203,10,0,10,MACKAY,WHITSUNDAY
4740,3,3 BR DETACHED HOUSE,13/02/2019,19/02/2019,25/02/2019,AHG,203,6,6,12,MACKAY,MACKAY
4740,3,3 BR DETACHED HOUSE,11/04/2019,30/04/2019,17/05/2019,AHG,203,19,17,36,MACKAY,MACKAY
4740,3,3 BR DETACHED HOUSE,10/12/2018,21/12/2018,24/12/2018,AHG,203,11,3,14,MACKAY,MACKAY
4740,3,3 BR DETACHED HOUSE,10/05/2019,28/05/2019,29/05/2019,AHG,203,18,1,19,MACKAY,MACKAY
4740,4,4 BR DETACHED HOUSE,20/11/2018,28/11/2018,3/12/2018,AHG,203,8,5,13,MACKAY,WHITSUNDAY
4740,3,3 BR DETACHED HOUSE,10/07/2018,24/07/2018,25/07/2018,AHG,203,14,1,15,MACKAY,WHITSUNDAY
4740,3,3 BR DETACHED HOUSE,18/10/2018,26/10/2018,1/11/2018,AHG,203,8,6,14,MACKAY,WHITSUNDAY
4740,3,3 BR DETACHED HOUSE,15/10/2018,25/10/2018,25/10/2018,RGS,203,10,0,10,MACKAY,MACKAY
4740,2,2 BR DUPLEX,27/08/2018,30/08/2018,30/08/2018,RGS,203,3,0,3,MACKAY,MACKAY
4740,2,2 BR DUPLEX,27/08/2018,30/08/2018,30/08/2018,RGS,203,3,0,3,MACKAY,MACKAY
4880,3,3 BR DETACHED HOUSE,15/11/2017,25/05/2018,11/07/2018,RGS,202,191,47,238,MAREEBA,COOK
4880,2,2 BR DUPLEX,15/01/2019,31/01/2019,4/02/2019,RGS,202,16,4,20,MAREEBA,COOK
4880,3,3 BR DETACHED HOUSE,22/05/2018,5/06/2018,9/07/2018,RGS,202,14,34,48,MAREEBA,COOK
4880,3,3 BR DETACHED HOUSE,3/01/2019,21/01/2019,19/03/2019,RGS,202,18,57,75,MAREEBA,COOK
4880,2,2 BR DUPLEX,3/06/2019,21/06/2019,28/06/2019,RGS,202,18,7,25,MAREEBA,COOK
4880,3,3 BR DETACHED HOUSE,29/01/2019,29/01/2019,29/01/2019,RGS,202,0,0,0,MAREEBA,COOK
4880,3,3 BR DETACHED HOUSE,10/08/2018,29/08/2018,20/09/2018,RGS,202,19,22,41,MAREEBA,COOK
4880,3,3 BR DETACHED HOUSE,9/10/2018,18/10/2018,19/10/2018,RGS,202,9,1,10,MAREEBA,COOK
4880,3,3 BR DETACHED HOUSE,27/05/2019,10/06/2019,17/06/2019,RGS,202,14,7,21,MAREEBA,COOK
4880,2,2 BR DUPLEX,29/01/2019,14/02/2019,1/03/2019,RGS,202,16,15,31,MAREEBA,COOK
4880,2,2 BR DUPLEX,26/02/2019,14/03/2019,2/04/2019,RGS,202,16,19,35,MAREEBA,COOK
4880,1,1 BR SENIOR UNIT,28/09/2018,10/10/2018,18/10/2018,SNR,202,12,8,20,MAREEBA,COOK
4880,1,1 BR SENIOR UNIT,11/02/2019,25/02/2019,6/03/2019,SNR,202,14,9,23,MAREEBA,COOK
4880,1,1 BR SENIOR UNIT,22/05/2018,23/10/2018,17/12/2018,SNR,202,154,55,209,MAREEBA,COOK
4880,2,2 BR APARTMENT,19/12/2018,11/01/2019,20/02/2019,RGS,202,23,40,63,MAREEBA,COOK
4880,1,1 BR APARTMENT,6/09/2018,17/09/2018,5/10/2018,RGS,202,11,18,29,MAREEBA,COOK
4880,3,3 BR DETACHED HOUSE,29/03/2019,12/04/2019,16/04/2019,AHG,202,14,4,18,MAREEBA,COOK
4880,2,2 BR DUPLEX,22/01/2019,11/02/2019,8/03/2019,AHG,202,20,25,45,MAREEBA,COOK
4880,3,3 BR DETACHED HOUSE,13/11/2018,30/11/2018,12/12/2018,AHG,202,17,12,29,MAREEBA,COOK
4880,3,3 BR DETACHED HOUSE,15/10/2018,1/11/2018,5/11/2018,AHG,202,17,4,21,MAREEBA,COOK
4880,4,4 BR DETACHED HOUSE,13/12/2018,8/01/2019,14/01/2019,AHG,202,26,6,32,MAREEBA,COOK
4872,3,3 BR CLUSTER HOUSING,12/07/2018,25/07/2018,9/11/2018,AHG,202,13,107,120,MAREEBA,BARRON RIVER
4650,3,3 BR DETACHED HOUSE,25/09/2018,4/10/2018,4/10/2018,RGS,213,9,0,9,FRASER COAST,MARYBOROUGH
4650,3,3 BR DETACHED HOUSE,18/03/2019,28/03/2019,5/04/2019,RGS,213,10,8,18,FRASER COAST,MARYBOROUGH
4650,3,3 BR DETACHED HOUSE,20/05/2019,13/06/2019,13/06/2019,RGS,213,24,0,24,FRASER COAST,MARYBOROUGH
4650,3,3 BR DETACHED HOUSE,30/01/2019,13/02/2019,22/02/2019,RGS,213,14,9,23,FRASER COAST,MARYBOROUGH
4650,3,3 BR DETACHED HOUSE,9/04/2019,18/04/2019,26/04/2019,RGS,213,9,8,17,FRASER COAST,MARYBOROUGH
4650,3,3 BR DETACHED HOUSE,2/11/2018,15/11/2018,15/11/2018,RGS,213,13,0,13,FRASER COAST,MARYBOROUGH
4650,1,1 BR SENIOR UNIT,30/10/2018,5/11/2018,8/11/2018,SNR,213,6,3,9,FRASER COAST,MARYBOROUGH
4650,1,1 BR SENIOR UNIT,14/09/2018,20/09/2018,24/09/2018,SNR,213,6,4,10,FRASER COAST,MARYBOROUGH
4650,1,1 BR SENIOR UNIT,30/01/2019,8/02/2019,8/02/2019,SNR,213,9,0,9,FRASER COAST,MARYBOROUGH
4650,1,1 BR SENIOR UNIT,19/03/2019,22/03/2019,28/03/2019,SNR,213,3,6,9,FRASER COAST,MARYBOROUGH
4650,1,1 BR SENIOR UNIT,1/03/2019,8/03/2019,15/03/2019,SNR,213,7,7,14,FRASER COAST,MARYBOROUGH
4650,3,3 BR ATTACHED HOUSING,22/01/2019,6/02/2019,15/02/2019,RGS,213,15,9,24,FRASER COAST,MARYBOROUGH
4650,2,2 BR ATTACHED HOUSING,7/11/2018,16/11/2018,23/11/2018,RGS,213,9,7,16,FRASER COAST,MARYBOROUGH
4650,2,2 BR ATTACHED HOUSING,8/04/2019,18/04/2019,7/05/2019,RGS,213,10,19,29,FRASER COAST,MARYBOROUGH
4650,1,1 BR SENIOR UNIT,13/11/2018,13/11/2018,26/11/2018,SNR,213,0,13,13,FRASER COAST,MARYBOROUGH
4650,1,1 BR SENIOR UNIT,10/08/2018,20/08/2018,24/08/2018,SNR,213,10,4,14,FRASER COAST,MARYBOROUGH
4650,1,1 BR SENIOR UNIT,5/07/2018,11/07/2018,12/07/2018,SNR,213,6,1,7,FRASER COAST,MARYBOROUGH
4650,3,3 BR ATTACHED HOUSING,28/09/2018,9/10/2018,25/10/2018,RGS,213,11,16,27,FRASER COAST,MARYBOROUGH
4650,3,3 BR DETACHED HOUSE,15/08/2018,28/08/2018,18/09/2018,RGS,213,13,21,34,FRASER COAST,MARYBOROUGH
4650,1,1 BR SENIOR UNIT,26/02/2019,5/03/2019,11/03/2019,SNR,213,7,6,13,FRASER COAST,MARYBOROUGH
4650,1,1 BR SENIOR UNIT,31/10/2018,9/11/2018,21/11/2018,SNR,213,9,12,21,FRASER COAST,MARYBOROUGH
4650,1,1 BR SENIOR UNIT,5/10/2018,11/10/2018,19/10/2018,SNR,213,6,8,14,FRASER COAST,MARYBOROUGH
4650,1,1 BR SENIOR UNIT,14/01/2019,25/01/2019,30/01/2019,SNR,213,11,5,16,FRASER COAST,MARYBOROUGH
4650,3,3 BR DETACHED HOUSE,19/01/2018,20/07/2018,20/07/2018,RGS,213,182,0,182,FRASER COAST,MARYBOROUGH
4650,1,1 BR SENIOR UNIT,4/04/2019,11/04/2019,2/05/2019,SNR,213,7,21,28,FRASER COAST,MARYBOROUGH
4650,1,1 BR APARTMENT,4/06/2019,13/06/2019,18/06/2019,RGS,213,9,5,14,FRASER COAST,MARYBOROUGH
4650,1,1 BR APARTMENT,26/11/2018,4/12/2018,7/12/2018,RGS,213,8,3,11,FRASER COAST,MARYBOROUGH
4650,1,1 BR APARTMENT,21/01/2019,1/02/2019,15/02/2019,RGS,213,11,14,25,FRASER COAST,MARYBOROUGH
4650,3,3 BR DETACHED HOUSE,2/10/2018,10/10/2018,26/10/2018,RGS,213,8,16,24,FRASER COAST,MARYBOROUGH
4650,1,1 BR APARTMENT,12/07/2018,18/07/2018,24/07/2018,RGS,213,6,6,12,FRASER COAST,MARYBOROUGH
4650,1,1 BR APARTMENT,24/08/2018,31/08/2018,31/08/2018,RGS,213,7,0,7,FRASER COAST,MARYBOROUGH
4650,1,1 BR SENIOR UNIT,14/01/2019,24/01/2019,31/01/2019,SNR,213,10,7,17,FRASER COAST,MARYBOROUGH
4650,2,2 BR ATTACHED HOUSING,28/05/2019,10/06/2019,12/06/2019,RGS,213,13,2,15,FRASER COAST,MARYBOROUGH
4650,2,2 BR SENIOR UNIT,25/01/2019,4/02/2019,4/02/2019,SNR,213,10,0,10,FRASER COAST,MARYBOROUGH
4650,2,2 BR SENIOR UNIT,5/02/2018,9/02/2018,13/07/2018,SNR,213,4,154,158,FRASER COAST,MARYBOROUGH
4650,3,3 BR DETACHED HOUSE,13/06/2019,26/06/2019,28/06/2019,RGS,213,13,2,15,FRASER COAST,MARYBOROUGH
4650,3,3 BR DETACHED HOUSE,6/02/2019,18/02/2019,20/02/2019,RGS,213,12,2,14,FRASER COAST,MARYBOROUGH
4650,1,1 BR SENIOR UNIT,24/12/2018,11/01/2019,11/01/2019,SNR,213,18,0,18,FRASER COAST,MARYBOROUGH
4650,1,1 BR SENIOR UNIT,31/08/2018,7/09/2018,7/09/2018,SNR,213,7,0,7,FRASER COAST,MARYBOROUGH
4650,1,1 BR SENIOR UNIT,2/10/2018,10/10/2018,24/10/2018,SNR,213,8,14,22,FRASER COAST,MARYBOROUGH
4650,2,2 BR ATTACHED HOUSING,19/07/2018,25/07/2018,3/08/2018,RGS,213,6,9,15,FRASER COAST,MARYBOROUGH
4650,2,2 BR ATTACHED HOUSING,6/07/2018,11/07/2018,12/07/2018,RGS,213,5,1,6,FRASER COAST,MARYBOROUGH
4650,3,3 BR DETACHED HOUSE,28/09/2018,5/10/2018,16/10/2018,AHG,213,7,11,18,FRASER COAST,MARYBOROUGH
4650,3,3 BR DUPLEX,27/02/2019,12/03/2019,14/03/2019,RGS,213,13,2,15,FRASER COAST,MARYBOROUGH
4132,3,3 BR DETACHED HOUSE,29/01/2019,12/02/2019,13/02/2019,RGS,101,14,1,15,LOGAN,WOODRIDGE
4132,3,3 BR DETACHED HOUSE,11/03/2019,28/03/2019,8/04/2019,RGS,101,17,11,28,LOGAN,WOODRIDGE
4132,2,2 BR APARTMENT,6/12/2018,17/12/2018,3/01/2019,RGS,101,11,17,28,LOGAN,WOODRIDGE
4132,2,2 BR APARTMENT,19/03/2019,21/03/2019,28/03/2019,RGS,101,2,7,9,LOGAN,WOODRIDGE
4132,1,1 BR SENIOR UNIT,15/04/2019,1/05/2019,7/05/2019,SNR,101,16,6,22,LOGAN,WOODRIDGE
4132,1,1 BR SENIOR UNIT,25/09/2018,10/10/2018,16/10/2018,SNR,101,15,6,21,LOGAN,WOODRIDGE
4132,3,3 BR DETACHED HOUSE,19/12/2018,16/01/2019,1/02/2019,RGS,101,28,16,44,LOGAN,WOODRIDGE
4132,3,3 BR DETACHED HOUSE,8/05/2019,9/05/2019,16/05/2019,RGS,101,1,7,8,LOGAN,WOODRIDGE
4132,3,3 BR DETACHED HOUSE,22/05/2019,7/06/2019,25/06/2019,RGS,101,16,18,34,LOGAN,WOODRIDGE
4132,3,3 BR DETACHED HOUSE,21/09/2018,24/09/2018,24/09/2018,RGS,101,3,0,3,LOGAN,WOODRIDGE
4132,3,3 BR DETACHED HOUSE,1/11/2018,29/11/2018,4/12/2018,RGS,101,28,5,33,LOGAN,WOODRIDGE
4132,3,3 BR DETACHED HOUSE,24/05/2019,28/05/2019,28/05/2019,RGS,101,4,0,4,LOGAN,WOODRIDGE
4132,4,4 BR DETACHED HOUSE,31/08/2018,19/09/2018,24/09/2018,RGS,101,19,5,24,LOGAN,WOODRIDGE
4132,3,3 BR DETACHED HOUSE,14/12/2018,4/01/2019,15/01/2019,RGS,101,21,11,32,LOGAN,WOODRIDGE
4132,3,3 BR DETACHED HOUSE,25/07/2018,14/08/2018,22/08/2018,RGS,101,20,8,28,LOGAN,WOODRIDGE
4132,2,2 BR APARTMENT,17/12/2018,9/01/2019,11/01/2019,RGS,101,23,2,25,LOGAN,WOODRIDGE
4132,2,2 BR APARTMENT,22/06/2018,5/07/2018,27/07/2018,RGS,101,13,22,35,LOGAN,WOODRIDGE
4132,3,3 BR DETACHED HOUSE,25/02/2019,18/03/2019,4/04/2019,RGS,101,21,17,38,LOGAN,WOODRIDGE
4132,3,3 BR DETACHED HOUSE,21/03/2019,27/03/2019,2/04/2019,RGS,101,6,6,12,LOGAN,WOODRIDGE
4132,3,3 BR DETACHED HOUSE,16/10/2018,16/10/2018,16/10/2018,RGS,101,0,0,0,LOGAN,WOODRIDGE
4132,3,3 BR DETACHED HOUSE,3/04/2019,17/04/2019,24/04/2019,RGS,101,14,7,21,LOGAN,WOODRIDGE
4132,3,3 BR DETACHED HOUSE,27/08/2018,11/09/2018,13/09/2018,RGS,101,15,2,17,LOGAN,WOODRIDGE
4132,3,3 BR DETACHED HOUSE,27/07/2018,14/08/2018,3/09/2018,RGS,101,18,20,38,LOGAN,WOODRIDGE
4132,3,3 BR DETACHED HOUSE,18/07/2018,24/07/2018,27/07/2018,RGS,101,6,3,9,LOGAN,WOODRIDGE
4626,3,3 BR DETACHED HOUSE,21/06/2018,22/06/2018,18/10/2018,RGS,208,1,118,119,NORTH BURNETT,CALLIDE
4626,3,3 BR DETACHED HOUSE,20/11/2018,4/12/2018,17/12/2018,RGS,208,14,13,27,NORTH BURNETT,CALLIDE
4503,4,4 BR DETACHED HOUSE,14/03/2019,29/03/2019,8/04/2019,RGS,103,15,10,25,MORETON BAY,MURRUMBA
4220,1,1 BR SENIOR UNIT,8/03/2019,26/03/2019,15/04/2019,SNR,204,18,20,38,GOLD COAST,MERMAID BEACH
4220,1,1 BR SENIOR UNIT,11/01/2019,18/01/2019,19/03/2019,SNR,204,7,60,67,GOLD COAST,MERMAID BEACH
4220,1,1 BR SENIOR UNIT,15/01/2019,30/01/2019,6/03/2019,SNR,204,15,35,50,GOLD COAST,MERMAID BEACH
4220,1,1 BR APARTMENT,19/07/2018,25/07/2018,8/08/2018,RGS,204,6,14,20,GOLD COAST,MERMAID BEACH
4220,1,1 BR APARTMENT,18/09/2018,24/09/2018,17/10/2018,RGS,204,6,23,29,GOLD COAST,MERMAID BEACH
4220,1,1 BR APARTMENT,22/05/2019,7/06/2019,12/06/2019,RGS,204,16,5,21,GOLD COAST,MERMAID BEACH
4220,1,1 BR APARTMENT,29/06/2018,12/07/2018,17/07/2018,RGS,204,13,5,18,GOLD COAST,MERMAID BEACH
4220,1,1 BR APARTMENT,21/01/2019,30/01/2019,1/03/2019,RGS,204,9,30,39,GOLD COAST,MERMAID BEACH
4220,1,1 BR APARTMENT,7/11/2018,15/11/2018,4/12/2018,RGS,204,8,19,27,GOLD COAST,MERMAID BEACH
4220,1,1 BR APARTMENT,26/11/2018,3/12/2018,10/12/2018,RGS,204,7,7,14,GOLD COAST,MERMAID BEACH
4220,1,1 BR APARTMENT,3/04/2019,11/04/2019,10/05/2019,RGS,204,8,29,37,GOLD COAST,MERMAID BEACH
4220,1,1 BR APARTMENT,18/10/2018,14/11/2018,15/11/2018,RGS,204,27,1,28,GOLD COAST,MERMAID BEACH
4220,1,1 BR APARTMENT,24/04/2019,2/05/2019,13/05/2019,RGS,204,8,11,19,GOLD COAST,MERMAID BEACH
4220,1,1 BR APARTMENT,17/12/2018,14/01/2019,30/01/2019,RGS,204,28,16,44,GOLD COAST,MERMAID BEACH
4220,1,1 BR APARTMENT,14/11/2018,29/11/2018,3/12/2018,RGS,204,15,4,19,GOLD COAST,MERMAID BEACH
4220,1,1 BR APARTMENT,13/05/2019,21/05/2019,10/06/2019,RGS,204,8,20,28,GOLD COAST,MERMAID BEACH
4220,1,1 BR APARTMENT,20/12/2018,14/01/2019,15/01/2019,RGS,204,25,1,26,GOLD COAST,MERMAID BEACH
4220,2,2 BR SENIOR UNIT,28/08/2018,11/09/2018,5/10/2018,SNR,204,14,24,38,GOLD COAST,MERMAID BEACH
4220,2,2 BR DUPLEX,12/11/2018,19/11/2018,22/11/2018,RGS,204,7,3,10,GOLD COAST,MERMAID BEACH
4885,3,3 BR DETACHED HOUSE,16/07/2018,27/07/2018,1/08/2018,RGS,202,11,5,16,TABLELANDS,HILL
4885,4,4 BR DETACHED HOUSE,6/06/2018,3/07/2018,10/07/2018,RGS,202,27,7,34,TABLELANDS,HILL
4415,3,3 BR DETACHED HOUSE,21/09/2018,28/09/2018,18/01/2019,RGS,207,7,112,119,WESTERN DOWNS,CALLIDE
4415,3,3 BR DETACHED HOUSE,5/06/2018,15/06/2018,9/11/2018,RGS,207,10,147,157,WESTERN DOWNS,CALLIDE
4886,3,3 BR DETACHED HOUSE,7/05/2019,21/05/2019,23/05/2019,RGS,202,14,2,16,TABLELANDS,HILL
4746,3,3 BR DETACHED HOUSE,16/01/2019,19/02/2019,13/06/2019,RGS,203,34,114,148,ISAAC,BURDEKIN
4746,2,2 BR DUPLEX,4/06/2018,18/06/2018,8/03/2019,RGS,203,14,263,277,ISAAC,BURDEKIN
4677,3,3 BR DETACHED HOUSE,1/11/2017,14/12/2017,25/07/2018,RGS,212,43,223,266,GLADSTONE,BURNETT
4218,1,1 BR SENIOR UNIT,5/04/2019,11/04/2019,7/05/2019,SNR,204,6,26,32,GOLD COAST,MERMAID BEACH
4218,1,1 BR SENIOR UNIT,29/06/2018,4/07/2018,12/07/2018,SNR,204,5,8,13,GOLD COAST,MERMAID BEACH
4218,1,1 BR SENIOR UNIT,20/05/2019,24/05/2019,10/06/2019,SNR,204,4,17,21,GOLD COAST,MERMAID BEACH
4218,1,1 BR SENIOR UNIT,26/11/2018,3/12/2018,3/01/2019,SNR,204,7,31,38,GOLD COAST,MERMAID BEACH
4218,1,1 BR SENIOR UNIT,26/09/2018,4/10/2018,15/10/2018,SNR,204,8,11,19,GOLD COAST,MERMAID BEACH
4557,2,2 BR ATTACHED HOUSING,23/10/2018,5/11/2018,15/11/2018,RGS,205,13,10,23,SUNSHINE COAST,BUDERIM
4552,1,1 BR SENIOR UNIT,13/11/2018,6/12/2018,17/12/2018,SNR,205,23,11,34,SUNSHINE COAST,GLASS HOUSE
4744,3,3 BR DETACHED HOUSE,1/11/2017,14/12/2017,5/03/2019,RGS,203,43,446,489,ISAAC,BURDEKIN
4744,3,3 BR DETACHED HOUSE,15/10/2018,5/11/2018,5/02/2019,RGS,203,21,92,113,ISAAC,BURDEKIN
4744,3,3 BR DETACHED HOUSE,1/11/2017,14/12/2017,7/03/2019,RGS,203,43,448,491,ISAAC,BURDEKIN
4744,3,3 BR DETACHED HOUSE,1/11/2017,14/12/2017,11/03/2019,RGS,203,43,452,495,ISAAC,BURDEKIN
4744,3,3 BR DETACHED HOUSE,17/05/2019,14/06/2019,17/06/2019,RGS,203,28,3,31,ISAAC,BURDEKIN
4744,3,3 BR DETACHED HOUSE,1/11/2017,14/12/2017,11/03/2019,RGS,203,43,452,495,ISAAC,BURDEKIN
4744,3,3 BR DETACHED HOUSE,1/11/2017,14/12/2017,21/09/2018,RGS,203,43,281,324,ISAAC,BURDEKIN
4744,3,3 BR DETACHED HOUSE,1/11/2017,14/12/2017,4/07/2018,RGS,203,43,202,245,ISAAC,BURDEKIN
4744,3,3 BR DETACHED HOUSE,15/10/2018,5/11/2018,19/11/2018,RGS,203,21,14,35,ISAAC,BURDEKIN
4744,3,3 BR DETACHED HOUSE,1/11/2017,14/12/2017,27/02/2019,RGS,203,43,440,483,ISAAC,BURDEKIN
4744,3,3 BR DETACHED HOUSE,21/11/2018,14/12/2018,17/04/2019,RGS,203,23,124,147,ISAAC,BURDEKIN
4744,3,3 BR DETACHED HOUSE,7/11/2018,7/11/2018,27/02/2019,RGS,203,0,112,112,ISAAC,BURDEKIN
4744,4,4 BR DETACHED HOUSE,1/11/2017,14/12/2017,23/08/2018,RGS,203,43,252,295,ISAAC,BURDEKIN
4744,4,4 BR DETACHED HOUSE,12/04/2018,30/04/2018,10/07/2018,RGS,203,18,71,89,ISAAC,BURDEKIN
4744,3,3 BR DETACHED HOUSE,1/11/2017,14/12/2017,3/04/2019,RGS,203,43,475,518,ISAAC,BURDEKIN
4744,4,4 BR DETACHED HOUSE,1/11/2017,14/12/2017,13/08/2018,RGS,203,43,242,285,ISAAC,BURDEKIN
4744,3,3 BR DETACHED HOUSE,1/11/2017,14/12/2017,8/01/2019,RGS,203,43,390,433,ISAAC,BURDEKIN
4744,3,3 BR DETACHED HOUSE,5/02/2019,27/02/2019,2/05/2019,RGS,203,22,64,86,ISAAC,BURDEKIN
4744,2,2 BR DUPLEX,1/11/2017,14/12/2017,16/11/2018,RGS,203,43,337,380,ISAAC,BURDEKIN
4744,2,2 BR DUPLEX,6/06/2018,18/06/2018,1/11/2018,RGS,203,12,136,148,ISAAC,BURDEKIN
4744,3,3 BR DETACHED HOUSE,1/11/2017,14/12/2017,27/02/2019,RGS,203,43,440,483,ISAAC,BURDEKIN
4744,3,3 BR DETACHED HOUSE,4/06/2019,26/06/2019,28/06/2019,RGS,203,22,2,24,ISAAC,BURDEKIN
4744,3,3 BR DETACHED HOUSE,1/11/2017,14/12/2017,30/10/2018,RGS,203,43,320,363,ISAAC,BURDEKIN
4744,2,2 BR DUPLEX,10/05/2018,29/05/2018,6/08/2018,RGS,203,19,69,88,ISAAC,BURDEKIN
4744,2,2 BR DUPLEX,11/01/2019,16/04/2019,24/04/2019,RGS,203,95,8,103,ISAAC,BURDEKIN
4744,2,2 BR DUPLEX,8/03/2019,25/03/2019,4/04/2019,RGS,203,17,10,27,ISAAC,BURDEKIN
4744,2,2 BR DUPLEX,23/08/2018,31/10/2018,1/11/2018,RGS,203,69,1,70,ISAAC,BURDEKIN
4744,3,3 BR DETACHED HOUSE,21/11/2018,14/12/2018,23/01/2019,RGS,203,23,40,63,ISAAC,BURDEKIN
4744,3,3 BR DETACHED HOUSE,1/11/2017,14/12/2017,1/11/2018,RGS,203,43,322,365,ISAAC,BURDEKIN
4744,2,2 BR DUPLEX,15/03/2018,18/07/2018,10/01/2019,RGS,203,125,176,301,ISAAC,BURDEKIN
4744,2,2 BR DUPLEX,25/02/2019,8/03/2019,3/05/2019,RGS,203,11,56,67,ISAAC,BURDEKIN
4744,1,1 BR SENIOR UNIT,15/11/2018,5/12/2018,16/01/2019,SNR,203,20,42,62,ISAAC,BURDEKIN
4744,1,1 BR SENIOR UNIT,24/01/2019,28/02/2019,28/02/2019,SNR,203,35,0,35,ISAAC,BURDEKIN
4744,2,2 BR DUAL OCCUPANCY,5/03/2019,25/03/2019,8/04/2019,RGS,203,20,14,34,ISAAC,BURDEKIN
4630,3,3 BR DETACHED HOUSE,21/03/2018,19/04/2018,10/10/2018,RGS,208,29,174,203,NORTH BURNETT,CALLIDE
4630,3,3 BR DETACHED HOUSE,27/03/2019,4/04/2019,5/04/2019,RGS,208,8,1,9,NORTH BURNETT,CALLIDE
4630,3,3 BR DETACHED HOUSE,5/11/2018,19/11/2018,21/03/2019,RGS,208,14,122,136,NORTH BURNETT,CALLIDE
4630,2,2 BR DETACHED HOUSE,1/11/2017,14/12/2017,10/10/2018,RGS,208,43,300,343,NORTH BURNETT,CALLIDE
4630,2,2 BR DETACHED HOUSE,5/11/2018,19/11/2018,26/03/2019,RGS,208,14,127,141,NORTH BURNETT,CALLIDE
4557,1,1 BR SENIOR UNIT,13/12/2018,11/01/2019,31/01/2019,SNR,205,29,20,49,SUNSHINE COAST,MAROOCHYDORE
4557,1,1 BR SENIOR UNIT,4/06/2018,25/06/2018,9/07/2018,SNR,205,21,14,35,SUNSHINE COAST,MAROOCHYDORE
4557,1,1 BR SENIOR UNIT,20/11/2018,29/11/2018,12/12/2018,SNR,205,9,13,22,SUNSHINE COAST,MAROOCHYDORE
4557,1,1 BR SENIOR UNIT,17/05/2019,24/05/2019,4/06/2019,SNR,205,7,11,18,SUNSHINE COAST,MAROOCHYDORE
4557,1,1 BR SENIOR UNIT,12/04/2019,29/04/2019,10/05/2019,SNR,205,17,11,28,SUNSHINE COAST,MAROOCHYDORE
4557,1,1 BR SENIOR UNIT,18/06/2018,29/06/2018,16/07/2018,SNR,205,11,17,28,SUNSHINE COAST,MAROOCHYDORE
4557,1,1 BR SENIOR UNIT,9/01/2019,22/01/2019,5/02/2019,SNR,205,13,14,27,SUNSHINE COAST,MAROOCHYDORE
4557,2,2 BR ATTACHED HOUSING,2/04/2019,12/04/2019,1/05/2019,RGS,205,10,19,29,SUNSHINE COAST,MAROOCHYDORE
4557,2,2 BR APARTMENT,19/10/2018,31/10/2018,14/11/2018,RGS,205,12,14,26,SUNSHINE COAST,MAROOCHYDORE
4557,1,1 BR APARTMENT,1/02/2019,11/02/2019,8/04/2019,RGS,205,10,56,66,SUNSHINE COAST,MAROOCHYDORE
4557,3,3 BR ATTACHED HOUSING,15/08/2018,12/09/2018,28/09/2018,RGS,205,28,16,44,SUNSHINE COAST,BUDERIM
4557,2,2 BR ATTACHED HOUSING,31/07/2018,10/08/2018,17/08/2018,RGS,205,10,7,17,SUNSHINE COAST,BUDERIM
4557,1,1 BR SENIOR UNIT,20/11/2018,30/11/2018,13/12/2018,SNR,205,10,13,23,SUNSHINE COAST,MAROOCHYDORE
4557,1,1 BR SENIOR UNIT,27/09/2018,11/10/2018,1/11/2018,SNR,205,14,21,35,SUNSHINE COAST,MAROOCHYDORE
4557,1,1 BR SENIOR UNIT,9/08/2018,21/08/2018,23/08/2018,SNR,205,12,2,14,SUNSHINE COAST,MAROOCHYDORE
4557,1,1 BR SENIOR UNIT,24/12/2018,11/01/2019,25/01/2019,SNR,205,18,14,32,SUNSHINE COAST,MAROOCHYDORE
4557,1,1 BR APARTMENT,11/07/2018,23/07/2018,6/08/2018,RGS,205,12,14,26,SUNSHINE COAST,MAROOCHYDORE
4557,1,1 BR APARTMENT,17/04/2019,8/05/2019,21/05/2019,RGS,205,21,13,34,SUNSHINE COAST,MAROOCHYDORE
4557,1,1 BR SENIOR UNIT,22/10/2018,2/11/2018,7/11/2018,SNR,205,11,5,16,SUNSHINE COAST,MAROOCHYDORE
4557,1,1 BR SENIOR UNIT,14/12/2018,21/12/2018,21/01/2019,SNR,205,7,31,38,SUNSHINE COAST,MAROOCHYDORE
4557,2,2 BR DUPLEX,7/08/2018,23/08/2018,6/09/2018,RGS,205,16,14,30,SUNSHINE COAST,MAROOCHYDORE
4873,2,2 BR ATTACHED HOUSING,25/03/2019,15/04/2019,23/04/2019,RGS,202,21,8,29,DOUGLAS,COOK
4873,3,3 BR DETACHED HOUSE,13/12/2018,11/01/2019,22/01/2019,RGS,202,29,11,40,DOUGLAS,COOK
4873,3,3 BR DUAL OCCUPANCY,19/09/2018,2/10/2018,18/10/2018,RGS,202,13,16,29,DOUGLAS,COOK
4873,2,2 BR SENIOR UNIT,2/07/2018,17/07/2018,15/02/2019,AHS,202,15,213,228,DOUGLAS,COOK
4873,4,4 BR DETACHED HOUSE,8/03/2019,25/03/2019,25/03/2019,AHG,202,17,0,17,DOUGLAS,COOK
4873,3,3 BR DUPLEX,25/01/2019,12/02/2019,26/02/2019,AHG,202,18,14,32,DOUGLAS,COOK
4873,3,3 BR DUPLEX,23/04/2019,23/04/2019,23/04/2019,AHG,202,0,0,0,DOUGLAS,COOK
4873,2,2 BR CLUSTER HOUSING,12/11/2018,22/11/2018,22/11/2018,AHG,202,10,0,10,DOUGLAS,COOK
4873,2,2 BR CLUSTER HOUSING,28/11/2018,10/12/2018,31/01/2019,AHG,202,12,52,64,DOUGLAS,COOK
4873,4,4 BR CLUSTER HOUSING,27/03/2019,24/05/2019,4/06/2019,AHG,202,58,11,69,DOUGLAS,COOK
4873,3,3 BR CLUSTER HOUSING,13/02/2019,28/02/2019,23/04/2019,AHG,202,15,54,69,DOUGLAS,COOK
4718,3,3 BR DETACHED HOUSE,20/02/2018,9/03/2018,25/02/2019,RGS,206,17,353,370,BANANA,CALLIDE
4718,3,3 BR DETACHED HOUSE,28/05/2018,3/09/2018,27/09/2018,RGS,206,98,24,122,BANANA,CALLIDE
4718,3,3 BR DETACHED HOUSE,15/02/2019,22/03/2019,14/06/2019,RGS,206,35,84,119,BANANA,CALLIDE
4558,2,2 BR ATTACHED HOUSING,14/09/2018,27/09/2018,5/10/2018,RGS,205,13,8,21,SUNSHINE COAST,MAROOCHYDORE
4558,3,3 BR ATTACHED HOUSING,3/01/2019,8/01/2019,8/01/2019,RGS,205,5,0,5,SUNSHINE COAST,MAROOCHYDORE
4558,1,1 BR SENIOR UNIT,14/06/2018,27/06/2018,18/07/2018,SNR,205,13,21,34,SUNSHINE COAST,MAROOCHYDORE
4558,1,1 BR SENIOR UNIT,13/08/2018,27/08/2018,14/09/2018,SNR,205,14,18,32,SUNSHINE COAST,MAROOCHYDORE
4558,1,1 BR SENIOR UNIT,7/11/2018,14/11/2018,5/12/2018,SNR,205,7,21,28,SUNSHINE COAST,MAROOCHYDORE
4558,1,1 BR APARTMENT,5/09/2018,17/09/2018,27/09/2018,RGS,205,12,10,22,SUNSHINE COAST,MAROOCHYDORE
4558,2,2 BR ATTACHED HOUSING,4/07/2018,12/07/2018,12/07/2018,RGS,205,8,0,8,SUNSHINE COAST,MAROOCHYDORE
4558,1,1 BR SENIOR UNIT,6/08/2018,21/08/2018,3/09/2018,SNR,205,15,13,28,SUNSHINE COAST,MAROOCHYDORE
4558,1,1 BR APARTMENT,11/06/2018,25/06/2018,11/07/2018,RGS,205,14,16,30,SUNSHINE COAST,MAROOCHYDORE
4558,1,1 BR APARTMENT,5/04/2019,18/04/2019,16/05/2019,RGS,205,13,28,41,SUNSHINE COAST,MAROOCHYDORE
4558,1,1 BR APARTMENT,30/04/2019,16/05/2019,17/05/2019,RGS,205,16,1,17,SUNSHINE COAST,MAROOCHYDORE
4558,1,1 BR SENIOR UNIT,14/03/2019,27/03/2019,15/04/2019,SNR,205,13,19,32,SUNSHINE COAST,MAROOCHYDORE
4558,1,1 BR SENIOR UNIT,29/03/2019,9/04/2019,26/04/2019,SNR,205,11,17,28,SUNSHINE COAST,MAROOCHYDORE
4558,1,1 BR SENIOR UNIT,30/01/2019,8/02/2019,27/02/2019,SNR,205,9,19,28,SUNSHINE COAST,MAROOCHYDORE
4558,1,1 BR SENIOR UNIT,27/08/2018,31/08/2018,31/08/2018,SNR,205,4,0,4,SUNSHINE COAST,MAROOCHYDORE
4558,1,1 BR SENIOR UNIT,13/09/2018,26/09/2018,4/10/2018,SNR,205,13,8,21,SUNSHINE COAST,MAROOCHYDORE
4558,1,1 BR SENIOR UNIT,16/10/2018,29/10/2018,9/11/2018,SNR,205,13,11,24,SUNSHINE COAST,MAROOCHYDORE
4558,1,1 BR SENIOR UNIT,25/09/2018,12/10/2018,31/10/2018,SNR,205,17,19,36,SUNSHINE COAST,MAROOCHYDORE
4558,1,1 BR SENIOR UNIT,21/05/2019,28/05/2019,7/06/2019,SNR,205,7,10,17,SUNSHINE COAST,MAROOCHYDORE
4558,1,1 BR APARTMENT,15/10/2018,26/10/2018,2/11/2018,RGS,205,11,7,18,SUNSHINE COAST,MAROOCHYDORE
4558,1,1 BR APARTMENT,25/10/2018,2/11/2018,20/11/2018,RGS,205,8,18,26,SUNSHINE COAST,MAROOCHYDORE
4558,1,1 BR APARTMENT,15/04/2019,26/04/2019,29/04/2019,RGS,205,11,3,14,SUNSHINE COAST,MAROOCHYDORE
4558,2,2 BR ATTACHED HOUSING,3/04/2019,18/04/2019,26/04/2019,RGS,205,15,8,23,SUNSHINE COAST,MAROOCHYDORE
4558,2,2 BR ATTACHED HOUSING,15/02/2019,26/02/2019,25/03/2019,RGS,205,11,27,38,SUNSHINE COAST,MAROOCHYDORE
4506,3,3 BR DETACHED HOUSE,14/01/2019,15/02/2019,8/03/2019,RGS,103,32,21,53,MORETON BAY,MORAYFIELD
4506,3,3 BR DETACHED HOUSE,6/07/2018,10/07/2018,17/07/2018,RGS,103,4,7,11,MORETON BAY,MORAYFIELD
4506,3,3 BR DETACHED HOUSE,20/08/2018,5/09/2018,12/09/2018,RGS,103,16,7,23,MORETON BAY,MORAYFIELD
4506,4,4 BR DETACHED HOUSE,23/11/2018,26/11/2018,27/11/2018,RGS,103,3,1,4,MORETON BAY,MORAYFIELD
4506,3,3 BR DETACHED HOUSE,29/10/2018,15/11/2018,20/11/2018,RGS,103,17,5,22,MORETON BAY,MORAYFIELD
4506,2,2 BR DUAL OCCUPANCY,10/07/2018,26/07/2018,3/08/2018,RGS,103,16,8,24,MORETON BAY,MORAYFIELD
4506,3,3 BR DETACHED HOUSE,17/12/2018,14/01/2019,6/02/2019,RGS,103,28,23,51,MORETON BAY,MORAYFIELD
4573,4,4 BR DETACHED HOUSE,19/06/2018,11/07/2018,18/07/2018,RGS,205,22,7,29,NOOSA,NOOSA
4714,2,2 BR DUPLEX,20/02/2018,19/03/2018,3/08/2018,RGS,206,27,137,164,ROCKHAMPTON,MIRANI
4714,2,2 BR DUPLEX,14/02/2019,27/02/2019,9/04/2019,RGS,206,13,41,54,ROCKHAMPTON,MIRANI
4213,3,3 BR ATTACHED HOUSING,8/10/2018,22/10/2018,24/10/2018,RGS,204,14,2,16,GOLD COAST,MUDGEERABA
4213,2,2 BR ATTACHED HOUSING,15/04/2019,30/04/2019,23/05/2019,RGS,204,15,23,38,GOLD COAST,MUDGEERABA
4605,3,3 BR DETACHED HOUSE,3/01/2019,15/01/2019,23/01/2019,RGS,213,12,8,20,SOUTH BURNETT,NANANGO
4605,3,3 BR DETACHED HOUSE,5/04/2019,18/04/2019,13/05/2019,RGS,213,13,25,38,SOUTH BURNETT,NANANGO
4131,3,3 BR DETACHED HOUSE,24/05/2019,24/05/2019,27/05/2019,RGS,101,0,3,3,LOGAN,WATERFORD
4560,1,1 BR SENIOR UNIT,16/05/2019,24/05/2019,4/06/2019,SNR,205,8,11,19,SUNSHINE COAST,NICKLIN
4560,2,2 BR ATTACHED HOUSING,12/12/2018,24/12/2018,21/01/2019,RGS,205,12,28,40,SUNSHINE COAST,NICKLIN
4560,1,1 BR SENIOR UNIT,23/11/2018,30/11/2018,20/12/2018,SNR,205,7,20,27,SUNSHINE COAST,NICKLIN
4560,1,1 BR SENIOR UNIT,8/01/2019,16/01/2019,4/02/2019,SNR,205,8,19,27,SUNSHINE COAST,NICKLIN
4560,1,1 BR SENIOR UNIT,5/06/2019,13/06/2019,20/06/2019,SNR,205,8,7,15,SUNSHINE COAST,NICKLIN
4560,1,1 BR SENIOR UNIT,23/10/2018,2/11/2018,22/11/2018,SNR,205,10,20,30,SUNSHINE COAST,NICKLIN
4560,1,1 BR APARTMENT,9/08/2018,24/08/2018,13/09/2018,RGS,205,15,20,35,SUNSHINE COAST,NICKLIN
4560,1,1 BR SENIOR UNIT,24/04/2019,20/05/2019,31/05/2019,SNR,205,26,11,37,SUNSHINE COAST,NICKLIN
4560,1,1 BR SENIOR UNIT,30/11/2018,7/12/2018,19/12/2018,SNR,205,7,12,19,SUNSHINE COAST,NICKLIN
4560,2,2 BR ATTACHED HOUSING,21/02/2019,1/03/2019,20/03/2019,RGS,205,8,19,27,SUNSHINE COAST,NICKLIN
4560,2,2 BR ATTACHED HOUSING,13/12/2018,21/12/2018,16/01/2019,RGS,205,8,26,34,SUNSHINE COAST,NICKLIN
4560,1,1 BR APARTMENT,24/08/2018,5/09/2018,10/09/2018,RGS,205,12,5,17,SUNSHINE COAST,NICKLIN
4560,1,1 BR APARTMENT,17/08/2018,20/09/2018,12/10/2018,RGS,205,34,22,56,SUNSHINE COAST,NICKLIN
4560,1,1 BR APARTMENT,1/08/2018,14/08/2018,23/08/2018,RGS,205,13,9,22,SUNSHINE COAST,NICKLIN
4560,1,1 BR APARTMENT,25/09/2018,8/10/2018,30/10/2018,RGS,205,13,22,35,SUNSHINE COAST,NICKLIN
4615,1,1 BR SENIOR UNIT,21/08/2018,31/08/2018,12/09/2018,SNR,213,10,12,22,SOUTH BURNETT,NANANGO
4615,1,1 BR SENIOR UNIT,21/12/2018,11/01/2019,11/01/2019,SNR,213,21,0,21,SOUTH BURNETT,NANANGO
4615,1,1 BR SENIOR UNIT,29/11/2018,10/12/2018,23/01/2019,SNR,213,11,44,55,SOUTH BURNETT,NANANGO
4615,3,3 BR DETACHED HOUSE,13/11/2018,7/02/2019,21/02/2019,AHG,213,86,14,100,SOUTH BURNETT,NANANGO
4740,3,3 BR DETACHED HOUSE,18/02/2019,25/02/2019,26/02/2019,RGS,203,7,1,8,MACKAY,WHITSUNDAY
4740,3,3 BR DETACHED HOUSE,18/03/2019,26/03/2019,1/04/2019,RGS,203,8,6,14,MACKAY,WHITSUNDAY
4567,2,2 BR APARTMENT,24/04/2019,3/05/2019,17/05/2019,RGS,205,9,14,23,NOOSA,NOOSA
4890,3,3 BR DETACHED HOUSE,19/04/2018,26/06/2018,5/07/2018,RGS,209,68,9,77,CARPENTARIA,TRAEGER
4890,3,3 BR DETACHED HOUSE,18/04/2019,14/05/2019,20/05/2019,AHG,209,26,6,32,CARPENTARIA,TRAEGER
4890,2,2 BR DUPLEX,27/02/2019,2/04/2019,23/05/2019,AHG,209,34,51,85,CARPENTARIA,TRAEGER
4890,3,3 BR DETACHED HOUSE,9/01/2019,25/02/2019,1/03/2019,AHG,209,47,4,51,CARPENTARIA,TRAEGER
4890,4,4 BR DETACHED HOUSE,2/05/2018,8/06/2018,14/02/2019,AHG,209,37,251,288,CARPENTARIA,TRAEGER
4890,3,3 BR DETACHED HOUSE,7/05/2019,20/05/2019,20/06/2019,AHG,209,13,31,44,CARPENTARIA,TRAEGER
4211,3,3 BR DETACHED HOUSE,7/11/2018,30/11/2018,30/11/2018,RGS,204,23,0,23,GOLD COAST,GAVEN
4211,3,3 BR DETACHED HOUSE,8/04/2019,16/04/2019,15/05/2019,RGS,204,8,29,37,GOLD COAST,GAVEN
4211,1,1 BR SENIOR UNIT,22/02/2019,11/03/2019,12/03/2019,SNR,204,17,1,18,GOLD COAST,GAVEN
4211,1,1 BR SENIOR UNIT,23/04/2019,30/04/2019,23/05/2019,SNR,204,7,23,30,GOLD COAST,GAVEN
4211,1,1 BR SENIOR UNIT,10/05/2019,15/05/2019,22/05/2019,SNR,204,5,7,12,GOLD COAST,GAVEN
4211,1,1 BR SENIOR UNIT,8/02/2019,22/02/2019,5/03/2019,SNR,204,14,11,25,GOLD COAST,GAVEN
4211,1,1 BR SENIOR UNIT,7/06/2019,18/06/2019,26/06/2019,SNR,204,11,8,19,GOLD COAST,GAVEN
4211,1,1 BR APARTMENT,24/08/2018,4/09/2018,20/09/2018,RGS,204,11,16,27,GOLD COAST,GAVEN
4211,2,2 BR ATTACHED HOUSING,22/03/2019,3/04/2019,18/04/2019,RGS,204,12,15,27,GOLD COAST,GAVEN
4211,2,2 BR ATTACHED HOUSING,20/09/2018,28/09/2018,15/10/2018,RGS,204,8,17,25,GOLD COAST,GAVEN
4211,3,3 BR DETACHED HOUSE,4/02/2019,19/02/2019,25/02/2019,RGS,204,15,6,21,GOLD COAST,GAVEN
4211,3,3 BR DETACHED HOUSE,9/11/2018,21/11/2018,28/11/2018,RGS,204,12,7,19,GOLD COAST,GAVEN
4401,3,3 BR DETACHED HOUSE,13/08/2018,29/08/2018,27/09/2018,RGS,207,16,29,45,TOOWOOMBA,CONDAMINE
4401,3,3 BR DETACHED HOUSE,15/05/2018,25/05/2018,3/10/2018,RGS,207,10,131,141,TOOWOOMBA,CONDAMINE
4401,2,2 BR DUPLEX,14/06/2019,20/06/2019,28/06/2019,RGS,207,6,8,14,TOOWOOMBA,CONDAMINE
4401,4,4 BR DETACHED HOUSE,14/11/2018,26/11/2018,14/02/2019,AHG,207,12,80,92,TOOWOOMBA,CONDAMINE
4816,3,3 BR DETACHED HOUSE,13/12/2017,12/01/2018,13/07/2018,RGS,201,30,182,212,CHARTERS TOWERS,TRAEGER
4816,3,3 BR DETACHED HOUSE,30/10/2018,22/11/2018,25/01/2019,RGS,201,23,64,87,CHARTERS TOWERS,TRAEGER
4502,4,4 BR DETACHED HOUSE,15/03/2019,1/04/2019,18/04/2019,RGS,103,17,17,34,MORETON BAY,KURWONGBAH
4502,3,3 BR DETACHED HOUSE,21/02/2019,7/03/2019,18/03/2019,RGS,103,14,11,25,MORETON BAY,KURWONGBAH
4502,3,3 BR DETACHED HOUSE,16/11/2018,19/11/2018,19/11/2018,RGS,103,3,0,3,MORETON BAY,KURWONGBAH
4502,3,3 BR DETACHED HOUSE,21/11/2018,11/12/2018,20/12/2018,RGS,103,20,9,29,MORETON BAY,KURWONGBAH
4502,1,1 BR SENIOR UNIT,26/04/2019,10/05/2019,4/06/2019,SNR,103,14,25,39,MORETON BAY,KURWONGBAH
4502,1,1 BR SENIOR UNIT,26/03/2019,10/04/2019,18/04/2019,SNR,103,15,8,23,MORETON BAY,KURWONGBAH
4502,1,1 BR SENIOR UNIT,29/03/2019,10/04/2019,18/04/2019,SNR,103,12,8,20,MORETON BAY,KURWONGBAH
4502,1,1 BR SENIOR UNIT,17/10/2018,5/11/2018,14/11/2018,SNR,103,19,9,28,MORETON BAY,KURWONGBAH
4502,1,1 BR SENIOR UNIT,6/07/2018,19/07/2018,8/08/2018,SNR,103,13,20,33,MORETON BAY,KURWONGBAH
4502,2,2 BR ATTACHED HOUSING,20/02/2019,1/03/2019,12/03/2019,RGS,103,9,11,20,MORETON BAY,KURWONGBAH
4502,3,3 BR ATTACHED HOUSING,6/09/2018,20/09/2018,24/09/2018,RGS,103,14,4,18,MORETON BAY,KURWONGBAH
4502,2,2 BR ATTACHED HOUSING,6/06/2018,26/06/2018,16/07/2018,RGS,103,20,20,40,MORETON BAY,KURWONGBAH
4502,2,2 BR APARTMENT,29/03/2019,23/04/2019,1/05/2019,RGS,103,25,8,33,MORETON BAY,KURWONGBAH
4655,2,2 BR DETACHED HOUSE,16/05/2019,22/05/2019,3/06/2019,RGS,213,6,12,18,FRASER COAST,HERVEY BAY
4655,2,2 BR ATTACHED HOUSING,21/09/2018,5/10/2018,5/10/2018,RGS,213,14,0,14,FRASER COAST,HERVEY BAY
4655,2,2 BR ATTACHED HOUSING,29/03/2019,5/04/2019,8/04/2019,RGS,213,7,3,10,FRASER COAST,HERVEY BAY
4655,2,2 BR ATTACHED HOUSING,26/04/2019,7/05/2019,17/05/2019,RGS,213,11,10,21,FRASER COAST,HERVEY BAY
4655,1,1 BR SENIOR UNIT,22/08/2018,4/09/2018,7/09/2018,SNR,213,13,3,16,FRASER COAST,HERVEY BAY
4655,1,1 BR SENIOR UNIT,30/10/2018,8/11/2018,15/01/2019,SNR,213,9,68,77,FRASER COAST,HERVEY BAY
4655,1,1 BR SENIOR UNIT,15/01/2019,23/01/2019,25/01/2019,SNR,213,8,2,10,FRASER COAST,HERVEY BAY
4655,1,1 BR SENIOR UNIT,20/11/2018,30/11/2018,8/01/2019,SNR,213,10,39,49,FRASER COAST,HERVEY BAY
4655,1,1 BR SENIOR UNIT,7/01/2019,17/01/2019,23/01/2019,SNR,213,10,6,16,FRASER COAST,HERVEY BAY
4655,1,1 BR SENIOR UNIT,6/02/2019,15/02/2019,18/02/2019,SNR,213,9,3,12,FRASER COAST,HERVEY BAY
4655,1,1 BR SENIOR UNIT,8/01/2019,17/01/2019,21/01/2019,SNR,213,9,4,13,FRASER COAST,HERVEY BAY
4655,1,1 BR SENIOR UNIT,18/01/2019,25/01/2019,1/02/2019,SNR,213,7,7,14,FRASER COAST,HERVEY BAY
4655,1,1 BR SENIOR UNIT,21/12/2018,11/01/2019,11/01/2019,SNR,213,21,0,21,FRASER COAST,HERVEY BAY
4655,1,1 BR SENIOR UNIT,13/11/2018,20/11/2018,22/11/2018,SNR,213,7,2,9,FRASER COAST,HERVEY BAY
4655,3,3 BR DETACHED HOUSE,11/03/2019,19/03/2019,22/03/2019,RGS,213,8,3,11,FRASER COAST,HERVEY BAY
4655,1,1 BR SENIOR UNIT,3/10/2018,10/10/2018,18/10/2018,SNR,213,7,8,15,FRASER COAST,HERVEY BAY
4655,1,1 BR SENIOR UNIT,8/05/2019,15/05/2019,16/05/2019,SNR,213,7,1,8,FRASER COAST,HERVEY BAY
4655,4,4 BR DETACHED HOUSE,27/09/2018,12/10/2018,19/10/2018,RGS,213,15,7,22,FRASER COAST,HERVEY BAY
4356,3,3 BR DETACHED HOUSE,18/06/2018,26/06/2018,24/08/2018,RGS,207,8,59,67,TOOWOOMBA,CONDAMINE
4221,1,1 BR APARTMENT,3/12/2018,3/12/2018,19/12/2018,RGS,204,0,16,16,GOLD COAST,BURLEIGH
4221,1,1 BR APARTMENT,4/09/2018,14/09/2018,17/09/2018,RGS,204,10,3,13,GOLD COAST,BURLEIGH
4221,1,1 BR SENIOR UNIT,17/07/2018,25/07/2018,7/08/2018,SNR,204,8,13,21,GOLD COAST,BURLEIGH
4221,1,1 BR SENIOR UNIT,30/11/2018,13/12/2018,7/01/2019,SNR,204,13,25,38,GOLD COAST,BURLEIGH
4221,1,1 BR SENIOR UNIT,14/11/2018,29/11/2018,13/12/2018,SNR,204,15,14,29,GOLD COAST,BURLEIGH
4221,1,1 BR SENIOR UNIT,11/01/2019,8/02/2019,6/03/2019,SNR,204,28,26,54,GOLD COAST,BURLEIGH
4221,1,1 BR SENIOR UNIT,7/09/2018,24/09/2018,8/10/2018,SNR,204,17,14,31,GOLD COAST,BURLEIGH
4221,1,1 BR APARTMENT,14/02/2019,28/02/2019,6/03/2019,RGS,204,14,6,20,GOLD COAST,BURLEIGH
4221,1,1 BR SENIOR UNIT,23/05/2019,29/05/2019,7/06/2019,SNR,204,6,9,15,GOLD COAST,BURLEIGH
4221,1,1 BR SENIOR UNIT,26/10/2018,6/11/2018,20/11/2018,SNR,204,11,14,25,GOLD COAST,BURLEIGH
4221,1,1 BR SENIOR UNIT,18/12/2018,14/01/2019,6/02/2019,SNR,204,27,23,50,GOLD COAST,BURLEIGH
4221,1,1 BR APARTMENT,18/12/2018,14/01/2019,16/01/2019,RGS,204,27,2,29,GOLD COAST,BURLEIGH
4221,2,2 BR APARTMENT,23/07/2018,24/07/2018,24/07/2018,RGS,204,1,0,1,GOLD COAST,BURLEIGH
4221,2,2 BR APARTMENT,1/08/2018,14/08/2018,22/08/2018,RGS,204,13,8,21,GOLD COAST,BURLEIGH
4221,2,2 BR DUPLEX,14/02/2019,15/02/2019,28/02/2019,RGS,204,1,13,14,GOLD COAST,BURLEIGH
4221,2,2 BR DUPLEX,13/12/2018,7/01/2019,14/02/2019,RGS,204,25,38,63,GOLD COAST,BURLEIGH
4221,2,2 BR APARTMENT,3/05/2019,15/05/2019,11/06/2019,RGS,204,12,27,39,GOLD COAST,BURLEIGH
4555,2,2 BR DUPLEX,3/10/2018,5/10/2018,5/10/2018,RGS,205,2,0,2,SUNSHINE COAST,NICKLIN
4555,2,2 BR DUPLEX,3/10/2018,5/10/2018,10/10/2018,RGS,205,2,5,7,SUNSHINE COAST,NICKLIN
4216,1,1 BR APARTMENT,21/12/2018,14/01/2019,25/01/2019,RGS,204,24,11,35,GOLD COAST,BROADWATER
4216,1,1 BR APARTMENT,29/08/2018,29/08/2018,29/08/2018,RGS,204,0,0,0,GOLD COAST,BROADWATER
4216,1,1 BR APARTMENT,12/06/2018,22/06/2018,12/07/2018,RGS,204,10,20,30,GOLD COAST,BROADWATER
4216,1,1 BR APARTMENT,31/10/2018,6/11/2018,22/11/2018,RGS,204,6,16,22,GOLD COAST,BROADWATER
4216,1,1 BR APARTMENT,18/02/2019,26/02/2019,26/02/2019,RGS,204,8,0,8,GOLD COAST,BROADWATER
4216,1,1 BR APARTMENT,28/03/2019,8/04/2019,3/05/2019,RGS,204,11,25,36,GOLD COAST,BROADWATER
4216,1,1 BR SENIOR UNIT,15/03/2019,26/03/2019,29/03/2019,SNR,204,11,3,14,GOLD COAST,BROADWATER
4216,1,1 BR SENIOR UNIT,5/04/2019,11/04/2019,30/04/2019,SNR,204,6,19,25,GOLD COAST,BROADWATER
4216,1,1 BR SENIOR UNIT,13/12/2018,7/01/2019,1/02/2019,SNR,204,25,25,50,GOLD COAST,BROADWATER
4216,1,1 BR SENIOR UNIT,7/09/2018,14/09/2018,8/10/2018,SNR,204,7,24,31,GOLD COAST,BROADWATER
4216,2,2 BR DUPLEX,1/02/2019,11/02/2019,20/02/2019,RGS,204,10,9,19,GOLD COAST,BROADWATER
4800,1,1 BR APARTMENT,15/03/2019,22/03/2019,25/03/2019,SNR,203,7,3,10,WHITSUNDAY,WHITSUNDAY
4800,2,2 BR ATTACHED HOUSING,28/08/2018,6/09/2018,12/09/2018,RGS,203,9,6,15,WHITSUNDAY,WHITSUNDAY
4800,2,2 BR ATTACHED HOUSING,5/11/2018,16/11/2018,4/12/2018,RGS,203,11,18,29,WHITSUNDAY,WHITSUNDAY
4800,2,2 BR CLUSTER HOUSING,7/09/2018,20/09/2018,24/09/2018,RGS,203,13,4,17,WHITSUNDAY,WHITSUNDAY
4800,3,3 BR DETACHED HOUSE,13/08/2018,20/08/2018,22/08/2018,RGS,203,7,2,9,WHITSUNDAY,WHITSUNDAY
4871,1,1 BR SENIOR UNIT,29/04/2019,7/05/2019,17/06/2019,SNR,202,8,41,49,DOUGLAS,COOK
4655,3,3 BR DETACHED HOUSE,24/08/2018,7/09/2018,7/09/2018,RGS,213,14,0,14,FRASER COAST,HERVEY BAY
4655,2,2 BR DUPLEX,5/03/2019,15/03/2019,12/04/2019,RGS,213,10,28,38,FRASER COAST,HERVEY BAY
4655,2,2 BR DUPLEX,7/12/2018,18/12/2018,9/01/2019,RGS,213,11,22,33,FRASER COAST,HERVEY BAY
4480,2,2 BR DUAL OCCUPANCY,1/11/2017,14/12/2017,31/08/2018,RGS,207,43,260,303,QUILPIE,WARREGO
4872,3,3 BR DETACHED HOUSE,2/05/2019,16/05/2019,27/05/2019,RGS,202,14,11,25,TABLELANDS,HILL
4305,3,3 BR CLUSTER HOUSING,14/12/2018,3/01/2019,18/01/2019,RGS,102,20,15,35,IPSWICH,IPSWICH
4305,3,3 BR DETACHED HOUSE,25/06/2019,25/06/2019,25/06/2019,RGS,102,0,0,0,IPSWICH,IPSWICH
4305,1,1 BR SENIOR UNIT,3/01/2019,16/01/2019,21/01/2019,SNR,102,13,5,18,IPSWICH,IPSWICH
4305,1,1 BR SENIOR UNIT,24/09/2018,26/09/2018,31/10/2018,SNR,102,2,35,37,IPSWICH,IPSWICH
4305,1,1 BR SENIOR UNIT,17/09/2018,18/09/2018,21/09/2018,SNR,102,1,3,4,IPSWICH,IPSWICH
4305,1,1 BR SENIOR UNIT,10/09/2018,17/09/2018,17/09/2018,SNR,102,7,0,7,IPSWICH,IPSWICH
4305,3,3 BR DETACHED HOUSE,18/06/2018,3/07/2018,17/07/2018,AHG,102,15,14,29,IPSWICH,IPSWICH
4305,3,3 BR DETACHED HOUSE,20/08/2018,28/08/2018,4/09/2018,RGS,102,8,7,15,IPSWICH,IPSWICH
4305,2,2 BR DUPLEX,6/07/2018,6/07/2018,6/07/2018,RGS,102,0,0,0,IPSWICH,IPSWICH
4019,1,1 BR SENIOR UNIT,13/06/2018,26/06/2018,1/08/2018,SNR,110,13,36,49,MORETON BAY,REDCLIFFE
4019,1,1 BR SENIOR UNIT,24/09/2018,10/10/2018,24/10/2018,SNR,110,16,14,30,MORETON BAY,REDCLIFFE
4021,3,3 BR DETACHED HOUSE,22/06/2018,2/07/2018,4/07/2018,RGS,110,10,2,12,MORETON BAY,REDCLIFFE
4021,1,1 BR SENIOR UNIT,11/06/2018,25/06/2018,27/07/2018,SNR,110,14,32,46,MORETON BAY,REDCLIFFE
4021,1,1 BR SENIOR UNIT,3/01/2019,21/01/2019,29/01/2019,SNR,110,18,8,26,MORETON BAY,REDCLIFFE
4021,1,1 BR SENIOR UNIT,11/09/2018,26/09/2018,4/10/2018,SNR,110,15,8,23,MORETON BAY,REDCLIFFE
4020,3,3 BR DETACHED HOUSE,6/08/2018,21/08/2018,22/08/2018,RGS,110,15,1,16,MORETON BAY,REDCLIFFE
4020,4,4 BR DETACHED HOUSE,14/12/2018,17/01/2019,20/02/2019,RGS,110,34,34,68,MORETON BAY,REDCLIFFE
4020,3,3 BR DETACHED HOUSE,28/06/2018,2/08/2018,10/08/2018,RGS,110,35,8,43,MORETON BAY,REDCLIFFE
4020,3,3 BR DETACHED HOUSE,8/08/2018,24/08/2018,29/08/2018,RGS,110,16,5,21,MORETON BAY,REDCLIFFE
4020,3,3 BR DETACHED HOUSE,2/01/2019,25/01/2019,29/01/2019,RGS,110,23,4,27,MORETON BAY,REDCLIFFE
4020,3,3 BR DETACHED HOUSE,18/10/2018,7/11/2018,16/11/2018,RGS,110,20,9,29,MORETON BAY,REDCLIFFE
4021,3,3 BR DETACHED HOUSE,2/07/2018,17/07/2018,6/08/2018,RGS,110,15,20,35,MORETON BAY,REDCLIFFE
4020,1,1 BR SENIOR UNIT,27/09/2018,17/10/2018,24/10/2018,SNR,110,20,7,27,MORETON BAY,REDCLIFFE
4020,1,1 BR SENIOR UNIT,24/01/2019,6/02/2019,20/02/2019,SNR,110,13,14,27,MORETON BAY,REDCLIFFE
4020,1,1 BR SENIOR UNIT,7/08/2018,21/08/2018,24/08/2018,SNR,110,14,3,17,MORETON BAY,REDCLIFFE
4019,1,1 BR SENIOR UNIT,18/04/2019,9/05/2019,22/05/2019,SNR,110,21,13,34,MORETON BAY,REDCLIFFE
4019,1,1 BR SENIOR UNIT,10/04/2019,14/05/2019,27/05/2019,SNR,110,34,13,47,MORETON BAY,REDCLIFFE
4019,1,1 BR SENIOR UNIT,11/02/2019,27/02/2019,13/03/2019,SNR,110,16,14,30,MORETON BAY,REDCLIFFE
4019,1,1 BR SENIOR UNIT,3/01/2019,21/01/2019,11/02/2019,SNR,110,18,21,39,MORETON BAY,REDCLIFFE
4019,1,1 BR SENIOR UNIT,31/01/2019,13/02/2019,8/03/2019,SNR,110,13,23,36,MORETON BAY,REDCLIFFE
4019,1,1 BR SENIOR UNIT,5/10/2018,22/10/2018,12/11/2018,SNR,110,17,21,38,MORETON BAY,REDCLIFFE
4019,1,1 BR SENIOR UNIT,18/02/2019,27/02/2019,11/03/2019,SNR,110,9,12,21,MORETON BAY,REDCLIFFE
4019,2,2 BR ATTACHED HOUSING,20/08/2018,6/09/2018,18/09/2018,RGS,110,17,12,29,MORETON BAY,REDCLIFFE
4019,2,2 BR ATTACHED HOUSING,27/09/2018,15/10/2018,17/10/2018,RGS,110,18,2,20,MORETON BAY,REDCLIFFE
4019,2,2 BR ATTACHED HOUSING,22/06/2018,2/07/2018,17/07/2018,RGS,110,10,15,25,MORETON BAY,REDCLIFFE
4019,2,2 BR ATTACHED HOUSING,30/08/2018,17/09/2018,19/09/2018,RGS,110,18,2,20,MORETON BAY,REDCLIFFE
4019,3,3 BR ATTACHED HOUSING,23/08/2018,11/09/2018,13/09/2018,RGS,110,19,2,21,MORETON BAY,REDCLIFFE
4019,3,3 BR ATTACHED HOUSING,26/02/2019,7/03/2019,29/03/2019,RGS,110,9,22,31,MORETON BAY,REDCLIFFE
4019,1,1 BR APARTMENT,28/08/2018,7/09/2018,21/09/2018,RGS,110,10,14,24,MORETON BAY,REDCLIFFE
4019,1,1 BR APARTMENT,2/05/2019,17/05/2019,6/06/2019,RGS,110,15,20,35,MORETON BAY,REDCLIFFE
4019,1,1 BR APARTMENT,10/10/2018,26/10/2018,26/10/2018,RGS,110,16,0,16,MORETON BAY,REDCLIFFE
4019,1,1 BR APARTMENT,29/08/2018,7/09/2018,13/09/2018,RGS,110,9,6,15,MORETON BAY,REDCLIFFE
4019,1,1 BR APARTMENT,31/01/2019,1/03/2019,15/03/2019,RGS,110,29,14,43,MORETON BAY,REDCLIFFE
4019,2,2 BR ATTACHED HOUSING,19/10/2018,1/11/2018,9/11/2018,RGS,110,13,8,21,MORETON BAY,REDCLIFFE
4019,2,2 BR ATTACHED HOUSING,13/03/2019,29/03/2019,23/04/2019,RGS,110,16,25,41,MORETON BAY,REDCLIFFE
4019,2,2 BR ATTACHED HOUSING,25/07/2018,6/08/2018,14/08/2018,RGS,110,12,8,20,MORETON BAY,REDCLIFFE
4019,1,1 BR SENIOR UNIT,3/12/2018,13/12/2018,16/01/2019,SNR,110,10,34,44,MORETON BAY,REDCLIFFE
4019,1,1 BR SENIOR UNIT,30/07/2018,7/08/2018,16/08/2018,SNR,110,8,9,17,MORETON BAY,REDCLIFFE
4019,1,1 BR SENIOR UNIT,1/11/2018,15/11/2018,27/11/2018,SNR,110,14,12,26,MORETON BAY,REDCLIFFE
4019,1,1 BR SENIOR UNIT,15/10/2018,30/10/2018,20/11/2018,SNR,110,15,21,36,MORETON BAY,REDCLIFFE
4019,1,1 BR SENIOR UNIT,9/01/2019,21/01/2019,12/02/2019,SNR,110,12,22,34,MORETON BAY,REDCLIFFE
4019,1,1 BR SENIOR UNIT,2/07/2018,13/07/2018,2/08/2018,SNR,110,11,20,31,MORETON BAY,REDCLIFFE
4019,2,2 BR ATTACHED HOUSING,1/02/2019,19/02/2019,21/03/2019,RGS,110,18,30,48,MORETON BAY,REDCLIFFE
4019,2,2 BR ATTACHED HOUSING,23/05/2019,5/06/2019,14/06/2019,RGS,110,13,9,22,MORETON BAY,REDCLIFFE
4019,4,4 BR DETACHED HOUSE,8/08/2018,9/08/2018,21/08/2018,RGS,110,1,12,13,MORETON BAY,REDCLIFFE
4019,2,2 BR ATTACHED HOUSING,2/01/2019,17/01/2019,22/02/2019,RGS,110,15,36,51,MORETON BAY,REDCLIFFE
4019,2,2 BR ATTACHED HOUSING,27/09/2018,15/10/2018,19/10/2018,RGS,110,18,4,22,MORETON BAY,REDCLIFFE
4020,1,1 BR SENIOR UNIT,20/09/2018,3/10/2018,8/10/2018,SNR,110,13,5,18,MORETON BAY,REDCLIFFE
4019,2,2 BR ATTACHED HOUSING,4/01/2019,25/01/2019,25/02/2019,RGS,110,21,31,52,MORETON BAY,REDCLIFFE
4019,1,1 BR SENIOR UNIT,28/09/2018,15/10/2018,7/11/2018,SNR,110,17,23,40,MORETON BAY,REDCLIFFE
4022,2,2 BR ATTACHED HOUSING,12/12/2018,4/01/2019,4/02/2019,RGS,110,23,31,54,MORETON BAY,MURRUMBA
4022,2,2 BR ATTACHED HOUSING,8/08/2018,24/08/2018,28/08/2018,RGS,110,16,4,20,MORETON BAY,MURRUMBA
4022,2,2 BR ATTACHED HOUSING,21/01/2019,1/02/2019,6/03/2019,RGS,110,11,33,44,MORETON BAY,MURRUMBA
4022,2,2 BR ATTACHED HOUSING,21/03/2019,9/04/2019,12/04/2019,RGS,110,19,3,22,MORETON BAY,MURRUMBA
4022,2,2 BR ATTACHED HOUSING,8/03/2019,22/03/2019,25/03/2019,RGS,110,14,3,17,MORETON BAY,MURRUMBA
4022,2,2 BR ATTACHED HOUSING,14/11/2018,22/11/2018,26/11/2018,RGS,110,8,4,12,MORETON BAY,MURRUMBA
4022,2,2 BR ATTACHED HOUSING,12/09/2018,27/09/2018,4/10/2018,RGS,110,15,7,22,MORETON BAY,MURRUMBA
4022,2,2 BR ATTACHED HOUSING,27/05/2019,12/06/2019,20/06/2019,RGS,110,16,8,24,MORETON BAY,MURRUMBA
4022,3,3 BR ATTACHED HOUSING,27/11/2018,14/12/2018,25/02/2019,RGS,110,17,73,90,MORETON BAY,MURRUMBA
4022,2,2 BR ATTACHED HOUSING,17/08/2018,3/09/2018,11/09/2018,RGS,110,17,8,25,MORETON BAY,MURRUMBA
4022,3,3 BR ATTACHED HOUSING,18/12/2018,14/01/2019,22/02/2019,RGS,110,27,39,66,MORETON BAY,MURRUMBA
4022,3,3 BR CLUSTER HOUSING,5/02/2019,19/02/2019,21/02/2019,RGS,110,14,2,16,MORETON BAY,MURRUMBA
4022,5,5 BR DETACHED HOUSE,9/11/2018,29/11/2018,29/11/2018,RGS,110,20,0,20,MORETON BAY,MURRUMBA
4022,3,3 BR DETACHED HOUSE,25/10/2018,12/11/2018,14/11/2018,RGS,110,18,2,20,MORETON BAY,MURRUMBA
4022,3,3 BR DETACHED HOUSE,30/07/2018,30/07/2018,30/07/2018,RGS,110,0,0,0,MORETON BAY,MURRUMBA
4022,3,3 BR DETACHED HOUSE,6/08/2018,20/08/2018,23/08/2018,RGS,110,14,3,17,MORETON BAY,MURRUMBA
4022,3,3 BR DETACHED HOUSE,25/01/2019,15/02/2019,21/02/2019,RGS,110,21,6,27,MORETON BAY,MURRUMBA
4022,3,3 BR DETACHED HOUSE,19/11/2018,29/11/2018,5/12/2018,RGS,110,10,6,16,MORETON BAY,MURRUMBA
4022,3,3 BR CLUSTER HOUSING,5/07/2018,25/07/2018,7/08/2018,RGS,110,20,13,33,MORETON BAY,MURRUMBA
4022,2,2 BR CLUSTER HOUSING,17/05/2018,6/06/2018,3/07/2018,RGS,110,20,27,47,MORETON BAY,MURRUMBA
4019,1,1 BR APARTMENT,21/12/2018,4/01/2019,4/01/2019,RGS,110,14,0,14,MORETON BAY,REDCLIFFE
4019,1,1 BR APARTMENT,17/09/2018,27/09/2018,22/10/2018,RGS,110,10,25,35,MORETON BAY,REDCLIFFE
4019,3,3 BR CLUSTER HOUSING,9/07/2018,25/07/2018,9/08/2018,RGS,110,16,15,31,MORETON BAY,REDCLIFFE
4019,3,3 BR CLUSTER HOUSING,13/12/2018,4/01/2019,9/01/2019,RGS,110,22,5,27,MORETON BAY,REDCLIFFE
4019,3,3 BR CLUSTER HOUSING,14/08/2018,27/08/2018,31/08/2018,RGS,110,13,4,17,MORETON BAY,REDCLIFFE
4020,2,2 BR ATTACHED HOUSING,10/10/2018,30/10/2018,31/10/2018,RGS,110,20,1,21,MORETON BAY,REDCLIFFE
4020,2,2 BR ATTACHED HOUSING,7/05/2019,20/05/2019,3/06/2019,RGS,110,13,14,27,MORETON BAY,REDCLIFFE
4021,1,1 BR SENIOR UNIT,30/05/2019,17/06/2019,21/06/2019,SNR,110,18,4,22,MORETON BAY,REDCLIFFE
4019,1,1 BR SENIOR UNIT,27/08/2018,7/09/2018,14/09/2018,SNR,110,11,7,18,MORETON BAY,REDCLIFFE
4019,1,1 BR SENIOR UNIT,7/11/2018,19/11/2018,19/12/2018,SNR,110,12,30,42,MORETON BAY,REDCLIFFE
4019,1,1 BR SENIOR UNIT,5/09/2018,17/09/2018,19/09/2018,SNR,110,12,2,14,MORETON BAY,REDCLIFFE
4019,1,1 BR SENIOR UNIT,21/02/2019,6/03/2019,25/03/2019,SNR,110,13,19,32,MORETON BAY,REDCLIFFE
4019,1,1 BR SENIOR UNIT,6/06/2018,26/06/2018,2/08/2018,SNR,110,20,37,57,MORETON BAY,REDCLIFFE
4019,1,1 BR APARTMENT,6/07/2018,27/07/2018,17/08/2018,RGS,110,21,21,42,MORETON BAY,REDCLIFFE
4019,1,1 BR APARTMENT,18/04/2019,8/05/2019,29/05/2019,RGS,110,20,21,41,MORETON BAY,REDCLIFFE
4019,1,1 BR APARTMENT,7/06/2018,28/06/2018,14/08/2018,RGS,110,21,47,68,MORETON BAY,REDCLIFFE
4019,1,1 BR APARTMENT,1/02/2019,19/02/2019,22/02/2019,RGS,110,18,3,21,MORETON BAY,REDCLIFFE
4019,1,1 BR APARTMENT,27/09/2018,15/10/2018,24/10/2018,RGS,110,18,9,27,MORETON BAY,REDCLIFFE
4019,1,1 BR APARTMENT,20/12/2018,17/01/2019,11/02/2019,RGS,110,28,25,53,MORETON BAY,REDCLIFFE
4019,1,1 BR APARTMENT,3/01/2019,21/01/2019,6/02/2019,RGS,110,18,16,34,MORETON BAY,REDCLIFFE
4019,1,1 BR APARTMENT,3/08/2018,15/08/2018,23/08/2018,RGS,110,12,8,20,MORETON BAY,REDCLIFFE
4019,1,1 BR APARTMENT,20/12/2018,20/12/2018,20/12/2018,RGS,110,0,0,0,MORETON BAY,REDCLIFFE
4019,1,1 BR APARTMENT,21/12/2018,2/01/2019,3/01/2019,RGS,110,12,1,13,MORETON BAY,REDCLIFFE
4019,1,1 BR APARTMENT,21/12/2018,2/01/2019,3/01/2019,RGS,110,12,1,13,MORETON BAY,REDCLIFFE
4020,2,2 BR ATTACHED HOUSING,3/01/2019,18/01/2019,21/02/2019,RGS,110,15,34,49,MORETON BAY,REDCLIFFE
4019,1,1 BR SENIOR UNIT,9/11/2018,30/11/2018,12/12/2018,SNR,110,21,12,33,MORETON BAY,REDCLIFFE
4020,1,1 BR SENIOR UNIT,31/08/2018,13/09/2018,17/09/2018,SNR,110,13,4,17,MORETON BAY,REDCLIFFE
4020,1,1 BR SENIOR UNIT,25/02/2019,7/03/2019,12/03/2019,SNR,110,10,5,15,MORETON BAY,REDCLIFFE
4020,1,1 BR SENIOR UNIT,28/11/2018,11/12/2018,24/01/2019,SNR,110,13,44,57,MORETON BAY,REDCLIFFE
4020,1,1 BR SENIOR UNIT,20/08/2018,3/09/2018,7/09/2018,SNR,110,14,4,18,MORETON BAY,REDCLIFFE
4020,1,1 BR SENIOR UNIT,6/09/2018,25/09/2018,2/10/2018,SNR,110,19,7,26,MORETON BAY,REDCLIFFE
4020,1,1 BR SENIOR UNIT,24/08/2018,7/09/2018,11/09/2018,SNR,110,14,4,18,MORETON BAY,REDCLIFFE
4019,1,1 BR APARTMENT,5/11/2018,19/11/2018,21/11/2018,RGS,110,14,2,16,MORETON BAY,REDCLIFFE
4020,1,1 BR SENIOR UNIT,27/08/2018,7/09/2018,17/09/2018,SNR,110,11,10,21,MORETON BAY,REDCLIFFE
4020,1,1 BR SENIOR UNIT,20/06/2018,2/07/2018,30/07/2018,SNR,110,12,28,40,MORETON BAY,REDCLIFFE
4019,2,2 BR ATTACHED HOUSING,4/01/2019,1/02/2019,8/03/2019,RGS,110,28,35,63,MORETON BAY,REDCLIFFE
4019,1,1 BR SENIOR UNIT,22/03/2019,3/04/2019,15/04/2019,SNR,110,12,12,24,MORETON BAY,REDCLIFFE
4022,2,2 BR CLUSTER HOUSING,10/01/2019,29/01/2019,12/02/2019,RGS,110,19,14,33,MORETON BAY,MURRUMBA
4022,3,3 BR CLUSTER HOUSING,1/03/2019,14/03/2019,1/04/2019,RGS,110,13,18,31,MORETON BAY,MURRUMBA
4022,3,3 BR CLUSTER HOUSING,10/09/2018,24/09/2018,2/10/2018,RGS,110,14,8,22,MORETON BAY,MURRUMBA
4020,2,2 BR APARTMENT,19/07/2018,6/08/2018,10/08/2018,RGS,110,18,4,22,MORETON BAY,REDCLIFFE
4020,1,1 BR APARTMENT,2/04/2019,26/04/2019,13/05/2019,RGS,110,24,17,41,MORETON BAY,REDCLIFFE
4020,1,1 BR APARTMENT,17/10/2018,1/11/2018,9/11/2018,RGS,110,15,8,23,MORETON BAY,REDCLIFFE
4020,2,2 BR SENIOR UNIT,10/08/2018,27/08/2018,29/08/2018,SNR,110,17,2,19,MORETON BAY,REDCLIFFE
4020,5,5 BR DETACHED HOUSE,18/01/2019,22/02/2019,6/03/2019,RGS,110,35,12,47,MORETON BAY,REDCLIFFE
4019,2,2 BR APARTMENT,4/04/2019,18/04/2019,2/05/2019,RGS,110,14,14,28,MORETON BAY,REDCLIFFE
4020,2,2 BR APARTMENT,23/01/2019,11/02/2019,26/02/2019,RGS,110,19,15,34,MORETON BAY,REDCLIFFE
4020,2,2 BR APARTMENT,26/09/2018,18/10/2018,26/10/2018,RGS,110,22,8,30,MORETON BAY,REDCLIFFE
4020,2,2 BR APARTMENT,16/08/2018,6/09/2018,6/09/2018,RGS,110,21,0,21,MORETON BAY,REDCLIFFE
4019,3,3 BR DETACHED HOUSE,21/03/2019,26/04/2019,3/05/2019,RGS,110,36,7,43,MORETON BAY,REDCLIFFE
4020,1,1 BR APARTMENT,16/04/2019,17/04/2019,26/04/2019,RGS,110,1,9,10,MORETON BAY,REDCLIFFE
4019,2,2 BR SENIOR UNIT,17/01/2019,6/02/2019,12/02/2019,SNR,110,20,6,26,MORETON BAY,REDCLIFFE
4019,2,2 BR SENIOR UNIT,16/04/2019,29/04/2019,3/06/2019,SNR,110,13,35,48,MORETON BAY,REDCLIFFE
4019,2,2 BR SENIOR UNIT,26/06/2018,9/07/2018,20/07/2018,SNR,110,13,11,24,MORETON BAY,REDCLIFFE
4019,1,1 BR APARTMENT,22/11/2018,22/11/2018,22/11/2018,RGS,110,0,0,0,MORETON BAY,REDCLIFFE
4021,3,3 BR DETACHED HOUSE,28/06/2018,24/07/2018,9/08/2018,RGS,110,26,16,42,MORETON BAY,REDCLIFFE
4019,2,2 BR APARTMENT,25/06/2018,6/07/2018,11/07/2018,RGS,110,11,5,16,MORETON BAY,REDCLIFFE
4020,2,2 BR APARTMENT,13/02/2019,22/02/2019,11/03/2019,RGS,110,9,17,26,MORETON BAY,REDCLIFFE
4020,2,2 BR APARTMENT,20/06/2018,21/06/2018,3/07/2018,RGS,110,1,12,13,MORETON BAY,REDCLIFFE
4020,2,2 BR APARTMENT,7/01/2019,23/01/2019,20/02/2019,RGS,110,16,28,44,MORETON BAY,REDCLIFFE
4019,1,1 BR SENIOR UNIT,5/06/2019,17/06/2019,21/06/2019,SNR,110,12,4,16,MORETON BAY,REDCLIFFE
4019,1,1 BR SENIOR UNIT,8/05/2019,17/05/2019,29/05/2019,SNR,110,9,12,21,MORETON BAY,REDCLIFFE
4021,3,3 BR DETACHED HOUSE,23/10/2018,6/11/2018,8/11/2018,AHG,110,14,2,16,MORETON BAY,REDCLIFFE
4301,3,3 BR DETACHED HOUSE,21/01/2019,12/02/2019,7/03/2019,RGS,102,22,23,45,IPSWICH,BUNDAMBA
4301,3,3 BR DETACHED HOUSE,8/03/2019,23/03/2019,10/04/2019,RGS,102,15,18,33,IPSWICH,BUNDAMBA
4301,3,3 BR DETACHED HOUSE,23/10/2018,14/11/2018,10/12/2018,RGS,102,22,26,48,IPSWICH,BUNDAMBA
4301,3,3 BR DETACHED HOUSE,1/04/2019,9/04/2019,29/05/2019,AHG,102,8,50,58,IPSWICH,BUNDAMBA
4165,3,3 BR CLUSTER HOUSING,18/09/2018,18/09/2018,18/09/2018,RGS,106,0,0,0,REDLAND,REDLANDS
4165,1,1 BR SENIOR UNIT,14/01/2019,26/02/2019,26/02/2019,SNR,106,43,0,43,REDLAND,REDLANDS
4165,1,1 BR SENIOR UNIT,6/03/2019,29/03/2019,16/04/2019,SNR,106,23,18,41,REDLAND,REDLANDS
4165,1,1 BR SENIOR UNIT,3/06/2019,13/06/2019,26/06/2019,SNR,106,10,13,23,REDLAND,REDLANDS
4165,3,3 BR DETACHED HOUSE,19/06/2019,19/06/2019,20/06/2019,RGS,106,0,1,1,REDLAND,REDLANDS
4165,3,3 BR DETACHED HOUSE,27/02/2019,20/05/2019,21/05/2019,RGS,106,82,1,83,REDLAND,REDLANDS
4118,3,3 BR DETACHED HOUSE,13/02/2019,11/03/2019,11/03/2019,RGS,101,26,0,26,LOGAN,WOODRIDGE
4123,3,3 BR DETACHED HOUSE,6/11/2018,3/12/2018,4/12/2018,RGS,101,27,1,28,LOGAN,SPRINGWOOD
4123,3,3 BR DETACHED HOUSE,5/03/2019,5/03/2019,5/03/2019,RGS,101,0,0,0,LOGAN,SPRINGWOOD
4123,3,3 BR DETACHED HOUSE,12/03/2019,2/04/2019,4/04/2019,RGS,101,21,2,23,LOGAN,SPRINGWOOD
4123,3,3 BR DETACHED HOUSE,13/12/2018,24/12/2018,15/01/2019,RGS,101,11,22,33,LOGAN,SPRINGWOOD
4123,3,3 BR DETACHED HOUSE,9/07/2018,20/08/2018,30/08/2018,RGS,101,42,10,52,LOGAN,SPRINGWOOD
4123,3,3 BR DETACHED HOUSE,19/11/2018,20/12/2018,2/01/2019,RGS,101,31,13,44,LOGAN,SPRINGWOOD
4123,3,3 BR DETACHED HOUSE,9/11/2018,9/11/2018,9/11/2018,RGS,101,0,0,0,LOGAN,SPRINGWOOD
4123,4,4 BR DETACHED HOUSE,28/06/2018,23/07/2018,1/08/2018,RGS,101,25,9,34,LOGAN,SPRINGWOOD
4123,3,3 BR DETACHED HOUSE,28/06/2018,16/07/2018,23/07/2018,RGS,101,18,7,25,LOGAN,SPRINGWOOD
4123,3,3 BR DETACHED HOUSE,7/09/2018,7/09/2018,7/09/2018,RGS,101,0,0,0,LOGAN,SPRINGWOOD
4123,3,3 BR DETACHED HOUSE,3/09/2018,19/09/2018,21/09/2018,RGS,101,16,2,18,LOGAN,SPRINGWOOD
4822,2,2 BR DETACHED HOUSE,17/04/2018,21/06/2018,1/08/2018,RGS,209,65,41,106,RICHMOND,TRAEGER
4822,3,3 BR DETACHED HOUSE,25/09/2018,26/10/2018,14/12/2018,RGS,209,31,49,80,RICHMOND,TRAEGER
4822,3,3 BR DETACHED HOUSE,1/11/2017,27/11/2017,14/08/2018,RGS,209,26,260,286,RICHMOND,TRAEGER
4216,1,1 BR SENIOR UNIT,2/04/2019,8/04/2019,29/04/2019,SNR,204,6,21,27,GOLD COAST,BROADWATER
4216,1,1 BR SENIOR UNIT,4/12/2018,13/12/2018,21/12/2018,SNR,204,9,8,17,GOLD COAST,BROADWATER
4216,1,1 BR SENIOR UNIT,28/08/2018,11/09/2018,14/09/2018,SNR,204,14,3,17,GOLD COAST,BROADWATER
4700,3,3 BR DETACHED HOUSE,17/04/2019,1/05/2019,28/05/2019,RGS,206,14,27,41,ROCKHAMPTON,ROCKHAMPTON
4700,2,2 BR ATTACHED HOUSING,10/07/2018,27/07/2018,27/07/2018,RGS,206,17,0,17,ROCKHAMPTON,ROCKHAMPTON
4701,1,1 BR SENIOR UNIT,26/02/2019,11/03/2019,7/05/2019,SNR,206,13,57,70,ROCKHAMPTON,ROCKHAMPTON
4701,1,1 BR SENIOR UNIT,12/04/2019,24/04/2019,2/05/2019,SNR,206,12,8,20,ROCKHAMPTON,ROCKHAMPTON
4701,1,1 BR SENIOR UNIT,15/03/2019,25/03/2019,13/05/2019,SNR,206,10,49,59,ROCKHAMPTON,ROCKHAMPTON
4701,1,1 BR SENIOR UNIT,13/02/2019,25/02/2019,11/04/2019,SNR,206,12,45,57,ROCKHAMPTON,ROCKHAMPTON
4700,1,1 BR SENIOR UNIT,23/07/2018,10/08/2018,27/09/2018,SNR,206,18,48,66,ROCKHAMPTON,ROCKHAMPTON
4700,1,1 BR SENIOR UNIT,14/08/2018,27/08/2018,18/10/2018,SNR,206,13,52,65,ROCKHAMPTON,ROCKHAMPTON
4700,1,1 BR SENIOR UNIT,1/02/2019,12/02/2019,5/03/2019,SNR,206,11,21,32,ROCKHAMPTON,ROCKHAMPTON
4700,1,1 BR SENIOR UNIT,1/11/2018,16/11/2018,6/12/2018,SNR,206,15,20,35,ROCKHAMPTON,ROCKHAMPTON
4700,1,1 BR SENIOR UNIT,15/10/2018,24/10/2018,24/10/2018,SNR,206,9,0,9,ROCKHAMPTON,ROCKHAMPTON
4700,2,2 BR SENIOR UNIT,4/10/2018,18/10/2018,23/10/2018,SNR,206,14,5,19,ROCKHAMPTON,ROCKHAMPTON
4701,3,3 BR ATTACHED HOUSING,13/11/2018,28/11/2018,13/12/2018,RGS,206,15,15,30,ROCKHAMPTON,ROCKHAMPTON
4701,3,3 BR ATTACHED HOUSING,4/03/2019,15/03/2019,26/03/2019,RGS,206,11,11,22,ROCKHAMPTON,ROCKHAMPTON
4701,2,2 BR ATTACHED HOUSING,30/04/2018,11/05/2018,5/07/2018,RGS,206,11,55,66,ROCKHAMPTON,ROCKHAMPTON
4701,2,2 BR ATTACHED HOUSING,17/01/2019,5/02/2019,26/02/2019,RGS,206,19,21,40,ROCKHAMPTON,ROCKHAMPTON
4701,2,2 BR ATTACHED HOUSING,1/04/2019,12/04/2019,18/04/2019,RGS,206,11,6,17,ROCKHAMPTON,ROCKHAMPTON
4701,2,2 BR ATTACHED HOUSING,6/12/2018,4/01/2019,9/01/2019,RGS,206,29,5,34,ROCKHAMPTON,ROCKHAMPTON
4700,2,2 BR APARTMENT,6/08/2018,15/08/2018,15/08/2018,RGS,206,9,0,9,ROCKHAMPTON,ROCKHAMPTON
4700,2,2 BR APARTMENT,11/10/2018,25/10/2018,12/11/2018,RGS,206,14,18,32,ROCKHAMPTON,ROCKHAMPTON
4700,2,2 BR APARTMENT,14/12/2018,3/01/2019,7/01/2019,RGS,206,20,4,24,ROCKHAMPTON,ROCKHAMPTON
4701,1,1 BR SENIOR UNIT,29/10/2018,9/11/2018,13/11/2018,SNR,206,11,4,15,ROCKHAMPTON,ROCKHAMPTON
4701,1,1 BR SENIOR UNIT,13/03/2019,25/03/2019,5/04/2019,SNR,206,12,11,23,ROCKHAMPTON,ROCKHAMPTON
4701,1,1 BR SENIOR UNIT,13/03/2019,27/03/2019,24/05/2019,SNR,206,14,58,72,ROCKHAMPTON,ROCKHAMPTON
4701,1,1 BR SENIOR UNIT,4/10/2018,30/11/2018,28/03/2019,SNR,206,57,118,175,ROCKHAMPTON,ROCKHAMPTON
4701,1,1 BR SENIOR UNIT,16/03/2018,28/03/2018,10/09/2018,SNR,206,12,166,178,ROCKHAMPTON,ROCKHAMPTON
4701,1,1 BR SENIOR UNIT,1/11/2017,14/12/2017,5/03/2019,SNR,206,43,446,489,ROCKHAMPTON,ROCKHAMPTON
4701,1,1 BR SENIOR UNIT,10/05/2019,17/05/2019,24/05/2019,SNR,206,7,7,14,ROCKHAMPTON,ROCKHAMPTON
4701,1,1 BR SENIOR UNIT,30/10/2018,5/12/2018,14/03/2019,SNR,206,36,99,135,ROCKHAMPTON,ROCKHAMPTON
4701,1,1 BR SENIOR UNIT,21/08/2018,10/09/2018,10/12/2018,SNR,206,20,91,111,ROCKHAMPTON,ROCKHAMPTON
4701,1,1 BR SENIOR UNIT,28/05/2018,19/06/2018,6/08/2018,SNR,206,22,48,70,ROCKHAMPTON,ROCKHAMPTON
4701,1,1 BR SENIOR UNIT,21/12/2017,13/01/2018,7/08/2018,SNR,206,23,206,229,ROCKHAMPTON,ROCKHAMPTON
4701,1,1 BR SENIOR UNIT,20/06/2018,25/06/2018,20/07/2018,SNR,206,5,25,30,ROCKHAMPTON,ROCKHAMPTON
4701,1,1 BR SENIOR UNIT,20/05/2019,21/05/2019,17/06/2019,SNR,206,1,27,28,ROCKHAMPTON,ROCKHAMPTON
4701,1,1 BR SENIOR UNIT,27/11/2018,6/12/2018,23/05/2019,SNR,206,9,168,177,ROCKHAMPTON,KEPPEL
4701,1,1 BR SENIOR UNIT,4/07/2018,4/07/2018,21/05/2019,SNR,206,0,321,321,ROCKHAMPTON,KEPPEL
4701,1,1 BR SENIOR UNIT,17/04/2018,27/04/2018,5/07/2018,SNR,206,10,69,79,ROCKHAMPTON,KEPPEL
4701,3,3 BR DETACHED HOUSE,3/09/2018,24/09/2018,3/10/2018,RGS,206,21,9,30,ROCKHAMPTON,KEPPEL
4701,4,4 BR DETACHED HOUSE,15/02/2019,15/02/2019,19/02/2019,RGS,206,0,4,4,ROCKHAMPTON,KEPPEL
4701,3,3 BR DETACHED HOUSE,30/04/2019,10/05/2019,21/05/2019,RGS,206,10,11,21,ROCKHAMPTON,KEPPEL
4701,2,2 BR DUPLEX,25/02/2019,11/03/2019,19/03/2019,RGS,206,14,8,22,ROCKHAMPTON,KEPPEL
4701,3,3 BR DETACHED HOUSE,7/02/2019,7/03/2019,14/03/2019,RGS,206,28,7,35,ROCKHAMPTON,KEPPEL
4701,1,1 BR SENIOR UNIT,9/10/2018,19/10/2018,20/11/2018,SNR,206,10,32,42,ROCKHAMPTON,KEPPEL
4701,1,1 BR SENIOR UNIT,17/05/2018,2/08/2018,2/08/2018,SNR,206,77,0,77,ROCKHAMPTON,KEPPEL
4700,3,3 BR DETACHED HOUSE,24/07/2018,20/08/2018,23/08/2018,RGS,206,27,3,30,ROCKHAMPTON,ROCKHAMPTON
4701,3,3 BR DETACHED HOUSE,3/04/2019,15/04/2019,16/04/2019,RGS,206,12,1,13,ROCKHAMPTON,ROCKHAMPTON
4701,3,3 BR DETACHED HOUSE,7/12/2018,13/12/2018,18/12/2018,RGS,206,6,5,11,ROCKHAMPTON,ROCKHAMPTON
4701,3,3 BR DETACHED HOUSE,17/09/2018,11/10/2018,1/11/2018,RGS,206,24,21,45,ROCKHAMPTON,ROCKHAMPTON
4701,3,3 BR DETACHED HOUSE,21/09/2018,21/09/2018,21/09/2018,RGS,206,0,0,0,ROCKHAMPTON,ROCKHAMPTON
4701,3,3 BR DETACHED HOUSE,20/09/2018,20/09/2018,20/09/2018,RGS,206,0,0,0,ROCKHAMPTON,ROCKHAMPTON
4701,3,3 BR DETACHED HOUSE,11/02/2019,26/02/2019,5/03/2019,RGS,206,15,7,22,ROCKHAMPTON,ROCKHAMPTON
4701,3,3 BR DETACHED HOUSE,29/01/2019,21/02/2019,1/03/2019,RGS,206,23,8,31,ROCKHAMPTON,ROCKHAMPTON
4700,1,1 BR SENIOR UNIT,1/06/2018,11/06/2018,25/10/2018,SNR,206,10,136,146,ROCKHAMPTON,ROCKHAMPTON
4701,3,3 BR DETACHED HOUSE,19/06/2018,6/07/2018,6/07/2018,RGS,206,17,0,17,ROCKHAMPTON,ROCKHAMPTON
4701,3,3 BR DETACHED HOUSE,25/05/2018,20/06/2018,5/07/2018,RGS,206,26,15,41,ROCKHAMPTON,KEPPEL
4701,3,3 BR DETACHED HOUSE,27/03/2019,9/04/2019,17/04/2019,RGS,206,13,8,21,ROCKHAMPTON,KEPPEL
4701,3,3 BR CLUSTER HOUSING,8/02/2019,25/02/2019,6/03/2019,RGS,206,17,9,26,ROCKHAMPTON,ROCKHAMPTON
4700,1,1 BR SENIOR UNIT,17/10/2018,1/11/2018,19/11/2018,SNR,206,15,18,33,ROCKHAMPTON,ROCKHAMPTON
4701,3,3 BR DETACHED HOUSE,23/07/2018,2/08/2018,8/08/2018,RGS,206,10,6,16,ROCKHAMPTON,KEPPEL
4701,3,3 BR DETACHED HOUSE,26/02/2019,11/03/2019,14/03/2019,RGS,206,13,3,16,ROCKHAMPTON,KEPPEL
4701,3,3 BR DETACHED HOUSE,22/10/2018,22/10/2018,22/10/2018,RGS,206,0,0,0,ROCKHAMPTON,KEPPEL
4701,3,3 BR DETACHED HOUSE,26/02/2019,11/03/2019,28/03/2019,RGS,206,13,17,30,ROCKHAMPTON,KEPPEL
4701,3,3 BR DETACHED HOUSE,26/11/2018,10/12/2018,21/12/2018,RGS,206,14,11,25,ROCKHAMPTON,KEPPEL
4700,1,1 BR APARTMENT,13/05/2019,23/05/2019,28/06/2019,RGS,206,10,36,46,ROCKHAMPTON,ROCKHAMPTON
4700,1,1 BR APARTMENT,13/05/2019,13/05/2019,13/05/2019,RGS,206,0,0,0,ROCKHAMPTON,ROCKHAMPTON
4700,1,1 BR APARTMENT,19/07/2018,1/08/2018,3/08/2018,RGS,206,13,2,15,ROCKHAMPTON,ROCKHAMPTON
4701,2,2 BR ATTACHED HOUSING,19/07/2018,2/08/2018,2/08/2018,RGS,206,14,0,14,ROCKHAMPTON,ROCKHAMPTON
4701,2,2 BR ATTACHED HOUSING,28/06/2018,10/07/2018,31/07/2018,RGS,206,12,21,33,ROCKHAMPTON,ROCKHAMPTON
4700,1,1 BR APARTMENT,9/01/2019,25/01/2019,22/02/2019,RGS,206,16,28,44,ROCKHAMPTON,ROCKHAMPTON
4700,1,1 BR APARTMENT,3/04/2019,15/04/2019,26/04/2019,RGS,206,12,11,23,ROCKHAMPTON,ROCKHAMPTON
4701,4,4 BR DETACHED HOUSE,19/02/2019,4/03/2019,5/03/2019,RGS,206,13,1,14,ROCKHAMPTON,KEPPEL
4701,3,3 BR DETACHED HOUSE,17/10/2018,19/10/2018,19/10/2018,RGS,206,2,0,2,ROCKHAMPTON,KEPPEL
4701,4,4 BR DETACHED HOUSE,17/09/2018,5/10/2018,15/10/2018,RGS,206,18,10,28,ROCKHAMPTON,KEPPEL
4701,4,4 BR DETACHED HOUSE,22/02/2019,4/03/2019,6/03/2019,RGS,206,10,2,12,ROCKHAMPTON,KEPPEL
4701,3,3 BR DETACHED HOUSE,14/12/2018,4/01/2019,9/01/2019,RGS,206,21,5,26,ROCKHAMPTON,KEPPEL
4701,4,4 BR DETACHED HOUSE,28/05/2018,17/07/2018,17/07/2018,RGS,206,50,0,50,ROCKHAMPTON,KEPPEL
4700,3,3 BR DETACHED HOUSE,12/11/2018,16/11/2018,3/12/2018,RGS,206,4,17,21,ROCKHAMPTON,ROCKHAMPTON
4701,3,3 BR DETACHED HOUSE,15/10/2018,31/10/2018,12/11/2018,RGS,206,16,12,28,ROCKHAMPTON,KEPPEL
4701,1,1 BR APARTMENT,23/05/2019,11/06/2019,12/06/2019,RGS,206,19,1,20,ROCKHAMPTON,ROCKHAMPTON
4701,1,1 BR APARTMENT,22/05/2019,31/05/2019,4/06/2019,RGS,206,9,4,13,ROCKHAMPTON,ROCKHAMPTON
4701,1,1 BR APARTMENT,29/01/2019,7/02/2019,22/02/2019,RGS,206,9,15,24,ROCKHAMPTON,ROCKHAMPTON
4701,3,3 BR DUAL OCCUPANCY,14/01/2019,25/01/2019,14/02/2019,RGS,206,11,20,31,ROCKHAMPTON,ROCKHAMPTON
4701,4,4 BR DETACHED HOUSE,8/11/2018,23/11/2018,23/11/2018,RGS,206,15,0,15,ROCKHAMPTON,ROCKHAMPTON
4701,4,4 BR DETACHED HOUSE,23/04/2019,7/05/2019,15/05/2019,RGS,206,14,8,22,ROCKHAMPTON,ROCKHAMPTON
4701,3,3 BR DETACHED HOUSE,2/10/2018,15/10/2018,24/10/2018,RGS,206,13,9,22,ROCKHAMPTON,KEPPEL
4701,1,1 BR APARTMENT,14/05/2019,16/05/2019,16/05/2019,RGS,206,2,0,2,ROCKHAMPTON,ROCKHAMPTON
4701,1,1 BR APARTMENT,26/11/2018,17/12/2018,21/12/2018,RGS,206,21,4,25,ROCKHAMPTON,ROCKHAMPTON
4700,1,1 BR SENIOR UNIT,8/02/2019,19/02/2019,20/02/2019,SNR,206,11,1,12,ROCKHAMPTON,ROCKHAMPTON
4700,1,1 BR SENIOR UNIT,19/10/2018,2/11/2018,1/03/2019,SNR,206,14,119,133,ROCKHAMPTON,ROCKHAMPTON
4700,1,1 BR SENIOR UNIT,17/12/2018,8/01/2019,3/04/2019,SNR,206,22,85,107,ROCKHAMPTON,ROCKHAMPTON
4700,1,1 BR SENIOR UNIT,26/02/2018,28/02/2018,3/04/2019,SNR,206,2,399,401,ROCKHAMPTON,ROCKHAMPTON
4700,1,1 BR SENIOR UNIT,29/06/2018,10/07/2018,2/11/2018,SNR,206,11,115,126,ROCKHAMPTON,ROCKHAMPTON
4700,1,1 BR SENIOR UNIT,1/11/2017,14/12/2017,4/07/2018,SNR,206,43,202,245,ROCKHAMPTON,ROCKHAMPTON
4700,1,1 BR SENIOR UNIT,12/11/2018,26/11/2018,14/03/2019,SNR,206,14,108,122,ROCKHAMPTON,ROCKHAMPTON
4700,1,1 BR APARTMENT,12/10/2018,1/11/2018,8/11/2018,RGS,206,20,7,27,ROCKHAMPTON,ROCKHAMPTON
4701,4,4 BR DETACHED HOUSE,21/05/2018,2/07/2018,2/07/2018,RGS,206,42,0,42,ROCKHAMPTON,KEPPEL
4701,3,3 BR DETACHED HOUSE,27/05/2019,6/06/2019,17/06/2019,RGS,206,10,11,21,ROCKHAMPTON,KEPPEL
4701,2,2 BR DUPLEX,19/03/2019,29/03/2019,1/04/2019,RGS,206,10,3,13,ROCKHAMPTON,KEPPEL
4701,1,1 BR APARTMENT,2/01/2019,15/01/2019,18/01/2019,RGS,206,13,3,16,ROCKHAMPTON,ROCKHAMPTON
4701,1,1 BR APARTMENT,6/09/2018,20/09/2018,24/09/2018,RGS,206,14,4,18,ROCKHAMPTON,ROCKHAMPTON
4701,1,1 BR APARTMENT,8/10/2018,23/10/2018,1/11/2018,RGS,206,15,9,24,ROCKHAMPTON,ROCKHAMPTON
4700,1,1 BR APARTMENT,13/08/2018,27/08/2018,20/09/2018,RGS,206,14,24,38,ROCKHAMPTON,ROCKHAMPTON
4700,1,1 BR APARTMENT,22/02/2019,5/03/2019,11/03/2019,RGS,206,11,6,17,ROCKHAMPTON,ROCKHAMPTON
4700,2,2 BR APARTMENT,16/11/2018,3/12/2018,13/12/2018,RGS,206,17,10,27,ROCKHAMPTON,ROCKHAMPTON
4700,1,1 BR APARTMENT,3/01/2019,18/01/2019,6/02/2019,RGS,206,15,19,34,ROCKHAMPTON,ROCKHAMPTON
4701,1,1 BR SENIOR UNIT,5/03/2019,15/03/2019,10/04/2019,SNR,206,10,26,36,ROCKHAMPTON,ROCKHAMPTON
4701,1,1 BR SENIOR UNIT,25/09/2018,15/10/2018,5/11/2018,SNR,206,20,21,41,ROCKHAMPTON,ROCKHAMPTON
4701,2,2 BR APARTMENT,30/07/2018,10/08/2018,23/08/2018,RGS,206,11,13,24,ROCKHAMPTON,ROCKHAMPTON
4701,2,2 BR APARTMENT,30/08/2018,11/09/2018,2/10/2018,RGS,206,12,21,33,ROCKHAMPTON,ROCKHAMPTON
4700,2,2 BR APARTMENT,16/10/2018,5/11/2018,10/12/2018,RGS,206,20,35,55,ROCKHAMPTON,ROCKHAMPTON
4701,1,1 BR APARTMENT,11/04/2019,23/04/2019,7/05/2019,RGS,206,12,14,26,ROCKHAMPTON,ROCKHAMPTON
4701,2,2 BR ATTACHED HOUSING,4/03/2019,14/03/2019,15/03/2019,RGS,206,10,1,11,ROCKHAMPTON,ROCKHAMPTON
4701,2,2 BR ATTACHED HOUSING,21/12/2018,14/01/2019,4/02/2019,RGS,206,24,21,45,ROCKHAMPTON,ROCKHAMPTON
4700,2,2 BR ATTACHED HOUSING,19/12/2018,9/01/2019,4/02/2019,RGS,206,21,26,47,ROCKHAMPTON,ROCKHAMPTON
4701,2,2 BR DUPLEX,11/07/2018,10/09/2018,11/09/2018,RGS,206,61,1,62,ROCKHAMPTON,ROCKHAMPTON
4701,2,2 BR DUPLEX,11/07/2018,10/09/2018,27/09/2018,RGS,206,61,17,78,ROCKHAMPTON,ROCKHAMPTON
4700,3,3 BR DETACHED HOUSE,24/09/2018,10/10/2018,16/10/2018,RGS,206,16,6,22,ROCKHAMPTON,ROCKHAMPTON
4700,3,3 BR DETACHED HOUSE,20/12/2018,9/01/2019,18/01/2019,RGS,206,20,9,29,ROCKHAMPTON,ROCKHAMPTON
4700,3,3 BR DETACHED HOUSE,20/12/2018,10/01/2019,14/01/2019,RGS,206,21,4,25,ROCKHAMPTON,ROCKHAMPTON
4701,3,3 BR DETACHED HOUSE,6/03/2019,19/03/2019,27/03/2019,RGS,206,13,8,21,ROCKHAMPTON,ROCKHAMPTON
4701,3,3 BR DETACHED HOUSE,13/03/2019,25/03/2019,10/04/2019,RGS,206,12,16,28,ROCKHAMPTON,KEPPEL
4701,3,3 BR DETACHED HOUSE,24/12/2018,29/01/2019,31/01/2019,RGS,206,36,2,38,ROCKHAMPTON,KEPPEL
4701,2,2 BR DUPLEX,22/08/2018,31/08/2018,6/09/2018,AHG,206,9,6,15,ROCKHAMPTON,ROCKHAMPTON
4701,3,3 BR DETACHED HOUSE,9/08/2018,17/08/2018,23/08/2018,AHG,206,8,6,14,ROCKHAMPTON,ROCKHAMPTON
4701,4,4 BR DETACHED HOUSE,24/01/2019,26/02/2019,6/03/2019,AHG,206,33,8,41,ROCKHAMPTON,ROCKHAMPTON
4700,2,2 BR DETACHED HOUSE,29/11/2018,17/12/2018,20/12/2018,AHG,206,18,3,21,ROCKHAMPTON,ROCKHAMPTON
4700,3,3 BR DETACHED HOUSE,7/01/2019,24/01/2019,30/01/2019,AHG,206,17,6,23,ROCKHAMPTON,ROCKHAMPTON
4701,3,3 BR DETACHED HOUSE,15/10/2018,5/11/2018,15/11/2018,AHG,206,21,10,31,ROCKHAMPTON,ROCKHAMPTON
4700,3,3 BR DETACHED HOUSE,20/09/2018,4/10/2018,11/10/2018,AHG,206,14,7,21,ROCKHAMPTON,ROCKHAMPTON
4701,3,3 BR DETACHED HOUSE,24/12/2018,17/01/2019,6/02/2019,AHG,206,24,20,44,ROCKHAMPTON,KEPPEL
4700,3,3 BR DETACHED HOUSE,24/04/2019,7/05/2019,20/05/2019,AHG,206,13,13,26,ROCKHAMPTON,ROCKHAMPTON
4701,3,3 BR DETACHED HOUSE,7/05/2019,17/05/2019,17/05/2019,AHG,206,10,0,10,ROCKHAMPTON,ROCKHAMPTON
4701,3,3 BR DETACHED HOUSE,2/11/2018,13/12/2018,9/01/2019,AHG,206,41,27,68,ROCKHAMPTON,ROCKHAMPTON
4700,2,2 BR DETACHED HOUSE,25/06/2018,6/07/2018,19/07/2018,AHG,206,11,13,24,ROCKHAMPTON,ROCKHAMPTON
4701,3,3 BR DETACHED HOUSE,16/08/2018,2/10/2018,3/10/2018,AHG,206,47,1,48,ROCKHAMPTON,ROCKHAMPTON
4701,3,3 BR DETACHED HOUSE,14/09/2018,5/10/2018,18/10/2018,AHG,206,21,13,34,ROCKHAMPTON,ROCKHAMPTON
4701,3,3 BR DETACHED HOUSE,30/01/2019,11/02/2019,18/02/2019,AHG,206,12,7,19,ROCKHAMPTON,ROCKHAMPTON
4701,3,3 BR DETACHED HOUSE,29/06/2018,30/07/2018,31/07/2018,AHG,206,31,1,32,ROCKHAMPTON,KEPPEL
4701,3,3 BR DETACHED HOUSE,2/07/2018,2/08/2018,3/08/2018,AHG,206,31,1,32,ROCKHAMPTON,KEPPEL
4701,3,3 BR DETACHED HOUSE,25/06/2018,17/07/2018,3/08/2018,AHG,206,22,17,39,ROCKHAMPTON,KEPPEL
4701,3,3 BR DETACHED HOUSE,24/01/2019,13/02/2019,15/02/2019,AHG,206,20,2,22,ROCKHAMPTON,ROCKHAMPTON
4702,6,6 BR DETACHED HOUSE,16/01/2019,31/01/2019,15/02/2019,AHG,206,15,15,30,ROCKHAMPTON,KEPPEL
4701,4,4 BR DETACHED HOUSE,24/01/2019,27/02/2019,28/02/2019,RGS,206,34,1,35,ROCKHAMPTON,ROCKHAMPTON
4701,3,3 BR DETACHED HOUSE,24/04/2019,7/05/2019,21/05/2019,RGS,206,13,14,27,ROCKHAMPTON,KEPPEL
4701,4,4 BR DETACHED HOUSE,18/01/2019,6/02/2019,1/03/2019,AHG,206,19,23,42,ROCKHAMPTON,ROCKHAMPTON
4701,4,4 BR DETACHED HOUSE,7/03/2019,8/03/2019,19/03/2019,AHG,206,1,11,12,ROCKHAMPTON,ROCKHAMPTON
4701,3,3 BR DETACHED HOUSE,3/05/2019,14/05/2019,15/05/2019,RGS,206,11,1,12,ROCKHAMPTON,KEPPEL
4701,5,5 BR DETACHED HOUSE,13/03/2019,28/03/2019,3/04/2019,RGS,206,15,6,21,ROCKHAMPTON,KEPPEL
4303,3,3 BR DETACHED HOUSE,22/11/2018,23/01/2019,5/02/2019,RGS,102,62,13,75,IPSWICH,BUNDAMBA
4303,3,3 BR DETACHED HOUSE,12/02/2019,21/02/2019,1/04/2019,RGS,102,9,39,48,IPSWICH,BUNDAMBA
4303,3,3 BR DETACHED HOUSE,22/06/2018,16/07/2018,25/07/2018,RGS,102,24,9,33,IPSWICH,BUNDAMBA
4303,4,4 BR DETACHED HOUSE,4/12/2018,21/12/2018,4/02/2019,RGS,102,17,45,62,IPSWICH,BUNDAMBA
4303,4,4 BR DETACHED HOUSE,19/11/2018,5/12/2018,24/12/2018,RGS,102,16,19,35,IPSWICH,BUNDAMBA
4303,3,3 BR DETACHED HOUSE,26/09/2018,11/10/2018,25/10/2018,RGS,102,15,14,29,IPSWICH,BUNDAMBA
4303,4,4 BR DETACHED HOUSE,1/03/2019,21/03/2019,28/03/2019,RGS,102,20,7,27,IPSWICH,BUNDAMBA
4303,4,4 BR DETACHED HOUSE,9/07/2018,15/08/2018,16/08/2018,RGS,102,37,1,38,IPSWICH,BUNDAMBA
4303,4,4 BR DETACHED HOUSE,21/09/2018,11/10/2018,12/10/2018,RGS,102,20,1,21,IPSWICH,BUNDAMBA
4303,3,3 BR DETACHED HOUSE,3/12/2018,11/01/2019,23/01/2019,RGS,102,39,12,51,IPSWICH,BUNDAMBA
4303,4,4 BR DETACHED HOUSE,19/03/2019,1/04/2019,16/05/2019,RGS,102,13,45,58,IPSWICH,BUNDAMBA
4303,3,3 BR DETACHED HOUSE,13/11/2018,23/11/2018,30/11/2018,RGS,102,10,7,17,IPSWICH,BUNDAMBA
4303,3,3 BR DETACHED HOUSE,9/08/2018,26/09/2018,24/01/2019,RGS,102,48,120,168,IPSWICH,BUNDAMBA
4303,1,1 BR SENIOR UNIT,12/09/2018,24/09/2018,3/12/2018,SNR,102,12,70,82,IPSWICH,BUNDAMBA
4303,2,2 BR SENIOR UNIT,26/09/2018,3/10/2018,7/11/2018,SNR,102,7,35,42,IPSWICH,BUNDAMBA
4737,3,3 BR DETACHED HOUSE,9/05/2019,14/05/2019,22/05/2019,RGS,203,5,8,13,MACKAY,MIRANI
4737,2,2 BR DUPLEX,23/05/2019,6/06/2019,11/06/2019,RGS,203,14,5,19,MACKAY,MIRANI
4737,2,2 BR DUPLEX,24/12/2018,15/01/2019,22/01/2019,RGS,203,22,7,29,MACKAY,MIRANI
4737,3,3 BR DETACHED HOUSE,17/12/2018,15/01/2019,18/01/2019,AHG,203,29,3,32,MACKAY,MIRANI
4655,3,3 BR DETACHED HOUSE,30/11/2018,11/12/2018,9/01/2019,RGS,213,11,29,40,FRASER COAST,HERVEY BAY
4655,1,1 BR APARTMENT,5/10/2018,16/10/2018,23/10/2018,RGS,213,11,7,18,FRASER COAST,HERVEY BAY
4655,1,1 BR APARTMENT,17/08/2018,31/08/2018,4/09/2018,RGS,213,14,4,18,FRASER COAST,HERVEY BAY
4655,1,1 BR SENIOR UNIT,20/11/2018,30/11/2018,19/12/2018,SNR,213,10,19,29,FRASER COAST,HERVEY BAY
4567,2,2 BR ATTACHED HOUSING,11/10/2018,31/10/2018,27/11/2018,RGS,205,20,27,47,NOOSA,NOOSA
4567,2,2 BR ATTACHED HOUSING,29/11/2018,10/12/2018,20/12/2018,RGS,205,11,10,21,NOOSA,NOOSA
4567,2,2 BR ATTACHED HOUSING,7/11/2018,19/11/2018,27/11/2018,RGS,205,12,8,20,NOOSA,NOOSA
4750,4,4 BR DETACHED HOUSE,14/01/2019,23/01/2019,24/01/2019,RGS,203,9,1,10,MACKAY,WHITSUNDAY
4750,3,3 BR DETACHED HOUSE,10/07/2018,10/07/2018,11/07/2018,RGS,203,0,1,1,MACKAY,WHITSUNDAY
4556,3,3 BR DETACHED HOUSE,3/04/2019,17/04/2019,3/05/2019,RGS,205,14,16,30,SUNSHINE COAST,BUDERIM
4127,3,3 BR DETACHED HOUSE,13/05/2019,28/05/2019,4/06/2019,RGS,101,15,7,22,LOGAN,WATERFORD
4127,3,3 BR DETACHED HOUSE,24/04/2019,10/05/2019,22/05/2019,RGS,101,16,12,28,LOGAN,WATERFORD
4127,3,3 BR DETACHED HOUSE,28/11/2018,20/12/2018,2/01/2019,RGS,101,22,13,35,LOGAN,WATERFORD
4127,3,3 BR DETACHED HOUSE,23/04/2019,13/05/2019,15/05/2019,RGS,101,20,2,22,LOGAN,WATERFORD
4127,3,3 BR DETACHED HOUSE,22/05/2019,7/06/2019,12/06/2019,RGS,101,16,5,21,LOGAN,WATERFORD
4127,3,3 BR DETACHED HOUSE,8/01/2019,4/02/2019,15/02/2019,RGS,101,27,11,38,LOGAN,WATERFORD
4127,3,3 BR CLUSTER HOUSING,21/12/2018,18/01/2019,29/01/2019,RGS,101,28,11,39,LOGAN,WATERFORD
4127,3,3 BR CLUSTER HOUSING,29/01/2019,29/01/2019,25/02/2019,RGS,101,0,27,27,LOGAN,WATERFORD
4127,3,3 BR CLUSTER HOUSING,1/03/2019,13/03/2019,21/03/2019,RGS,101,12,8,20,LOGAN,WATERFORD
4127,3,3 BR CLUSTER HOUSING,29/10/2018,21/11/2018,27/11/2018,RGS,101,23,6,29,LOGAN,WATERFORD
4127,3,3 BR CLUSTER HOUSING,31/01/2019,14/02/2019,22/02/2019,RGS,101,14,8,22,LOGAN,WATERFORD
4127,3,3 BR DETACHED HOUSE,6/02/2019,15/02/2019,19/02/2019,RGS,101,9,4,13,LOGAN,WATERFORD
4127,4,4 BR DETACHED HOUSE,22/02/2019,14/03/2019,19/03/2019,RGS,101,20,5,25,LOGAN,WATERFORD
4215,1,1 BR APARTMENT,22/03/2019,1/04/2019,3/05/2019,RGS,204,10,32,42,GOLD COAST,SOUTHPORT
4215,1,1 BR APARTMENT,24/08/2018,5/09/2018,24/09/2018,RGS,204,12,19,31,GOLD COAST,SOUTHPORT
4215,1,1 BR SENIOR UNIT,22/03/2019,3/04/2019,2/05/2019,SNR,204,12,29,41,GOLD COAST,SOUTHPORT
4215,1,1 BR SENIOR UNIT,10/04/2019,30/04/2019,16/05/2019,SNR,204,20,16,36,GOLD COAST,SOUTHPORT
4215,1,1 BR SENIOR UNIT,24/08/2018,4/09/2018,14/09/2018,SNR,204,11,10,21,GOLD COAST,SOUTHPORT
4215,4,4 BR DETACHED HOUSE,4/09/2018,13/09/2018,18/10/2018,RGS,204,9,35,44,GOLD COAST,SOUTHPORT
4215,3,3 BR DETACHED HOUSE,17/12/2018,14/01/2019,31/01/2019,RGS,204,28,17,45,GOLD COAST,SOUTHPORT
4215,2,2 BR DUPLEX,13/03/2019,21/03/2019,4/04/2019,RGS,204,8,14,22,GOLD COAST,SOUTHPORT
4215,1,1 BR SENIOR UNIT,8/02/2019,22/02/2019,15/03/2019,SNR,204,14,21,35,GOLD COAST,SOUTHPORT
4215,1,1 BR SENIOR UNIT,14/03/2019,26/03/2019,23/04/2019,SNR,204,12,28,40,GOLD COAST,BONNEY
4215,1,1 BR SENIOR UNIT,5/11/2018,13/11/2018,15/11/2018,SNR,204,8,2,10,GOLD COAST,BONNEY
4214,3,3 BR DETACHED HOUSE,20/02/2019,11/03/2019,20/03/2019,RGS,204,19,9,28,GOLD COAST,SOUTHPORT
4214,3,3 BR DETACHED HOUSE,28/11/2018,13/12/2018,17/12/2018,RGS,204,15,4,19,GOLD COAST,SOUTHPORT
4214,3,3 BR CLUSTER HOUSING,3/10/2018,17/10/2018,29/11/2018,RGS,204,14,43,57,GOLD COAST,SOUTHPORT
4214,3,3 BR CLUSTER HOUSING,12/12/2018,4/01/2019,4/01/2019,RGS,204,23,0,23,GOLD COAST,SOUTHPORT
4214,2,2 BR CLUSTER HOUSING,14/01/2019,24/01/2019,19/02/2019,RGS,204,10,26,36,GOLD COAST,SOUTHPORT
4214,3,3 BR DETACHED HOUSE,18/03/2019,1/04/2019,11/04/2019,RGS,204,14,10,24,GOLD COAST,SOUTHPORT
4214,3,3 BR CLUSTER HOUSING,22/10/2018,31/10/2018,8/11/2018,RGS,204,9,8,17,GOLD COAST,SOUTHPORT
4215,1,1 BR APARTMENT,28/05/2018,19/07/2018,24/07/2018,RGS,204,52,5,57,GOLD COAST,SOUTHPORT
4215,2,2 BR APARTMENT,9/04/2013,16/05/2019,11/06/2019,RGS,204,2228,26,2254,GOLD COAST,SOUTHPORT
4215,1,1 BR APARTMENT,19/06/2018,27/06/2018,7/08/2018,RGS,204,8,41,49,GOLD COAST,SOUTHPORT
4215,1,1 BR APARTMENT,15/08/2018,23/08/2018,6/09/2018,RGS,204,8,14,22,GOLD COAST,SOUTHPORT
4215,1,1 BR APARTMENT,9/11/2018,21/11/2018,22/11/2018,RGS,204,12,1,13,GOLD COAST,SOUTHPORT
4215,2,2 BR ATTACHED HOUSING,18/10/2018,30/10/2018,30/10/2018,RGS,204,12,0,12,GOLD COAST,SOUTHPORT
4215,1,1 BR SENIOR UNIT,18/12/2018,14/01/2019,25/01/2019,SNR,204,27,11,38,GOLD COAST,BONNEY
4215,1,1 BR SENIOR UNIT,24/05/2019,4/06/2019,21/06/2019,SNR,204,11,17,28,GOLD COAST,BONNEY
4215,1,1 BR SENIOR UNIT,8/10/2018,17/10/2018,18/10/2018,SNR,204,9,1,10,GOLD COAST,BONNEY
4215,1,1 BR APARTMENT,5/06/2018,19/06/2018,10/07/2018,RGS,204,14,21,35,GOLD COAST,SOUTHPORT
4215,1,1 BR SENIOR UNIT,3/01/2019,14/01/2019,30/01/2019,SNR,204,11,16,27,GOLD COAST,SOUTHPORT
4215,1,1 BR APARTMENT,15/02/2019,28/02/2019,22/03/2019,RGS,204,13,22,35,GOLD COAST,SOUTHPORT
4215,1,1 BR SENIOR UNIT,30/11/2018,13/12/2018,17/01/2019,SNR,204,13,35,48,GOLD COAST,SOUTHPORT
4215,1,1 BR SENIOR UNIT,29/11/2018,6/12/2018,19/12/2018,SNR,204,7,13,20,GOLD COAST,SOUTHPORT
4215,1,1 BR SENIOR UNIT,5/07/2018,18/07/2018,25/07/2018,SNR,204,13,7,20,GOLD COAST,SOUTHPORT
4215,1,1 BR SENIOR UNIT,1/08/2018,9/08/2018,17/08/2018,SNR,204,8,8,16,GOLD COAST,SOUTHPORT
4215,1,1 BR SENIOR UNIT,4/09/2018,13/09/2018,28/09/2018,SNR,204,9,15,24,GOLD COAST,SOUTHPORT
4215,2,2 BR ATTACHED HOUSING,17/07/2018,25/07/2018,7/08/2018,RGS,204,8,13,21,GOLD COAST,SOUTHPORT
4215,1,1 BR APARTMENT,24/10/2018,31/10/2018,26/11/2018,RGS,204,7,26,33,GOLD COAST,BONNEY
4215,1,1 BR SENIOR UNIT,16/04/2019,30/04/2019,8/05/2019,SNR,204,14,8,22,GOLD COAST,SOUTHPORT
4215,2,2 BR ATTACHED HOUSING,26/10/2018,6/11/2018,23/11/2018,RGS,204,11,17,28,GOLD COAST,SOUTHPORT
4215,1,1 BR SENIOR UNIT,27/07/2018,10/08/2018,28/08/2018,SNR,204,14,18,32,GOLD COAST,BONNEY
4215,1,1 BR SENIOR UNIT,9/11/2018,21/11/2018,26/11/2018,SNR,204,12,5,17,GOLD COAST,SOUTHPORT
4215,1,1 BR SENIOR UNIT,10/07/2018,17/07/2018,22/08/2018,SNR,204,7,36,43,GOLD COAST,SOUTHPORT
4215,1,1 BR SENIOR UNIT,13/03/2019,26/03/2019,1/04/2019,SNR,204,13,6,19,GOLD COAST,SOUTHPORT
4215,2,2 BR DUPLEX,13/12/2018,7/01/2019,8/03/2019,RGS,204,25,60,85,GOLD COAST,SOUTHPORT
4128,2,2 BR APARTMENT,29/11/2018,6/12/2018,10/12/2018,RGS,101,7,4,11,LOGAN,SPRINGWOOD
4128,2,2 BR APARTMENT,18/03/2019,27/03/2019,10/04/2019,RGS,101,9,14,23,LOGAN,SPRINGWOOD
4722,3,3 BR DETACHED HOUSE,26/02/2018,25/05/2018,7/12/2018,RGS,211,88,196,284,CENTRAL HIGHLANDS,GREGORY
4722,3,3 BR DETACHED HOUSE,1/11/2017,14/12/2017,11/04/2019,RGS,211,43,483,526,CENTRAL HIGHLANDS,GREGORY
4722,3,3 BR DETACHED HOUSE,1/11/2017,14/12/2017,22/03/2019,AHG,211,43,463,506,CENTRAL HIGHLANDS,GREGORY
4380,3,3 BR DETACHED HOUSE,25/10/2018,25/10/2018,25/10/2018,RGS,207,0,0,0,SOUTHERN DOWNS,SOUTHERN DOWNS
4380,2,2 BR DUPLEX,23/10/2018,2/11/2018,13/11/2018,RGS,207,10,11,21,SOUTHERN DOWNS,SOUTHERN DOWNS
4380,2,2 BR DUPLEX,30/04/2019,1/05/2019,1/05/2019,RGS,207,1,0,1,SOUTHERN DOWNS,SOUTHERN DOWNS
4380,2,2 BR DUPLEX,1/05/2019,10/05/2019,10/06/2019,RGS,207,9,31,40,SOUTHERN DOWNS,SOUTHERN DOWNS
4380,3,3 BR DETACHED HOUSE,2/07/2018,12/07/2018,5/09/2018,RGS,207,10,55,65,SOUTHERN DOWNS,SOUTHERN DOWNS
4380,1,1 BR SENIOR UNIT,23/11/2018,30/11/2018,6/12/2018,SNR,207,7,6,13,SOUTHERN DOWNS,SOUTHERN DOWNS
4487,3,3 BR DETACHED HOUSE,11/03/2019,21/03/2019,15/04/2019,RGS,207,10,25,35,BALONNE,WARREGO
4487,3,3 BR DETACHED HOUSE,1/03/2019,14/03/2019,15/03/2019,RGS,207,13,1,14,BALONNE,WARREGO
4487,3,3 BR DETACHED HOUSE,26/02/2019,8/03/2019,13/03/2019,RGS,207,10,5,15,BALONNE,WARREGO
4487,3,3 BR ATTACHED HOUSING,20/08/2018,30/08/2018,1/11/2018,RGS,207,10,63,73,BALONNE,WARREGO
4487,3,3 BR ATTACHED HOUSING,12/06/2018,22/06/2018,4/07/2018,RGS,207,10,12,22,BALONNE,WARREGO
4487,3,3 BR ATTACHED HOUSING,3/06/2019,20/06/2019,27/06/2019,RGS,207,17,7,24,BALONNE,WARREGO
4487,3,3 BR ATTACHED HOUSING,27/08/2018,6/09/2018,11/03/2019,RGS,207,10,186,196,BALONNE,WARREGO
4487,2,2 BR CLUSTER HOUSING,17/12/2018,20/12/2018,20/12/2018,RGS,207,3,0,3,BALONNE,WARREGO
4487,1,1 BR SENIOR UNIT,16/01/2019,25/01/2019,6/02/2019,SNR,207,9,12,21,BALONNE,WARREGO
4487,2,2 BR CLUSTER HOUSING,15/06/2018,22/06/2018,6/07/2018,RGS,207,7,14,21,BALONNE,WARREGO
4487,3,3 BR DETACHED HOUSE,11/06/2018,21/06/2018,7/08/2018,RGS,207,10,47,57,BALONNE,WARREGO
4487,4,4 BR DETACHED HOUSE,17/07/2018,27/07/2018,3/08/2018,AHG,207,10,7,17,BALONNE,WARREGO
4487,2,2 BR DUPLEX,27/02/2019,8/03/2019,15/03/2019,AHG,207,9,7,16,BALONNE,WARREGO
4487,2,2 BR DUPLEX,9/01/2019,17/01/2019,7/03/2019,AHG,207,8,49,57,BALONNE,WARREGO
4487,3,3 BR DETACHED HOUSE,10/08/2018,21/08/2018,4/09/2018,AHG,207,11,14,25,BALONNE,WARREGO
4487,3,3 BR DETACHED HOUSE,2/04/2019,12/04/2019,14/05/2019,AHG,207,10,32,42,BALONNE,WARREGO
4227,3,3 BR ATTACHED HOUSING,9/11/2018,7/03/2019,8/03/2019,RGS,204,118,1,119,GOLD COAST,BURLEIGH
4227,1,1 BR SENIOR UNIT,4/09/2018,12/09/2018,21/09/2018,SNR,204,8,9,17,GOLD COAST,BURLEIGH
4227,1,1 BR SENIOR UNIT,7/11/2018,14/11/2018,6/12/2018,SNR,204,7,22,29,GOLD COAST,BURLEIGH
4227,1,1 BR SENIOR UNIT,10/10/2018,17/10/2018,23/10/2018,SNR,204,7,6,13,GOLD COAST,BURLEIGH
4227,3,3 BR ATTACHED HOUSING,16/07/2018,16/07/2018,17/07/2018,RGS,204,0,1,1,GOLD COAST,BURLEIGH
4227,3,3 BR ATTACHED HOUSING,1/08/2018,9/08/2018,19/10/2018,RGS,204,8,71,79,GOLD COAST,BURLEIGH
4227,2,2 BR ATTACHED HOUSING,17/07/2018,1/08/2018,8/08/2018,RGS,204,15,7,22,GOLD COAST,BURLEIGH
4227,2,2 BR ATTACHED HOUSING,20/02/2019,1/03/2019,12/03/2019,RGS,204,9,11,20,GOLD COAST,BURLEIGH
4227,2,2 BR ATTACHED HOUSING,15/08/2018,23/08/2018,12/09/2018,RGS,204,8,20,28,GOLD COAST,BURLEIGH
4500,1,1 BR SENIOR UNIT,23/04/2019,3/05/2019,23/05/2019,SNR,103,10,20,30,MORETON BAY,PINE RIVERS
4500,1,1 BR SENIOR UNIT,8/03/2019,22/03/2019,25/03/2019,SNR,103,14,3,17,MORETON BAY,PINE RIVERS
4500,1,1 BR SENIOR UNIT,9/10/2018,10/10/2018,1/11/2018,SNR,103,1,22,23,MORETON BAY,PINE RIVERS
4500,1,1 BR SENIOR UNIT,12/09/2018,25/09/2018,9/10/2018,SNR,103,13,14,27,MORETON BAY,PINE RIVERS
4500,1,1 BR SENIOR UNIT,3/07/2018,17/07/2018,7/08/2018,SNR,103,14,21,35,MORETON BAY,PINE RIVERS
4500,2,2 BR ATTACHED HOUSING,3/12/2018,14/12/2018,18/12/2018,RGS,103,11,4,15,MORETON BAY,PINE RIVERS
4500,2,2 BR ATTACHED HOUSING,5/03/2019,15/03/2019,26/03/2019,RGS,103,10,11,21,MORETON BAY,PINE RIVERS
4500,2,2 BR ATTACHED HOUSING,15/11/2018,29/11/2018,3/12/2018,RGS,103,14,4,18,MORETON BAY,PINE RIVERS
4478,3,3 BR DETACHED HOUSE,25/05/2018,4/01/2019,4/01/2019,RGS,211,224,0,224,BLACKALL TAMBO,GREGORY
4662,3,3 BR DETACHED HOUSE,10/09/2018,19/09/2018,20/09/2018,RGS,213,9,1,10,FRASER COAST,MARYBOROUGH
4875,3,3 BR ATTACHED HOUSING,13/06/2018,26/06/2018,11/07/2018,AHG,210,13,15,28,TORRES,COOK
4875,2,2 BR ATTACHED HOUSING,7/01/2019,11/02/2019,21/02/2019,AHG,210,35,10,45,TORRES,COOK
4875,2,2 BR ATTACHED HOUSING,7/01/2019,7/01/2019,7/01/2019,AHG,210,0,0,0,TORRES,COOK
4875,3,3 BR ATTACHED HOUSING,14/03/2019,29/03/2019,29/03/2019,AHG,210,15,0,15,TORRES,COOK
4875,2,2 BR DUPLEX,10/12/2018,20/12/2018,20/12/2018,AHG,210,10,0,10,TORRES,COOK
4565,1,1 BR SENIOR UNIT,1/11/2018,13/11/2018,14/12/2018,SNR,205,12,31,43,NOOSA,NOOSA
4565,1,1 BR SENIOR UNIT,13/03/2019,29/03/2019,17/04/2019,SNR,205,16,19,35,NOOSA,NOOSA
4565,1,1 BR SENIOR UNIT,2/04/2019,15/04/2019,7/05/2019,SNR,205,13,22,35,NOOSA,NOOSA
4565,2,2 BR ATTACHED HOUSING,3/01/2019,9/01/2019,9/01/2019,RGS,205,6,0,6,NOOSA,NOOSA
4565,2,2 BR ATTACHED HOUSING,8/05/2019,17/05/2019,4/06/2019,RGS,205,9,18,27,NOOSA,NOOSA
4565,2,2 BR ATTACHED HOUSING,8/05/2019,8/05/2019,8/05/2019,RGS,205,0,0,0,NOOSA,NOOSA
4565,1,1 BR APARTMENT,5/06/2019,7/06/2019,11/06/2019,RGS,205,2,4,6,NOOSA,NOOSA
4565,1,1 BR APARTMENT,2/05/2019,17/05/2019,31/05/2019,RGS,205,15,14,29,NOOSA,NOOSA
4565,1,1 BR APARTMENT,4/12/2018,14/12/2018,8/01/2019,RGS,205,10,25,35,NOOSA,NOOSA
4565,3,3 BR DETACHED HOUSE,16/11/2018,18/12/2018,14/01/2019,RGS,205,32,27,59,NOOSA,NOOSA
4565,1,1 BR SENIOR UNIT,17/08/2018,29/08/2018,17/09/2018,SNR,205,12,19,31,NOOSA,NOOSA
4565,4,4 BR DETACHED HOUSE,5/07/2018,18/07/2018,3/08/2018,RGS,205,13,16,29,NOOSA,NOOSA
4565,3,3 BR DETACHED HOUSE,5/02/2019,26/02/2019,5/03/2019,RGS,205,21,7,28,NOOSA,NOOSA
4565,3,3 BR DETACHED HOUSE,23/08/2018,24/08/2018,24/08/2018,RGS,205,1,0,1,NOOSA,NOOSA
4385,2,2 BR DETACHED HOUSE,3/04/2018,13/04/2018,16/08/2018,RGS,207,10,125,135,GOONDIWINDI,SOUTHERN DOWNS
4385,4,4 BR DETACHED HOUSE,7/12/2018,17/12/2018,30/01/2019,RGS,207,10,44,54,GOONDIWINDI,SOUTHERN DOWNS
4716,3,3 BR DETACHED HOUSE,27/05/2019,27/05/2019,27/05/2019,RGS,206,0,0,0,BANANA,CALLIDE
4164,3,3 BR DETACHED HOUSE,5/12/2018,11/01/2019,24/01/2019,RGS,106,37,13,50,REDLAND,REDLANDS
4164,3,3 BR DETACHED HOUSE,15/10/2018,2/11/2018,7/11/2018,RGS,106,18,5,23,REDLAND,REDLANDS
4164,3,3 BR DETACHED HOUSE,14/02/2019,7/03/2019,8/03/2019,RGS,106,21,1,22,REDLAND,REDLANDS
4158,3,3 BR DETACHED HOUSE,2/01/2019,29/01/2019,31/01/2019,RGS,106,27,2,29,REDLAND,CAPALABA
4158,2,2 BR CLUSTER HOUSING,11/09/2018,27/09/2018,3/10/2018,RGS,106,16,6,22,REDLAND,CAPALABA
4580,1,1 BR SENIOR UNIT,18/06/2018,27/06/2018,5/07/2018,SNR,205,9,8,17,GYMPIE,GYMPIE
4580,1,1 BR SENIOR UNIT,10/01/2019,21/01/2019,27/02/2019,SNR,205,11,37,48,GYMPIE,GYMPIE
4580,1,1 BR SENIOR UNIT,1/08/2018,20/08/2018,7/09/2018,SNR,205,19,18,37,GYMPIE,GYMPIE
4213,3,3 BR DETACHED HOUSE,25/01/2019,8/02/2019,18/02/2019,RGS,204,14,10,24,GOLD COAST,MUDGEERABA
4128,3,3 BR ATTACHED HOUSING,15/04/2019,1/05/2019,2/05/2019,RGS,101,16,1,17,LOGAN,WATERFORD
4128,2,2 BR CLUSTER HOUSING,1/04/2019,9/04/2019,17/04/2019,RGS,101,8,8,16,LOGAN,WATERFORD
4680,2,2 BR DUAL OCCUPANCY,10/09/2018,13/11/2018,21/11/2018,RGS,212,64,8,72,GLADSTONE,GLADSTONE
4680,3,3 BR DETACHED HOUSE,27/06/2018,10/07/2018,19/07/2018,RGS,212,13,9,22,GLADSTONE,GLADSTONE
4680,1,1 BR SENIOR UNIT,1/11/2017,17/11/2017,19/09/2018,SNR,212,16,306,322,GLADSTONE,GLADSTONE
4680,1,1 BR SENIOR UNIT,13/08/2018,3/09/2018,14/06/2019,SNR,212,21,284,305,GLADSTONE,GLADSTONE
4680,2,2 BR APARTMENT,18/04/2018,5/06/2018,26/07/2018,RGS,212,48,51,99,GLADSTONE,GLADSTONE
4680,2,2 BR APARTMENT,6/12/2018,21/12/2018,5/03/2019,RGS,212,15,74,89,GLADSTONE,GLADSTONE
4680,2,2 BR APARTMENT,18/05/2018,4/06/2018,4/09/2018,RGS,212,17,92,109,GLADSTONE,GLADSTONE
4655,3,3 BR CLUSTER HOUSING,29/01/2019,12/04/2019,2/05/2019,RGS,213,73,20,93,FRASER COAST,HERVEY BAY
4655,3,3 BR CLUSTER HOUSING,5/10/2018,26/10/2018,9/11/2018,RGS,213,21,14,35,FRASER COAST,HERVEY BAY
4655,3,3 BR CLUSTER HOUSING,10/09/2018,20/09/2018,21/09/2018,RGS,213,10,1,11,FRASER COAST,HERVEY BAY
4655,2,2 BR ATTACHED HOUSING,23/11/2018,7/12/2018,13/12/2018,RGS,213,14,6,20,FRASER COAST,HERVEY BAY
4655,2,2 BR ATTACHED HOUSING,8/02/2019,15/02/2019,18/02/2019,RGS,213,7,3,10,FRASER COAST,HERVEY BAY
4655,2,2 BR ATTACHED HOUSING,24/08/2018,12/09/2018,13/09/2018,RGS,213,19,1,20,FRASER COAST,HERVEY BAY
4655,2,2 BR ATTACHED HOUSING,2/05/2019,14/05/2019,17/05/2019,RGS,213,12,3,15,FRASER COAST,HERVEY BAY
4655,2,2 BR ATTACHED HOUSING,30/10/2018,8/11/2018,13/11/2018,RGS,213,9,5,14,FRASER COAST,HERVEY BAY
4655,1,1 BR APARTMENT,13/02/2019,22/02/2019,22/02/2019,RGS,213,9,0,9,FRASER COAST,HERVEY BAY
4655,4,4 BR DETACHED HOUSE,20/02/2019,6/03/2019,11/03/2019,RGS,213,14,5,19,FRASER COAST,HERVEY BAY
4655,4,4 BR DETACHED HOUSE,14/12/2018,14/01/2019,14/01/2019,RGS,213,31,0,31,FRASER COAST,HERVEY BAY
4655,4,4 BR DETACHED HOUSE,31/01/2019,12/02/2019,13/02/2019,RGS,213,12,1,13,FRASER COAST,HERVEY BAY
4421,2,2 BR DUPLEX,1/11/2017,14/12/2017,10/09/2018,RGS,207,43,270,313,WESTERN DOWNS,WARREGO
4420,4,4 BR DETACHED HOUSE,26/03/2018,2/08/2018,2/08/2018,RGS,206,129,0,129,BANANA,CALLIDE
4420,4,4 BR DETACHED HOUSE,14/03/2019,26/03/2019,24/05/2019,RGS,206,12,59,71,BANANA,CALLIDE
4854,2,2 BR ATTACHED HOUSING,1/05/2019,21/05/2019,28/05/2019,RGS,202,20,7,27,CASSOWARY COAST,HILL
4854,4,4 BR DETACHED HOUSE,7/09/2018,28/09/2018,4/10/2018,AHG,202,21,6,27,CASSOWARY COAST,HILL
4810,2,2 BR APARTMENT,23/01/2019,30/01/2019,14/02/2019,RGS,201,7,15,22,TOWNSVILLE,TOWNSVILLE
4810,2,2 BR APARTMENT,21/06/2018,3/07/2018,17/07/2018,RGS,201,12,14,26,TOWNSVILLE,TOWNSVILLE
4812,2,2 BR DETACHED HOUSE,19/10/2018,30/10/2018,7/11/2018,RGS,201,11,8,19,TOWNSVILLE,MUNDINGBURRA
4812,2,2 BR DETACHED HOUSE,7/12/2018,19/12/2018,20/12/2018,RGS,201,12,1,13,TOWNSVILLE,MUNDINGBURRA
4814,4,4 BR DETACHED HOUSE,26/11/2018,27/11/2018,27/11/2018,RGS,201,1,0,1,TOWNSVILLE,TOWNSVILLE
4814,4,4 BR DETACHED HOUSE,27/11/2018,11/12/2018,17/12/2018,RGS,201,14,6,20,TOWNSVILLE,TOWNSVILLE
4814,4,4 BR DETACHED HOUSE,20/12/2018,21/12/2018,21/12/2018,RGS,201,1,0,1,TOWNSVILLE,TOWNSVILLE
4814,4,4 BR DETACHED HOUSE,29/08/2018,29/08/2018,29/08/2018,RGS,201,0,0,0,TOWNSVILLE,TOWNSVILLE
4814,3,3 BR DETACHED HOUSE,2/11/2018,15/11/2018,21/11/2018,RGS,201,13,6,19,TOWNSVILLE,TOWNSVILLE
4814,3,3 BR DETACHED HOUSE,22/03/2019,2/04/2019,21/05/2019,RGS,201,11,49,60,TOWNSVILLE,TOWNSVILLE
4814,3,3 BR DETACHED HOUSE,22/01/2019,11/02/2019,15/02/2019,RGS,201,20,4,24,TOWNSVILLE,TOWNSVILLE
4810,3,3 BR DETACHED HOUSE,21/02/2019,6/03/2019,15/03/2019,RGS,201,13,9,22,TOWNSVILLE,TOWNSVILLE
4814,3,3 BR DETACHED HOUSE,18/04/2019,18/04/2019,18/04/2019,RGS,201,0,0,0,TOWNSVILLE,MUNDINGBURRA
4814,3,3 BR DETACHED HOUSE,23/04/2019,22/05/2019,27/05/2019,RGS,201,29,5,34,TOWNSVILLE,MUNDINGBURRA
4814,4,4 BR DETACHED HOUSE,9/07/2018,9/07/2018,9/07/2018,RGS,201,0,0,0,TOWNSVILLE,MUNDINGBURRA
4814,4,4 BR DETACHED HOUSE,6/07/2018,9/07/2018,9/07/2018,RGS,201,3,0,3,TOWNSVILLE,MUNDINGBURRA
4814,3,3 BR DETACHED HOUSE,7/02/2019,8/02/2019,26/02/2019,RGS,201,1,18,19,TOWNSVILLE,MUNDINGBURRA
4814,3,3 BR DETACHED HOUSE,31/10/2018,15/11/2018,26/11/2018,RGS,201,15,11,26,TOWNSVILLE,MUNDINGBURRA
4814,4,4 BR DETACHED HOUSE,13/02/2019,25/03/2019,29/03/2019,RGS,201,40,4,44,TOWNSVILLE,MUNDINGBURRA
4814,3,3 BR DETACHED HOUSE,10/05/2019,10/05/2019,10/05/2019,RGS,201,0,0,0,TOWNSVILLE,MUNDINGBURRA
4814,3,3 BR DETACHED HOUSE,13/05/2019,29/05/2019,30/05/2019,RGS,201,16,1,17,TOWNSVILLE,MUNDINGBURRA
4814,3,3 BR DETACHED HOUSE,11/07/2018,26/07/2018,10/08/2018,RGS,201,15,15,30,TOWNSVILLE,MUNDINGBURRA
4814,3,3 BR DETACHED HOUSE,11/07/2018,11/07/2018,11/07/2018,RGS,201,0,0,0,TOWNSVILLE,MUNDINGBURRA
4814,1,1 BR APARTMENT,2/11/2018,13/11/2018,16/11/2018,RGS,201,11,3,14,TOWNSVILLE,MUNDINGBURRA
4814,3,3 BR DETACHED HOUSE,8/05/2019,21/05/2019,28/05/2019,RGS,201,13,7,20,TOWNSVILLE,MUNDINGBURRA
4814,3,3 BR DETACHED HOUSE,21/02/2019,5/03/2019,11/03/2019,RGS,201,12,6,18,TOWNSVILLE,MUNDINGBURRA
4814,4,4 BR DETACHED HOUSE,18/12/2018,4/01/2019,10/01/2019,RGS,201,17,6,23,TOWNSVILLE,MUNDINGBURRA
4814,3,3 BR DETACHED HOUSE,7/11/2018,19/11/2018,27/11/2018,RGS,201,12,8,20,TOWNSVILLE,THURINGOWA
4814,3,3 BR DETACHED HOUSE,20/02/2019,26/03/2019,27/03/2019,RGS,201,34,1,35,TOWNSVILLE,THURINGOWA
4811,3,3 BR DETACHED HOUSE,7/02/2019,8/02/2019,7/03/2019,RGS,201,1,27,28,TOWNSVILLE,MUNDINGBURRA
4817,3,3 BR DETACHED HOUSE,7/02/2019,8/02/2019,11/03/2019,RGS,201,1,31,32,TOWNSVILLE,THURINGOWA
4817,3,3 BR DETACHED HOUSE,25/10/2018,13/11/2018,26/11/2018,RGS,201,19,13,32,TOWNSVILLE,THURINGOWA
4817,3,3 BR DETACHED HOUSE,26/04/2019,8/05/2019,10/05/2019,RGS,201,12,2,14,TOWNSVILLE,THURINGOWA
4817,3,3 BR DETACHED HOUSE,12/03/2019,12/03/2019,12/03/2019,RGS,201,0,0,0,TOWNSVILLE,THURINGOWA
4817,3,3 BR DETACHED HOUSE,27/03/2019,18/04/2019,29/05/2019,RGS,201,22,41,63,TOWNSVILLE,THURINGOWA
4811,1,1 BR SENIOR UNIT,24/10/2018,31/10/2018,22/11/2018,SNR,201,7,22,29,TOWNSVILLE,MUNDINGBURRA
4811,3,3 BR DETACHED HOUSE,16/07/2018,7/08/2018,13/08/2018,RGS,201,22,6,28,TOWNSVILLE,MUNDINGBURRA
4811,3,3 BR DETACHED HOUSE,7/02/2019,8/02/2019,8/02/2019,RGS,201,1,0,1,TOWNSVILLE,MUNDINGBURRA
4814,3,3 BR DETACHED HOUSE,6/07/2018,30/07/2018,31/07/2018,RGS,201,24,1,25,TOWNSVILLE,TOWNSVILLE
4815,3,3 BR DETACHED HOUSE,14/08/2018,22/08/2018,24/08/2018,RGS,201,8,2,10,TOWNSVILLE,THURINGOWA
4815,3,3 BR DETACHED HOUSE,12/04/2019,30/04/2019,31/05/2019,RGS,201,18,31,49,TOWNSVILLE,THURINGOWA
4815,3,3 BR DETACHED HOUSE,30/11/2018,12/12/2018,13/12/2018,RGS,201,12,1,13,TOWNSVILLE,THURINGOWA
4815,3,3 BR DETACHED HOUSE,12/11/2018,21/11/2018,22/11/2018,RGS,201,9,1,10,TOWNSVILLE,THURINGOWA
4814,3,3 BR DETACHED HOUSE,7/01/2019,22/01/2019,25/01/2019,RGS,201,15,3,18,TOWNSVILLE,MUNDINGBURRA
4814,3,3 BR DETACHED HOUSE,29/03/2019,29/03/2019,29/03/2019,RGS,201,0,0,0,TOWNSVILLE,MUNDINGBURRA
4814,3,3 BR DETACHED HOUSE,3/04/2019,15/04/2019,24/04/2019,RGS,201,12,9,21,TOWNSVILLE,MUNDINGBURRA
4817,3,3 BR DETACHED HOUSE,17/10/2018,29/10/2018,7/11/2018,RGS,201,12,9,21,TOWNSVILLE,THURINGOWA
4817,3,3 BR DETACHED HOUSE,7/02/2019,8/02/2019,21/02/2019,RGS,201,1,13,14,TOWNSVILLE,THURINGOWA
4817,3,3 BR DETACHED HOUSE,24/07/2018,31/07/2018,6/08/2018,RGS,201,7,6,13,TOWNSVILLE,THURINGOWA
4814,3,3 BR DETACHED HOUSE,2/11/2018,2/11/2018,2/11/2018,RGS,201,0,0,0,TOWNSVILLE,MUNDINGBURRA
4814,3,3 BR DETACHED HOUSE,24/09/2018,25/09/2018,25/09/2018,RGS,201,1,0,1,TOWNSVILLE,MUNDINGBURRA
4815,3,3 BR DETACHED HOUSE,19/06/2018,6/07/2018,30/07/2018,RGS,201,17,24,41,TOWNSVILLE,THURINGOWA
4815,3,3 BR DETACHED HOUSE,8/10/2018,18/10/2018,22/10/2018,RGS,201,10,4,14,TOWNSVILLE,THURINGOWA
4811,3,3 BR DETACHED HOUSE,8/06/2018,19/06/2018,4/07/2018,RGS,201,11,15,26,TOWNSVILLE,MUNDINGBURRA
4815,3,3 BR DETACHED HOUSE,11/06/2018,19/07/2018,27/07/2018,RGS,201,38,8,46,TOWNSVILLE,THURINGOWA
4815,3,3 BR DETACHED HOUSE,10/09/2018,20/09/2018,9/10/2018,RGS,201,10,19,29,TOWNSVILLE,THURINGOWA
4814,3,3 BR DETACHED HOUSE,24/09/2018,10/10/2018,26/10/2018,RGS,201,16,16,32,TOWNSVILLE,MUNDINGBURRA
4814,3,3 BR DETACHED HOUSE,17/01/2019,17/01/2019,17/01/2019,RGS,201,0,0,0,TOWNSVILLE,MUNDINGBURRA
4814,3,3 BR DETACHED HOUSE,1/02/2019,5/02/2019,6/02/2019,RGS,201,4,1,5,TOWNSVILLE,MUNDINGBURRA
4814,1,1 BR SENIOR UNIT,20/06/2018,22/06/2018,5/07/2018,SNR,201,2,13,15,TOWNSVILLE,TOWNSVILLE
4814,1,1 BR SENIOR UNIT,30/04/2019,15/05/2019,17/05/2019,SNR,201,15,2,17,TOWNSVILLE,TOWNSVILLE
4814,1,1 BR SENIOR UNIT,6/07/2018,16/07/2018,24/07/2018,SNR,201,10,8,18,TOWNSVILLE,TOWNSVILLE
4814,1,1 BR SENIOR UNIT,23/10/2018,31/10/2018,20/11/2018,SNR,201,8,20,28,TOWNSVILLE,TOWNSVILLE
4814,2,2 BR ATTACHED HOUSING,2/04/2019,10/04/2019,24/04/2019,RGS,201,8,14,22,TOWNSVILLE,TOWNSVILLE
4814,2,2 BR ATTACHED HOUSING,15/02/2019,26/02/2019,6/03/2019,RGS,201,11,8,19,TOWNSVILLE,TOWNSVILLE
4814,2,2 BR ATTACHED HOUSING,23/04/2019,9/05/2019,27/05/2019,RGS,201,16,18,34,TOWNSVILLE,TOWNSVILLE
4814,1,1 BR SENIOR UNIT,29/04/2019,7/05/2019,4/06/2019,SNR,201,8,28,36,TOWNSVILLE,TOWNSVILLE
4814,1,1 BR SENIOR UNIT,7/12/2018,7/12/2018,2/01/2019,SNR,201,0,26,26,TOWNSVILLE,TOWNSVILLE
4814,1,1 BR SENIOR UNIT,3/01/2019,8/01/2019,8/01/2019,SNR,201,5,0,5,TOWNSVILLE,TOWNSVILLE
4814,1,1 BR SENIOR UNIT,19/11/2018,4/12/2018,7/12/2018,SNR,201,15,3,18,TOWNSVILLE,TOWNSVILLE
4811,3,3 BR DETACHED HOUSE,22/03/2019,3/04/2019,9/04/2019,RGS,201,12,6,18,TOWNSVILLE,MUNDINGBURRA
4811,3,3 BR DETACHED HOUSE,2/04/2019,17/04/2019,26/04/2019,RGS,201,15,9,24,TOWNSVILLE,MUNDINGBURRA
4814,2,2 BR ATTACHED HOUSING,19/09/2018,27/09/2018,8/10/2018,RGS,201,8,11,19,TOWNSVILLE,TOWNSVILLE
4814,2,2 BR ATTACHED HOUSING,16/11/2018,23/11/2018,26/11/2018,RGS,201,7,3,10,TOWNSVILLE,TOWNSVILLE
4814,2,2 BR ATTACHED HOUSING,16/08/2018,28/08/2018,5/09/2018,RGS,201,12,8,20,TOWNSVILLE,TOWNSVILLE
4814,2,2 BR ATTACHED HOUSING,31/10/2018,2/11/2018,14/11/2018,RGS,201,2,12,14,TOWNSVILLE,TOWNSVILLE
4814,2,2 BR ATTACHED HOUSING,8/10/2018,17/10/2018,26/10/2018,RGS,201,9,9,18,TOWNSVILLE,TOWNSVILLE
4814,1,1 BR SENIOR UNIT,15/10/2018,22/10/2018,23/11/2018,SNR,201,7,32,39,TOWNSVILLE,TOWNSVILLE
4814,1,1 BR SENIOR UNIT,27/08/2018,5/09/2018,17/09/2018,SNR,201,9,12,21,TOWNSVILLE,TOWNSVILLE
4814,1,1 BR SENIOR UNIT,2/08/2018,3/09/2018,5/09/2018,SNR,201,32,2,34,TOWNSVILLE,TOWNSVILLE
4814,1,1 BR SENIOR UNIT,31/07/2018,7/08/2018,9/08/2018,SNR,201,7,2,9,TOWNSVILLE,TOWNSVILLE
4814,1,1 BR SENIOR UNIT,13/08/2018,14/08/2018,21/08/2018,SNR,201,1,7,8,TOWNSVILLE,TOWNSVILLE
4814,1,1 BR SENIOR UNIT,5/09/2018,12/09/2018,8/10/2018,SNR,201,7,26,33,TOWNSVILLE,TOWNSVILLE
4814,1,1 BR SENIOR UNIT,30/01/2019,8/02/2019,1/03/2019,SNR,201,9,21,30,TOWNSVILLE,TOWNSVILLE
4814,1,1 BR SENIOR UNIT,23/04/2019,3/05/2019,9/05/2019,SNR,201,10,6,16,TOWNSVILLE,TOWNSVILLE
4814,1,1 BR SENIOR UNIT,22/06/2018,28/06/2018,18/07/2018,SNR,201,6,20,26,TOWNSVILLE,TOWNSVILLE
4814,1,1 BR SENIOR UNIT,4/02/2019,13/02/2019,27/02/2019,SNR,201,9,14,23,TOWNSVILLE,TOWNSVILLE
4814,1,1 BR SENIOR UNIT,11/03/2019,11/03/2019,14/03/2019,SNR,201,0,3,3,TOWNSVILLE,TOWNSVILLE
4814,1,1 BR SENIOR UNIT,21/02/2019,4/03/2019,9/03/2019,SNR,201,11,5,16,TOWNSVILLE,TOWNSVILLE
4814,1,1 BR SENIOR UNIT,3/04/2019,3/04/2019,3/04/2019,SNR,201,0,0,0,TOWNSVILLE,TOWNSVILLE
4814,1,1 BR SENIOR UNIT,3/04/2019,15/04/2019,17/04/2019,SNR,201,12,2,14,TOWNSVILLE,TOWNSVILLE
4815,3,3 BR DETACHED HOUSE,14/11/2018,27/11/2018,30/11/2018,RGS,201,13,3,16,TOWNSVILLE,THURINGOWA
4815,3,3 BR DETACHED HOUSE,21/08/2018,29/08/2018,4/09/2018,RGS,201,8,6,14,TOWNSVILLE,THURINGOWA
4815,3,3 BR DETACHED HOUSE,9/07/2018,16/07/2018,19/07/2018,RGS,201,7,3,10,TOWNSVILLE,THURINGOWA
4815,3,3 BR DETACHED HOUSE,15/11/2018,27/11/2018,11/12/2018,RGS,201,12,14,26,TOWNSVILLE,THURINGOWA
4815,3,3 BR DETACHED HOUSE,21/03/2019,3/04/2019,10/04/2019,RGS,201,13,7,20,TOWNSVILLE,THURINGOWA
4815,3,3 BR DETACHED HOUSE,15/11/2018,23/11/2018,28/11/2018,RGS,201,8,5,13,TOWNSVILLE,THURINGOWA
4815,3,3 BR DETACHED HOUSE,24/02/2019,21/03/2019,27/03/2019,RGS,201,25,6,31,TOWNSVILLE,THURINGOWA
4815,3,3 BR DETACHED HOUSE,19/02/2019,1/03/2019,6/03/2019,RGS,201,10,5,15,TOWNSVILLE,THURINGOWA
4815,3,3 BR DETACHED HOUSE,8/01/2019,18/01/2019,25/01/2019,RGS,201,10,7,17,TOWNSVILLE,THURINGOWA
4815,2,2 BR DUPLEX,1/02/2019,21/02/2019,1/03/2019,RGS,201,20,8,28,TOWNSVILLE,THURINGOWA
4812,3,3 BR ATTACHED HOUSING,14/06/2018,29/06/2018,30/07/2018,RGS,201,15,31,46,TOWNSVILLE,TOWNSVILLE
4812,3,3 BR ATTACHED HOUSING,22/03/2019,4/04/2019,11/04/2019,RGS,201,13,7,20,TOWNSVILLE,TOWNSVILLE
4812,1,1 BR SENIOR UNIT,16/10/2018,24/10/2018,19/11/2018,SNR,201,8,26,34,TOWNSVILLE,TOWNSVILLE
4812,1,1 BR SENIOR UNIT,13/05/2019,16/05/2019,27/05/2019,SNR,201,3,11,14,TOWNSVILLE,TOWNSVILLE
4812,1,1 BR SENIOR UNIT,19/10/2018,29/10/2018,7/11/2018,SNR,201,10,9,19,TOWNSVILLE,TOWNSVILLE
4812,1,1 BR SENIOR UNIT,29/06/2018,10/07/2018,17/07/2018,SNR,201,11,7,18,TOWNSVILLE,TOWNSVILLE
4812,1,1 BR SENIOR UNIT,18/06/2018,26/06/2018,18/07/2018,SNR,201,8,22,30,TOWNSVILLE,TOWNSVILLE
4812,1,1 BR SENIOR UNIT,30/07/2018,30/07/2018,6/08/2018,SNR,201,0,7,7,TOWNSVILLE,TOWNSVILLE
4812,1,1 BR SENIOR UNIT,21/11/2018,28/11/2018,7/12/2018,SNR,201,7,9,16,TOWNSVILLE,TOWNSVILLE
4815,3,3 BR DETACHED HOUSE,2/05/2019,9/05/2019,22/05/2019,RGS,201,7,13,20,TOWNSVILLE,THURINGOWA
4815,3,3 BR DETACHED HOUSE,10/04/2019,1/05/2019,8/05/2019,RGS,201,21,7,28,TOWNSVILLE,THURINGOWA
4818,3,3 BR DETACHED HOUSE,29/06/2018,12/07/2018,10/08/2018,RGS,201,13,29,42,TOWNSVILLE,HINCHINBROOK
4818,3,3 BR DETACHED HOUSE,18/02/2019,6/03/2019,8/03/2019,RGS,201,16,2,18,TOWNSVILLE,HINCHINBROOK
4815,3,3 BR DETACHED HOUSE,6/06/2018,22/06/2018,3/07/2018,RGS,201,16,11,27,TOWNSVILLE,THURINGOWA
4815,3,3 BR DETACHED HOUSE,10/12/2018,2/01/2019,8/01/2019,RGS,201,23,6,29,TOWNSVILLE,THURINGOWA
4815,5,5 BR DETACHED HOUSE,5/11/2018,21/11/2018,28/11/2018,RGS,201,16,7,23,TOWNSVILLE,THURINGOWA
4818,2,2 BR DUPLEX,1/03/2019,12/03/2019,17/04/2019,RGS,201,11,36,47,TOWNSVILLE,HINCHINBROOK
4814,2,2 BR DUPLEX,19/03/2019,28/03/2019,17/04/2019,RGS,201,9,20,29,TOWNSVILLE,TOWNSVILLE
4814,4,4 BR DETACHED HOUSE,23/04/2019,13/05/2019,24/05/2019,RGS,201,20,11,31,TOWNSVILLE,TOWNSVILLE
4814,3,3 BR DETACHED HOUSE,31/08/2018,20/09/2018,2/10/2018,RGS,201,20,12,32,TOWNSVILLE,TOWNSVILLE
4814,1,1 BR SENIOR UNIT,18/10/2018,30/10/2018,9/11/2018,SNR,201,12,10,22,TOWNSVILLE,TOWNSVILLE
4814,1,1 BR SENIOR UNIT,10/12/2018,17/12/2018,18/12/2018,SNR,201,7,1,8,TOWNSVILLE,TOWNSVILLE
4814,1,1 BR SENIOR UNIT,19/12/2018,21/12/2018,21/12/2018,SNR,201,2,0,2,TOWNSVILLE,TOWNSVILLE
4814,1,1 BR SENIOR UNIT,22/03/2019,2/04/2019,5/04/2019,SNR,201,11,3,14,TOWNSVILLE,TOWNSVILLE
4814,2,2 BR DUPLEX,11/12/2018,19/12/2018,3/01/2019,RGS,201,8,15,23,TOWNSVILLE,MUNDINGBURRA
4814,4,4 BR CLUSTER HOUSING,11/12/2018,21/12/2018,8/01/2019,RGS,201,10,18,28,TOWNSVILLE,THURINGOWA
4814,3,3 BR CLUSTER HOUSING,19/10/2018,29/10/2018,13/11/2018,RGS,201,10,15,25,TOWNSVILLE,THURINGOWA
4814,3,3 BR CLUSTER HOUSING,17/12/2018,17/12/2018,17/12/2018,RGS,201,0,0,0,TOWNSVILLE,THURINGOWA
4814,3,3 BR CLUSTER HOUSING,7/02/2019,18/02/2019,11/03/2019,RGS,201,11,21,32,TOWNSVILLE,THURINGOWA
4814,3,3 BR CLUSTER HOUSING,10/05/2019,17/05/2019,27/05/2019,RGS,201,7,10,17,TOWNSVILLE,THURINGOWA
4814,2,2 BR CLUSTER HOUSING,21/12/2018,7/02/2019,18/02/2019,RGS,201,48,11,59,TOWNSVILLE,THURINGOWA
4814,3,3 BR CLUSTER HOUSING,16/08/2018,28/08/2018,31/08/2018,RGS,201,12,3,15,TOWNSVILLE,THURINGOWA
4814,3,3 BR CLUSTER HOUSING,25/06/2018,18/07/2018,25/07/2018,RGS,201,23,7,30,TOWNSVILLE,THURINGOWA
4814,3,3 BR CLUSTER HOUSING,8/11/2018,16/11/2018,28/11/2018,RGS,201,8,12,20,TOWNSVILLE,THURINGOWA
4814,3,3 BR CLUSTER HOUSING,19/06/2018,28/06/2018,17/07/2018,RGS,201,9,19,28,TOWNSVILLE,THURINGOWA
4814,2,2 BR CLUSTER HOUSING,15/08/2018,22/08/2018,6/09/2018,RGS,201,7,15,22,TOWNSVILLE,THURINGOWA
4814,1,1 BR CLUSTER HOUSING,2/05/2019,10/05/2019,14/05/2019,RGS,201,8,4,12,TOWNSVILLE,THURINGOWA
4814,2,2 BR CLUSTER HOUSING,7/12/2018,11/01/2019,8/02/2019,RGS,201,35,28,63,TOWNSVILLE,MUNDINGBURRA
4814,2,2 BR CLUSTER HOUSING,26/06/2018,3/07/2018,11/07/2018,RGS,201,7,8,15,TOWNSVILLE,MUNDINGBURRA
4815,2,2 BR DUPLEX,8/04/2019,18/04/2019,29/04/2019,RGS,201,10,11,21,TOWNSVILLE,THURINGOWA
4810,2,2 BR ATTACHED HOUSING,22/06/2018,3/07/2018,11/07/2018,RGS,201,11,8,19,TOWNSVILLE,TOWNSVILLE
4810,2,2 BR ATTACHED HOUSING,19/06/2018,27/06/2018,11/07/2018,RGS,201,8,14,22,TOWNSVILLE,TOWNSVILLE
4810,2,2 BR ATTACHED HOUSING,4/01/2019,4/01/2019,4/01/2019,RGS,201,0,0,0,TOWNSVILLE,TOWNSVILLE
4810,2,2 BR ATTACHED HOUSING,7/01/2019,15/01/2019,18/01/2019,RGS,201,8,3,11,TOWNSVILLE,TOWNSVILLE
4810,2,2 BR ATTACHED HOUSING,2/08/2018,13/08/2018,17/08/2018,RGS,201,11,4,15,TOWNSVILLE,TOWNSVILLE
4817,1,1 BR SENIOR UNIT,12/03/2019,19/03/2019,18/04/2019,SNR,201,7,30,37,TOWNSVILLE,THURINGOWA
4812,1,1 BR APARTMENT,7/05/2019,15/05/2019,27/05/2019,RGS,201,8,12,20,TOWNSVILLE,TOWNSVILLE
4812,1,1 BR APARTMENT,13/02/2019,28/02/2019,4/03/2019,RGS,201,15,4,19,TOWNSVILLE,TOWNSVILLE
4812,1,1 BR APARTMENT,7/05/2019,7/05/2019,7/05/2019,RGS,201,0,0,0,TOWNSVILLE,TOWNSVILLE
4811,2,2 BR DUPLEX,3/08/2018,13/08/2018,28/08/2018,RGS,201,10,15,25,TOWNSVILLE,MUNDINGBURRA
4811,4,4 BR DETACHED HOUSE,4/10/2018,17/10/2018,23/10/2018,RGS,201,13,6,19,TOWNSVILLE,MUNDINGBURRA
4810,1,1 BR APARTMENT,9/07/2018,18/07/2018,2/08/2018,RGS,201,9,15,24,TOWNSVILLE,TOWNSVILLE
4810,1,1 BR APARTMENT,19/06/2018,27/06/2018,9/07/2018,RGS,201,8,12,20,TOWNSVILLE,TOWNSVILLE
4810,1,1 BR APARTMENT,15/08/2018,21/08/2018,23/08/2018,RGS,201,6,2,8,TOWNSVILLE,TOWNSVILLE
4810,1,1 BR APARTMENT,11/03/2019,20/03/2019,26/03/2019,RGS,201,9,6,15,TOWNSVILLE,TOWNSVILLE
4814,2,2 BR ATTACHED HOUSING,22/10/2018,29/10/2018,12/11/2018,RGS,201,7,14,21,TOWNSVILLE,TOWNSVILLE
4814,2,2 BR ATTACHED HOUSING,5/10/2018,15/10/2018,23/10/2018,RGS,201,10,8,18,TOWNSVILLE,TOWNSVILLE
4815,3,3 BR DETACHED HOUSE,18/09/2018,27/09/2018,11/10/2018,RGS,201,9,14,23,TOWNSVILLE,THURINGOWA
4810,1,1 BR APARTMENT,2/10/2018,3/10/2018,3/10/2018,RGS,201,1,0,1,TOWNSVILLE,TOWNSVILLE
4812,2,2 BR ATTACHED HOUSING,22/03/2019,2/04/2019,9/04/2019,RGS,201,11,7,18,TOWNSVILLE,TOWNSVILLE
4814,1,1 BR SENIOR UNIT,29/05/2019,5/06/2019,10/06/2019,SNR,201,7,5,12,TOWNSVILLE,TOWNSVILLE
4818,3,3 BR CLUSTER HOUSING,7/05/2019,7/05/2019,7/05/2019,RGS,201,0,0,0,TOWNSVILLE,HINCHINBROOK
4818,3,3 BR CLUSTER HOUSING,9/05/2019,20/05/2019,23/05/2019,RGS,201,11,3,14,TOWNSVILLE,HINCHINBROOK
4818,3,3 BR CLUSTER HOUSING,2/04/2019,15/04/2019,30/04/2019,RGS,201,13,15,28,TOWNSVILLE,HINCHINBROOK
4815,4,4 BR DETACHED HOUSE,6/06/2019,19/06/2019,21/06/2019,RGS,201,13,2,15,TOWNSVILLE,THURINGOWA
4815,3,3 BR DETACHED HOUSE,4/07/2018,16/07/2018,23/07/2018,RGS,201,12,7,19,TOWNSVILLE,THURINGOWA
4815,3,3 BR DETACHED HOUSE,24/01/2019,25/02/2019,6/03/2019,RGS,201,32,9,41,TOWNSVILLE,THURINGOWA
4815,4,4 BR DETACHED HOUSE,10/12/2018,19/12/2018,2/01/2019,RGS,201,9,14,23,TOWNSVILLE,THURINGOWA
4815,4,4 BR DETACHED HOUSE,4/01/2019,4/01/2019,4/01/2019,RGS,201,0,0,0,TOWNSVILLE,THURINGOWA
4815,3,3 BR DETACHED HOUSE,27/02/2019,12/03/2019,18/03/2019,RGS,201,13,6,19,TOWNSVILLE,THURINGOWA
4815,3,3 BR DETACHED HOUSE,11/02/2019,19/03/2019,10/04/2019,RGS,201,36,22,58,TOWNSVILLE,THURINGOWA
4812,1,1 BR SENIOR UNIT,29/03/2019,2/04/2019,4/04/2019,SNR,201,4,2,6,TOWNSVILLE,TOWNSVILLE
4812,1,1 BR SENIOR UNIT,3/04/2019,15/04/2019,8/05/2019,SNR,201,12,23,35,TOWNSVILLE,TOWNSVILLE
4812,1,1 BR SENIOR UNIT,8/04/2019,16/04/2019,2/05/2019,SNR,201,8,16,24,TOWNSVILLE,TOWNSVILLE
4814,3,3 BR CLUSTER HOUSING,3/07/2018,12/07/2018,10/08/2018,RGS,201,9,29,38,TOWNSVILLE,MUNDINGBURRA
4814,3,3 BR CLUSTER HOUSING,15/04/2019,30/04/2019,8/05/2019,RGS,201,15,8,23,TOWNSVILLE,MUNDINGBURRA
4814,2,2 BR CLUSTER HOUSING,10/12/2018,24/12/2018,3/01/2019,RGS,201,14,10,24,TOWNSVILLE,MUNDINGBURRA
4812,1,1 BR SENIOR UNIT,26/02/2019,27/03/2019,27/03/2019,SNR,201,29,0,29,TOWNSVILLE,MUNDINGBURRA
4812,1,1 BR SENIOR UNIT,24/09/2018,2/10/2018,8/10/2018,SNR,201,8,6,14,TOWNSVILLE,MUNDINGBURRA
4810,1,1 BR SENIOR UNIT,31/08/2018,10/09/2018,12/09/2018,SNR,201,10,2,12,TOWNSVILLE,TOWNSVILLE
4810,1,1 BR APARTMENT,15/11/2018,23/11/2018,29/11/2018,RGS,201,8,6,14,TOWNSVILLE,TOWNSVILLE
4817,1,1 BR APARTMENT,11/06/2018,19/06/2018,16/07/2018,RGS,201,8,27,35,TOWNSVILLE,THURINGOWA
4817,1,1 BR APARTMENT,9/07/2018,16/07/2018,3/08/2018,RGS,201,7,18,25,TOWNSVILLE,THURINGOWA
4817,1,1 BR APARTMENT,22/08/2018,5/09/2018,28/09/2018,RGS,201,14,23,37,TOWNSVILLE,THURINGOWA
4812,1,1 BR SENIOR UNIT,4/01/2019,16/01/2019,21/01/2019,SNR,201,12,5,17,TOWNSVILLE,MUNDINGBURRA
4812,1,1 BR SENIOR UNIT,30/05/2019,10/06/2019,13/06/2019,SNR,201,11,3,14,TOWNSVILLE,MUNDINGBURRA
4810,2,2 BR ATTACHED HOUSING,2/11/2018,14/11/2018,19/11/2018,RGS,201,12,5,17,TOWNSVILLE,TOWNSVILLE
4812,1,1 BR SENIOR UNIT,15/08/2018,22/08/2018,3/09/2018,SNR,201,7,12,19,TOWNSVILLE,TOWNSVILLE
4812,1,1 BR SENIOR UNIT,18/01/2019,25/01/2019,14/02/2019,SNR,201,7,20,27,TOWNSVILLE,TOWNSVILLE
4812,1,1 BR SENIOR UNIT,13/05/2019,24/05/2019,29/05/2019,SNR,201,11,5,16,TOWNSVILLE,TOWNSVILLE
4812,1,1 BR SENIOR UNIT,5/07/2018,23/07/2018,30/07/2018,SNR,201,18,7,25,TOWNSVILLE,TOWNSVILLE
4812,1,1 BR SENIOR UNIT,2/08/2018,2/08/2018,6/08/2018,SNR,201,0,4,4,TOWNSVILLE,TOWNSVILLE
4811,4,4 BR DETACHED HOUSE,3/12/2018,14/12/2018,14/12/2018,RGS,201,11,0,11,TOWNSVILLE,MUNDINGBURRA
4815,4,4 BR DETACHED HOUSE,8/04/2019,24/04/2019,19/06/2019,RGS,201,16,56,72,TOWNSVILLE,THURINGOWA
4815,4,4 BR DETACHED HOUSE,11/04/2019,30/04/2019,2/05/2019,RGS,201,19,2,21,TOWNSVILLE,THURINGOWA
4818,3,3 BR DETACHED HOUSE,17/10/2018,17/10/2018,17/10/2018,RGS,201,0,0,0,TOWNSVILLE,HINCHINBROOK
4810,2,2 BR CLUSTER HOUSING,14/12/2018,2/01/2019,7/01/2019,RGS,201,19,5,24,TOWNSVILLE,TOWNSVILLE
4810,2,2 BR CLUSTER HOUSING,14/12/2018,14/12/2018,14/12/2018,RGS,201,0,0,0,TOWNSVILLE,TOWNSVILLE
4810,2,2 BR ATTACHED HOUSING,3/12/2018,14/12/2018,17/12/2018,RGS,201,11,3,14,TOWNSVILLE,TOWNSVILLE
4810,2,2 BR ATTACHED HOUSING,11/09/2018,18/09/2018,2/10/2018,RGS,201,7,14,21,TOWNSVILLE,TOWNSVILLE
4812,2,2 BR ATTACHED HOUSING,21/02/2019,1/03/2019,8/03/2019,RGS,201,8,7,15,TOWNSVILLE,TOWNSVILLE
4812,1,1 BR SENIOR UNIT,26/10/2018,26/10/2018,26/10/2018,SNR,201,0,0,0,TOWNSVILLE,TOWNSVILLE
4812,1,1 BR SENIOR UNIT,26/10/2018,6/11/2018,19/11/2018,SNR,201,11,13,24,TOWNSVILLE,TOWNSVILLE
4812,1,1 BR SENIOR UNIT,22/10/2018,26/10/2018,26/10/2018,SNR,201,4,0,4,TOWNSVILLE,TOWNSVILLE
4812,1,1 BR SENIOR UNIT,15/03/2019,21/03/2019,28/03/2019,SNR,201,6,7,13,TOWNSVILLE,TOWNSVILLE
4814,3,3 BR DETACHED HOUSE,31/01/2019,20/02/2019,21/02/2019,RGS,201,20,1,21,TOWNSVILLE,TOWNSVILLE
4810,1,1 BR SENIOR UNIT,6/12/2018,19/12/2018,20/12/2018,SNR,201,13,1,14,TOWNSVILLE,TOWNSVILLE
4812,1,1 BR APARTMENT,25/09/2018,4/10/2018,11/10/2018,RGS,201,9,7,16,TOWNSVILLE,TOWNSVILLE
4810,1,1 BR APARTMENT,5/03/2019,13/03/2019,18/03/2019,RGS,201,8,5,13,TOWNSVILLE,TOWNSVILLE
4810,1,1 BR APARTMENT,29/08/2018,6/09/2018,17/09/2018,RGS,201,8,11,19,TOWNSVILLE,TOWNSVILLE
4812,1,1 BR SENIOR UNIT,1/11/2018,13/11/2018,27/11/2018,SNR,201,12,14,26,TOWNSVILLE,TOWNSVILLE
4812,1,1 BR SENIOR UNIT,24/01/2019,8/02/2019,13/03/2019,SNR,201,15,33,48,TOWNSVILLE,TOWNSVILLE
4812,1,1 BR SENIOR UNIT,11/12/2018,21/12/2018,10/01/2019,SNR,201,10,20,30,TOWNSVILLE,TOWNSVILLE
4810,1,1 BR SENIOR UNIT,2/04/2019,30/04/2019,7/05/2019,SNR,201,28,7,35,TOWNSVILLE,TOWNSVILLE
4810,2,2 BR CLUSTER HOUSING,28/02/2019,28/02/2019,28/02/2019,RGS,201,0,0,0,TOWNSVILLE,TOWNSVILLE
4810,2,2 BR CLUSTER HOUSING,3/01/2019,11/01/2019,15/02/2019,RGS,201,8,35,43,TOWNSVILLE,TOWNSVILLE
4810,1,1 BR APARTMENT,29/01/2019,8/02/2019,14/02/2019,RGS,201,10,6,16,TOWNSVILLE,TOWNSVILLE
4810,1,1 BR APARTMENT,30/11/2018,12/12/2018,14/12/2018,RGS,201,12,2,14,TOWNSVILLE,TOWNSVILLE
4810,1,1 BR APARTMENT,19/06/2018,28/06/2018,16/07/2018,RGS,201,9,18,27,TOWNSVILLE,TOWNSVILLE
4814,4,4 BR DETACHED HOUSE,13/03/2019,28/03/2019,11/04/2019,RGS,201,15,14,29,TOWNSVILLE,TOWNSVILLE
4814,3,3 BR DETACHED HOUSE,2/11/2018,13/11/2018,16/11/2018,RGS,201,11,3,14,TOWNSVILLE,TOWNSVILLE
4812,2,2 BR APARTMENT,9/11/2018,20/11/2018,21/11/2018,RGS,201,11,1,12,TOWNSVILLE,TOWNSVILLE
4814,4,4 BR DUAL OCCUPANCY,4/01/2019,18/01/2019,29/01/2019,RGS,201,14,11,25,TOWNSVILLE,TOWNSVILLE
4812,2,2 BR ATTACHED HOUSING,31/01/2019,15/02/2019,21/02/2019,RGS,201,15,6,21,TOWNSVILLE,MUNDINGBURRA
4810,2,2 BR DUPLEX,16/04/2019,26/04/2019,7/05/2019,RGS,201,10,11,21,TOWNSVILLE,TOWNSVILLE
4814,2,2 BR CLUSTER HOUSING,19/07/2018,30/07/2018,8/08/2018,RGS,201,11,9,20,TOWNSVILLE,TOWNSVILLE
4817,4,4 BR DETACHED HOUSE,3/09/2018,14/09/2018,20/09/2018,RGS,201,11,6,17,TOWNSVILLE,THURINGOWA
4817,4,4 BR DETACHED HOUSE,3/09/2018,3/09/2018,3/09/2018,RGS,201,0,0,0,TOWNSVILLE,THURINGOWA
4810,1,1 BR APARTMENT,14/01/2019,24/01/2019,14/02/2019,RGS,201,10,21,31,TOWNSVILLE,TOWNSVILLE
4810,3,3 BR CLUSTER HOUSING,7/11/2018,22/11/2018,27/11/2018,RGS,201,15,5,20,TOWNSVILLE,TOWNSVILLE
4812,1,1 BR APARTMENT,15/03/2019,26/03/2019,28/03/2019,RGS,201,11,2,13,TOWNSVILLE,TOWNSVILLE
4814,2,2 BR DUAL OCCUPANCY,30/07/2018,8/08/2018,22/08/2018,RGS,201,9,14,23,TOWNSVILLE,TOWNSVILLE
4812,1,1 BR APARTMENT,5/03/2019,7/03/2019,21/03/2019,RGS,201,2,14,16,TOWNSVILLE,MUNDINGBURRA
4812,1,1 BR APARTMENT,19/03/2019,28/03/2019,2/04/2019,RGS,201,9,5,14,TOWNSVILLE,MUNDINGBURRA
4810,2,2 BR DUPLEX,19/02/2019,6/03/2019,11/03/2019,RGS,201,15,5,20,TOWNSVILLE,TOWNSVILLE
4810,2,2 BR DUAL OCCUPANCY,24/09/2018,4/10/2018,12/10/2018,AHG,201,10,8,18,TOWNSVILLE,TOWNSVILLE
4814,2,2 BR DUAL OCCUPANCY,11/06/2018,25/06/2018,6/07/2018,RGS,201,14,11,25,TOWNSVILLE,MUNDINGBURRA
4817,3,3 BR DETACHED HOUSE,1/08/2018,24/08/2018,13/09/2018,RGS,201,23,20,43,TOWNSVILLE,THURINGOWA
4817,2,2 BR DUPLEX,23/08/2018,5/09/2018,14/09/2018,RGS,201,13,9,22,TOWNSVILLE,THURINGOWA
4810,2,2 BR APARTMENT,7/03/2019,14/03/2019,15/03/2019,RGS,201,7,1,8,TOWNSVILLE,TOWNSVILLE
4812,2,2 BR ATTACHED HOUSING,4/06/2019,12/06/2019,21/06/2019,RGS,201,8,9,17,TOWNSVILLE,TOWNSVILLE
4812,2,2 BR ATTACHED HOUSING,6/07/2018,18/07/2018,27/07/2018,RGS,201,12,9,21,TOWNSVILLE,TOWNSVILLE
4812,2,2 BR ATTACHED HOUSING,5/07/2018,6/07/2018,6/07/2018,RGS,201,1,0,1,TOWNSVILLE,TOWNSVILLE
4815,3,3 BR DETACHED HOUSE,4/12/2018,14/12/2018,14/12/2018,RGS,201,10,0,10,TOWNSVILLE,THURINGOWA
4815,3,3 BR DETACHED HOUSE,21/11/2018,30/11/2018,11/12/2018,RGS,201,9,11,20,TOWNSVILLE,THURINGOWA
4815,3,3 BR DETACHED HOUSE,13/06/2019,24/06/2019,26/06/2019,RGS,201,11,2,13,TOWNSVILLE,THURINGOWA
4815,3,3 BR DETACHED HOUSE,16/08/2018,31/08/2018,5/09/2018,RGS,201,15,5,20,TOWNSVILLE,THURINGOWA
4815,3,3 BR DETACHED HOUSE,10/06/2019,18/06/2019,26/06/2019,RGS,201,8,8,16,TOWNSVILLE,THURINGOWA
4812,2,2 BR DUPLEX,28/02/2019,2/04/2019,10/04/2019,AHG,201,33,8,41,TOWNSVILLE,TOWNSVILLE
4810,2,2 BR DUPLEX,1/08/2018,8/08/2018,10/08/2018,AHG,201,7,2,9,TOWNSVILLE,TOWNSVILLE
4810,2,2 BR DUPLEX,27/02/2019,4/03/2019,4/03/2019,AHG,201,5,0,5,TOWNSVILLE,TOWNSVILLE
4815,2,2 BR DUPLEX,26/11/2018,30/11/2018,11/12/2018,AHG,201,4,11,15,TOWNSVILLE,THURINGOWA
4815,2,2 BR DUPLEX,12/09/2018,20/09/2018,15/10/2018,AHG,201,8,25,33,TOWNSVILLE,THURINGOWA
4812,3,3 BR DETACHED HOUSE,22/05/2019,5/06/2019,10/06/2019,AHG,201,14,5,19,TOWNSVILLE,TOWNSVILLE
4814,3,3 BR DETACHED HOUSE,10/10/2018,19/10/2018,30/10/2018,AHG,201,9,11,20,TOWNSVILLE,MUNDINGBURRA
4814,5,5 BR DETACHED HOUSE,3/04/2019,1/05/2019,2/05/2019,AHG,201,28,1,29,TOWNSVILLE,TOWNSVILLE
4810,3,3 BR DETACHED HOUSE,28/11/2018,10/12/2018,12/12/2018,AHG,201,12,2,14,TOWNSVILLE,TOWNSVILLE
4810,2,2 BR DETACHED HOUSE,30/11/2018,19/12/2018,21/12/2018,AHG,201,19,2,21,TOWNSVILLE,TOWNSVILLE
4810,3,3 BR DETACHED HOUSE,25/06/2018,6/07/2018,23/07/2018,AHG,201,11,17,28,TOWNSVILLE,TOWNSVILLE
4814,3,3 BR DETACHED HOUSE,10/10/2018,25/10/2018,9/11/2018,AHG,201,15,15,30,TOWNSVILLE,THURINGOWA
4812,3,3 BR DETACHED HOUSE,21/06/2019,21/06/2019,21/06/2019,AHG,201,0,0,0,TOWNSVILLE,MUNDINGBURRA
4812,3,3 BR DETACHED HOUSE,1/03/2019,11/03/2019,4/04/2019,AHG,201,10,24,34,TOWNSVILLE,MUNDINGBURRA
4812,3,3 BR DETACHED HOUSE,30/10/2018,9/11/2018,15/11/2018,AHG,201,10,6,16,TOWNSVILLE,TOWNSVILLE
4817,3,3 BR DETACHED HOUSE,9/07/2018,26/07/2018,10/08/2018,AHG,201,17,15,32,TOWNSVILLE,THURINGOWA
4817,3,3 BR DETACHED HOUSE,25/06/2018,9/07/2018,9/07/2018,AHG,201,14,0,14,TOWNSVILLE,THURINGOWA
4814,4,4 BR DETACHED HOUSE,3/07/2018,17/07/2018,27/07/2018,AHG,201,14,10,24,TOWNSVILLE,TOWNSVILLE
4815,3,3 BR DETACHED HOUSE,25/03/2019,9/04/2019,12/04/2019,AHG,201,15,3,18,TOWNSVILLE,THURINGOWA
4810,3,3 BR DETACHED HOUSE,2/10/2018,12/10/2018,17/10/2018,AHG,201,10,5,15,TOWNSVILLE,TOWNSVILLE
4814,2,2 BR DUPLEX,21/06/2018,3/07/2018,10/07/2018,AHG,201,12,7,19,TOWNSVILLE,MUNDINGBURRA
4814,3,3 BR DETACHED HOUSE,23/11/2018,3/12/2018,7/12/2018,AHG,201,10,4,14,TOWNSVILLE,THURINGOWA
4817,3,3 BR DETACHED HOUSE,23/08/2018,6/09/2018,15/10/2018,AHG,201,14,39,53,TOWNSVILLE,THURINGOWA
4815,3,3 BR DETACHED HOUSE,12/11/2018,3/12/2018,11/12/2018,AHG,201,21,8,29,TOWNSVILLE,THURINGOWA
4815,4,4 BR DETACHED HOUSE,21/12/2018,8/01/2019,10/01/2019,AHG,201,18,2,20,TOWNSVILLE,THURINGOWA
4810,2,2 BR CLUSTER HOUSING,14/03/2019,14/03/2019,14/03/2019,AHG,201,0,0,0,TOWNSVILLE,TOWNSVILLE
4810,2,2 BR CLUSTER HOUSING,6/03/2019,8/03/2019,14/03/2019,AHG,201,2,6,8,TOWNSVILLE,TOWNSVILLE
4817,4,4 BR DETACHED HOUSE,16/11/2018,5/12/2018,7/12/2018,RGS,201,19,2,21,TOWNSVILLE,THURINGOWA
4815,4,4 BR DETACHED HOUSE,20/12/2018,11/01/2019,18/01/2019,AHG,201,22,7,29,TOWNSVILLE,THURINGOWA
4810,2,2 BR DUPLEX,20/08/2018,27/08/2018,28/08/2018,AHG,201,7,1,8,TOWNSVILLE,TOWNSVILLE
4817,4,4 BR DETACHED HOUSE,10/04/2019,1/05/2019,24/05/2019,RGS,201,21,23,44,TOWNSVILLE,THURINGOWA
4814,3,3 BR DETACHED HOUSE,20/11/2018,20/11/2018,20/11/2018,RGS,201,0,0,0,TOWNSVILLE,TOWNSVILLE
4814,3,3 BR DETACHED HOUSE,20/11/2018,11/12/2018,13/12/2018,RGS,201,21,2,23,TOWNSVILLE,TOWNSVILLE
4817,2,2 BR DUPLEX,26/11/2018,5/12/2018,10/12/2018,RGS,201,9,5,14,TOWNSVILLE,THURINGOWA
4350,3,3 BR DETACHED HOUSE,4/10/2018,12/10/2018,26/10/2018,RGS,207,8,14,22,TOOWOOMBA,TOOWOOMBA SOUTH
4350,2,2 BR DETACHED HOUSE,22/11/2018,30/11/2018,18/12/2018,RGS,207,8,18,26,TOOWOOMBA,TOOWOOMBA SOUTH
4350,2,2 BR DETACHED HOUSE,28/09/2018,19/10/2018,5/11/2018,RGS,207,21,17,38,TOOWOOMBA,TOOWOOMBA NORTH
4350,3,3 BR DETACHED HOUSE,3/01/2019,11/01/2019,30/01/2019,RGS,207,8,19,27,TOOWOOMBA,TOOWOOMBA NORTH
4350,3,3 BR DETACHED HOUSE,19/10/2018,22/10/2018,22/10/2018,RGS,207,3,0,3,TOOWOOMBA,TOOWOOMBA NORTH
4350,4,4 BR DETACHED HOUSE,3/10/2018,11/10/2018,17/10/2018,RGS,207,8,6,14,TOOWOOMBA,TOOWOOMBA SOUTH
4350,4,4 BR DETACHED HOUSE,26/11/2018,19/12/2018,25/01/2019,RGS,207,23,37,60,TOOWOOMBA,TOOWOOMBA SOUTH
4350,3,3 BR DETACHED HOUSE,17/09/2018,25/09/2018,11/10/2018,RGS,207,8,16,24,TOOWOOMBA,TOOWOOMBA SOUTH
4350,4,4 BR DETACHED HOUSE,28/06/2018,28/06/2018,18/07/2018,RGS,207,0,20,20,TOOWOOMBA,TOOWOOMBA SOUTH
4350,1,1 BR APARTMENT,24/10/2018,29/10/2018,6/11/2018,RGS,207,5,8,13,TOOWOOMBA,TOOWOOMBA SOUTH
4350,1,1 BR APARTMENT,25/05/2018,25/05/2018,2/07/2018,RGS,207,0,38,38,TOOWOOMBA,TOOWOOMBA SOUTH
4350,1,1 BR APARTMENT,25/05/2018,25/05/2018,4/07/2018,RGS,207,0,40,40,TOOWOOMBA,TOOWOOMBA SOUTH
4350,1,1 BR APARTMENT,25/05/2018,25/05/2018,6/08/2018,RGS,207,0,73,73,TOOWOOMBA,TOOWOOMBA SOUTH
4350,3,3 BR DETACHED HOUSE,17/05/2019,24/05/2019,5/06/2019,RGS,207,7,12,19,TOOWOOMBA,TOOWOOMBA SOUTH
4350,3,3 BR DETACHED HOUSE,24/10/2018,31/10/2018,23/11/2018,RGS,207,7,23,30,TOOWOOMBA,TOOWOOMBA SOUTH
4350,3,3 BR DETACHED HOUSE,4/12/2018,12/12/2018,2/01/2019,RGS,207,8,21,29,TOOWOOMBA,TOOWOOMBA SOUTH
4350,3,3 BR DETACHED HOUSE,18/02/2019,25/02/2019,5/03/2019,RGS,207,7,8,15,TOOWOOMBA,TOOWOOMBA SOUTH
4350,4,4 BR DETACHED HOUSE,29/08/2018,6/09/2018,21/09/2018,RGS,207,8,15,23,TOOWOOMBA,TOOWOOMBA SOUTH
4350,3,3 BR DETACHED HOUSE,9/08/2018,28/08/2018,5/09/2018,RGS,207,19,8,27,TOOWOOMBA,TOOWOOMBA NORTH
4350,3,3 BR DETACHED HOUSE,10/08/2018,14/08/2018,21/08/2018,RGS,207,4,7,11,TOOWOOMBA,TOOWOOMBA NORTH
4350,3,3 BR DETACHED HOUSE,12/11/2018,16/11/2018,9/01/2019,RGS,207,4,54,58,TOOWOOMBA,TOOWOOMBA NORTH
4350,3,3 BR DETACHED HOUSE,17/07/2018,18/07/2018,18/07/2018,RGS,207,1,0,1,TOOWOOMBA,TOOWOOMBA NORTH
4350,3,3 BR DETACHED HOUSE,17/08/2018,21/08/2018,11/10/2018,RGS,207,4,51,55,TOOWOOMBA,TOOWOOMBA NORTH
4350,3,3 BR DETACHED HOUSE,22/02/2019,4/03/2019,12/04/2019,RGS,207,10,39,49,TOOWOOMBA,TOOWOOMBA NORTH
4350,4,4 BR DETACHED HOUSE,24/09/2018,3/10/2018,12/10/2018,RGS,207,9,9,18,TOOWOOMBA,TOOWOOMBA NORTH
4350,2,2 BR DUPLEX,30/04/2019,7/05/2019,24/06/2019,RGS,207,7,48,55,TOOWOOMBA,TOOWOOMBA NORTH
4350,1,1 BR SENIOR UNIT,30/11/2018,4/12/2018,8/01/2019,SNR,207,4,35,39,TOOWOOMBA,TOOWOOMBA NORTH
4350,1,1 BR SENIOR UNIT,8/02/2019,13/02/2019,17/04/2019,SNR,207,5,63,68,TOOWOOMBA,TOOWOOMBA NORTH
4350,1,1 BR SENIOR UNIT,8/02/2019,8/02/2019,8/02/2019,SNR,207,0,0,0,TOOWOOMBA,TOOWOOMBA NORTH
4350,1,1 BR SENIOR UNIT,1/11/2017,14/12/2017,17/01/2019,SNR,207,43,399,442,TOOWOOMBA,TOOWOOMBA NORTH
4350,1,1 BR SENIOR UNIT,2/04/2019,5/04/2019,24/06/2019,SNR,207,3,80,83,TOOWOOMBA,TOOWOOMBA NORTH
4350,1,1 BR SENIOR UNIT,10/01/2019,16/01/2019,18/04/2019,SNR,207,6,92,98,TOOWOOMBA,TOOWOOMBA NORTH
4350,1,1 BR SENIOR UNIT,1/11/2017,14/12/2017,14/08/2018,SNR,207,43,243,286,TOOWOOMBA,TOOWOOMBA NORTH
4350,1,1 BR SENIOR UNIT,1/11/2017,14/12/2017,4/07/2018,SNR,207,43,202,245,TOOWOOMBA,TOOWOOMBA NORTH
4350,1,1 BR SENIOR UNIT,19/02/2018,1/03/2018,8/08/2018,SNR,207,10,160,170,TOOWOOMBA,TOOWOOMBA NORTH
4350,1,1 BR SENIOR UNIT,20/05/2019,28/05/2019,20/06/2019,SNR,207,8,23,31,TOOWOOMBA,TOOWOOMBA NORTH
4350,1,1 BR SENIOR UNIT,24/06/2019,27/06/2019,27/06/2019,SNR,207,3,0,3,TOOWOOMBA,TOOWOOMBA NORTH
4350,2,2 BR DUPLEX,13/09/2018,14/09/2018,14/09/2018,RGS,207,1,0,1,TOOWOOMBA,TOOWOOMBA NORTH
4350,3,3 BR DETACHED HOUSE,31/08/2018,10/09/2018,27/09/2018,RGS,207,10,17,27,TOOWOOMBA,TOOWOOMBA NORTH
4350,3,3 BR DETACHED HOUSE,8/08/2018,9/08/2018,27/09/2018,RGS,207,1,49,50,TOOWOOMBA,CONDAMINE
4350,4,4 BR DETACHED HOUSE,17/09/2018,28/09/2018,16/10/2018,RGS,207,11,18,29,TOOWOOMBA,CONDAMINE
4350,3,3 BR ATTACHED HOUSING,23/03/2018,28/03/2018,2/07/2018,RGS,207,5,96,101,TOOWOOMBA,TOOWOOMBA NORTH
4350,3,3 BR DETACHED HOUSE,5/06/2018,15/06/2018,4/07/2018,RGS,207,10,19,29,TOOWOOMBA,TOOWOOMBA NORTH
4350,3,3 BR DETACHED HOUSE,22/01/2019,30/01/2019,5/02/2019,RGS,207,8,6,14,TOOWOOMBA,TOOWOOMBA NORTH
4350,1,1 BR SENIOR UNIT,8/05/2019,15/05/2019,22/05/2019,SNR,207,7,7,14,TOOWOOMBA,TOOWOOMBA NORTH
4350,3,3 BR DETACHED HOUSE,5/12/2018,14/12/2018,21/12/2018,RGS,207,9,7,16,TOOWOOMBA,TOOWOOMBA NORTH
4350,3,3 BR DETACHED HOUSE,8/01/2019,9/01/2019,21/01/2019,RGS,207,1,12,13,TOOWOOMBA,TOOWOOMBA NORTH
4350,1,1 BR SENIOR UNIT,20/02/2019,25/02/2019,12/04/2019,SNR,207,5,46,51,TOOWOOMBA,TOOWOOMBA SOUTH
4350,1,1 BR SENIOR UNIT,27/03/2019,29/03/2019,21/05/2019,SNR,207,2,53,55,TOOWOOMBA,TOOWOOMBA SOUTH
4350,1,1 BR SENIOR UNIT,13/07/2018,23/07/2018,17/08/2018,SNR,207,10,25,35,TOOWOOMBA,TOOWOOMBA NORTH
4350,1,1 BR SENIOR UNIT,13/08/2018,17/08/2018,18/10/2018,SNR,207,4,62,66,TOOWOOMBA,TOOWOOMBA NORTH
4350,1,1 BR SENIOR UNIT,9/01/2019,15/01/2019,4/02/2019,SNR,207,6,20,26,TOOWOOMBA,TOOWOOMBA NORTH
4350,1,1 BR SENIOR UNIT,12/07/2018,19/07/2018,14/08/2018,SNR,207,7,26,33,TOOWOOMBA,TOOWOOMBA NORTH
4350,1,1 BR SENIOR UNIT,12/12/2018,20/12/2018,30/05/2019,SNR,207,8,161,169,TOOWOOMBA,TOOWOOMBA NORTH
4350,3,3 BR DETACHED HOUSE,15/10/2018,19/10/2018,26/10/2018,RGS,207,4,7,11,TOOWOOMBA,TOOWOOMBA NORTH
4350,3,3 BR DETACHED HOUSE,19/03/2019,19/03/2019,27/03/2019,RGS,207,0,8,8,TOOWOOMBA,TOOWOOMBA NORTH
4350,3,3 BR DETACHED HOUSE,7/03/2019,14/03/2019,3/04/2019,RGS,207,7,20,27,TOOWOOMBA,TOOWOOMBA NORTH
4350,4,4 BR DETACHED HOUSE,3/07/2018,9/07/2018,12/10/2018,RGS,207,6,95,101,TOOWOOMBA,TOOWOOMBA NORTH
4350,3,3 BR DETACHED HOUSE,9/07/2018,19/07/2018,1/08/2018,RGS,207,10,13,23,TOOWOOMBA,TOOWOOMBA NORTH
4350,2,2 BR DUPLEX,7/05/2019,16/05/2019,23/05/2019,RGS,207,9,7,16,TOOWOOMBA,TOOWOOMBA NORTH
4350,2,2 BR DUPLEX,12/10/2018,19/10/2018,12/12/2018,RGS,207,7,54,61,TOOWOOMBA,TOOWOOMBA NORTH
4350,3,3 BR DETACHED HOUSE,28/06/2019,28/06/2019,28/06/2019,RGS,207,0,0,0,TOOWOOMBA,CONDAMINE
4350,1,1 BR APARTMENT,28/08/2018,7/09/2018,12/09/2018,RGS,207,10,5,15,TOOWOOMBA,TOOWOOMBA NORTH
4350,2,2 BR DUPLEX,1/04/2019,4/04/2019,5/04/2019,RGS,207,3,1,4,TOOWOOMBA,TOOWOOMBA SOUTH
4350,2,2 BR DUPLEX,21/05/2019,3/06/2019,13/06/2019,RGS,207,13,10,23,TOOWOOMBA,TOOWOOMBA SOUTH
4350,1,1 BR APARTMENT,20/09/2018,25/09/2018,4/10/2018,RGS,207,5,9,14,TOOWOOMBA,TOOWOOMBA NORTH
4350,1,1 BR APARTMENT,15/10/2018,19/10/2018,22/11/2018,RGS,207,4,34,38,TOOWOOMBA,TOOWOOMBA NORTH
4350,1,1 BR SENIOR UNIT,21/11/2018,26/11/2018,21/01/2019,SNR,207,5,56,61,TOOWOOMBA,TOOWOOMBA NORTH
4350,1,1 BR SENIOR UNIT,16/07/2018,20/07/2018,8/08/2018,SNR,207,4,19,23,TOOWOOMBA,TOOWOOMBA NORTH
4350,1,1 BR SENIOR UNIT,11/10/2018,16/10/2018,25/10/2018,SNR,207,5,9,14,TOOWOOMBA,TOOWOOMBA NORTH
4350,1,1 BR SENIOR UNIT,19/06/2018,29/06/2018,11/10/2018,SNR,207,10,104,114,TOOWOOMBA,TOOWOOMBA NORTH
4350,1,1 BR SENIOR UNIT,8/04/2019,17/04/2019,16/05/2019,SNR,207,9,29,38,TOOWOOMBA,TOOWOOMBA NORTH
4350,1,1 BR SENIOR UNIT,6/02/2019,11/02/2019,1/04/2019,SNR,207,5,49,54,TOOWOOMBA,TOOWOOMBA NORTH
4350,1,1 BR APARTMENT,16/11/2018,22/11/2018,20/12/2018,RGS,207,6,28,34,TOOWOOMBA,TOOWOOMBA NORTH
4350,1,1 BR APARTMENT,25/03/2019,27/03/2019,28/05/2019,RGS,207,2,62,64,TOOWOOMBA,TOOWOOMBA NORTH
4350,1,1 BR APARTMENT,19/03/2019,12/04/2019,30/05/2019,RGS,207,24,48,72,TOOWOOMBA,TOOWOOMBA NORTH
4350,1,1 BR APARTMENT,16/02/2018,26/02/2018,23/08/2018,RGS,207,10,178,188,TOOWOOMBA,TOOWOOMBA NORTH
4350,1,1 BR APARTMENT,5/09/2018,10/09/2018,9/10/2018,RGS,207,5,29,34,TOOWOOMBA,TOOWOOMBA NORTH
4350,1,1 BR APARTMENT,1/05/2019,7/05/2019,24/05/2019,RGS,207,6,17,23,TOOWOOMBA,TOOWOOMBA SOUTH
4350,1,1 BR SENIOR UNIT,23/11/2018,27/11/2018,17/12/2018,SNR,207,4,20,24,TOOWOOMBA,TOOWOOMBA NORTH
4350,1,1 BR SENIOR UNIT,22/11/2018,22/11/2018,22/11/2018,SNR,207,0,0,0,TOOWOOMBA,TOOWOOMBA NORTH
4350,1,1 BR SENIOR UNIT,21/06/2018,29/06/2018,21/08/2018,SNR,207,8,53,61,TOOWOOMBA,TOOWOOMBA NORTH
4350,3,3 BR DETACHED HOUSE,11/07/2018,20/07/2018,23/08/2018,RGS,207,9,34,43,TOOWOOMBA,TOOWOOMBA NORTH
4350,2,2 BR CLUSTER HOUSING,19/11/2018,23/11/2018,4/12/2018,RGS,207,4,11,15,TOOWOOMBA,TOOWOOMBA NORTH
4350,3,3 BR DETACHED HOUSE,24/08/2018,31/08/2018,20/09/2018,RGS,207,7,20,27,TOOWOOMBA,TOOWOOMBA SOUTH
4350,1,1 BR APARTMENT,11/07/2018,18/07/2018,13/09/2018,RGS,207,7,57,64,TOOWOOMBA,TOOWOOMBA SOUTH
4350,1,1 BR APARTMENT,24/01/2019,31/01/2019,27/03/2019,RGS,207,7,55,62,TOOWOOMBA,TOOWOOMBA SOUTH
4350,1,1 BR APARTMENT,7/01/2019,11/01/2019,27/02/2019,RGS,207,4,47,51,TOOWOOMBA,TOOWOOMBA NORTH
4350,1,1 BR SENIOR UNIT,5/12/2018,13/12/2018,4/01/2019,SNR,207,8,22,30,TOOWOOMBA,TOOWOOMBA SOUTH
4350,1,1 BR SENIOR UNIT,4/12/2018,10/12/2018,30/01/2019,SNR,207,6,51,57,TOOWOOMBA,TOOWOOMBA SOUTH
4350,1,1 BR APARTMENT,21/11/2018,28/11/2018,22/01/2019,RGS,207,7,55,62,TOOWOOMBA,TOOWOOMBA NORTH
4350,1,1 BR APARTMENT,20/09/2018,26/09/2018,26/10/2018,RGS,207,6,30,36,TOOWOOMBA,TOOWOOMBA NORTH
4350,1,1 BR APARTMENT,28/09/2018,5/10/2018,7/12/2018,RGS,207,7,63,70,TOOWOOMBA,TOOWOOMBA NORTH
4350,2,2 BR ATTACHED HOUSING,14/12/2018,21/12/2018,13/03/2019,RGS,207,7,82,89,TOOWOOMBA,TOOWOOMBA SOUTH
4350,1,1 BR SENIOR UNIT,26/06/2018,5/07/2018,30/07/2018,SNR,207,9,25,34,TOOWOOMBA,TOOWOOMBA NORTH
4350,1,1 BR SENIOR UNIT,25/01/2019,31/01/2019,20/02/2019,SNR,207,6,20,26,TOOWOOMBA,TOOWOOMBA NORTH
4350,1,1 BR SENIOR UNIT,6/08/2018,10/08/2018,31/08/2018,SNR,207,4,21,25,TOOWOOMBA,TOOWOOMBA NORTH
4350,1,1 BR SENIOR UNIT,14/12/2018,19/12/2018,24/06/2019,SNR,207,5,187,192,TOOWOOMBA,TOOWOOMBA NORTH
4350,2,2 BR DUPLEX,8/08/2018,16/08/2018,27/08/2018,RGS,207,8,11,19,TOOWOOMBA,TOOWOOMBA SOUTH
4350,2,2 BR APARTMENT,23/10/2018,26/10/2018,31/10/2018,RGS,207,3,5,8,TOOWOOMBA,TOOWOOMBA SOUTH
4119,2,2 BR ATTACHED HOUSING,15/08/2018,28/08/2018,28/08/2018,RGS,101,13,0,13,LOGAN,WATERFORD
4119,2,2 BR ATTACHED HOUSING,12/04/2019,1/05/2019,9/05/2019,RGS,101,19,8,27,LOGAN,WATERFORD
4119,2,2 BR ATTACHED HOUSING,30/04/2019,22/05/2019,10/06/2019,RGS,101,22,19,41,LOGAN,WATERFORD
4119,1,1 BR SENIOR UNIT,7/06/2018,19/06/2018,2/07/2018,SNR,101,12,13,25,LOGAN,WATERFORD
4119,2,2 BR APARTMENT,3/07/2018,18/07/2018,24/07/2018,RGS,101,15,6,21,LOGAN,WATERFORD
4119,2,2 BR APARTMENT,26/07/2018,26/07/2018,26/07/2018,RGS,101,0,0,0,LOGAN,WATERFORD
4655,3,3 BR DUPLEX,1/11/2018,13/11/2018,16/11/2018,RGS,213,12,3,15,FRASER COAST,HERVEY BAY
4655,3,3 BR DUPLEX,19/11/2018,28/11/2018,12/12/2018,RGS,213,9,14,23,FRASER COAST,HERVEY BAY
4655,2,2 BR DUPLEX,26/06/2018,5/07/2018,27/07/2018,RGS,213,9,22,31,FRASER COAST,HERVEY BAY
4655,3,3 BR DETACHED HOUSE,23/10/2018,24/10/2018,24/10/2018,RGS,213,1,0,1,FRASER COAST,HERVEY BAY
4655,3,3 BR DETACHED HOUSE,18/09/2018,26/09/2018,11/10/2018,RGS,213,8,15,23,FRASER COAST,HERVEY BAY
4655,3,3 BR DETACHED HOUSE,21/06/2019,21/06/2019,21/06/2019,RGS,213,0,0,0,FRASER COAST,HERVEY BAY
4655,1,1 BR APARTMENT,27/03/2019,9/04/2019,12/04/2019,RGS,213,13,3,16,FRASER COAST,HERVEY BAY
4655,3,3 BR DETACHED HOUSE,20/06/2019,20/06/2019,20/06/2019,RGS,213,0,0,0,FRASER COAST,HERVEY BAY
4655,3,3 BR DETACHED HOUSE,19/12/2018,24/01/2019,25/01/2019,RGS,213,36,1,37,FRASER COAST,HERVEY BAY
4655,3,3 BR DETACHED HOUSE,17/08/2018,29/08/2018,29/08/2018,RGS,213,12,0,12,FRASER COAST,HERVEY BAY
4655,3,3 BR DETACHED HOUSE,29/06/2018,12/07/2018,16/07/2018,RGS,213,13,4,17,FRASER COAST,HERVEY BAY
4655,3,3 BR DETACHED HOUSE,14/06/2018,16/08/2018,16/08/2018,RGS,213,63,0,63,FRASER COAST,HERVEY BAY
4165,3,3 BR DETACHED HOUSE,5/03/2019,27/03/2019,1/04/2019,RGS,106,22,5,27,REDLAND,REDLANDS
4165,3,3 BR DETACHED HOUSE,18/04/2019,29/05/2019,5/06/2019,RGS,106,41,7,48,REDLAND,REDLANDS
4370,1,1 BR SENIOR UNIT,7/05/2019,14/05/2019,24/06/2019,SNR,207,7,41,48,SOUTHERN DOWNS,SOUTHERN DOWNS
4370,3,3 BR DETACHED HOUSE,11/02/2019,22/02/2019,17/04/2019,RGS,207,11,54,65,SOUTHERN DOWNS,SOUTHERN DOWNS
4370,2,2 BR DUPLEX,7/08/2018,22/08/2018,25/09/2018,RGS,207,15,34,49,SOUTHERN DOWNS,SOUTHERN DOWNS
4370,3,3 BR DETACHED HOUSE,13/06/2018,22/06/2018,2/08/2018,RGS,207,9,41,50,SOUTHERN DOWNS,SOUTHERN DOWNS
4370,1,1 BR SENIOR UNIT,21/11/2018,30/11/2018,20/02/2019,SNR,207,9,82,91,SOUTHERN DOWNS,SOUTHERN DOWNS
4370,1,1 BR SENIOR UNIT,30/04/2019,3/05/2019,11/06/2019,SNR,207,3,39,42,SOUTHERN DOWNS,SOUTHERN DOWNS
4370,4,4 BR DETACHED HOUSE,9/05/2018,25/05/2018,3/09/2018,RGS,207,16,101,117,SOUTHERN DOWNS,SOUTHERN DOWNS
4114,3,3 BR DETACHED HOUSE,11/07/2018,6/08/2018,17/08/2018,RGS,101,26,11,37,LOGAN,WOODRIDGE
4114,3,3 BR DETACHED HOUSE,20/12/2018,17/01/2019,18/01/2019,RGS,101,28,1,29,LOGAN,WOODRIDGE
4114,3,3 BR DETACHED HOUSE,24/04/2019,15/05/2019,22/05/2019,RGS,101,21,7,28,LOGAN,WOODRIDGE
4114,3,3 BR DETACHED HOUSE,16/04/2019,8/05/2019,16/05/2019,RGS,101,22,8,30,LOGAN,WOODRIDGE
4114,3,3 BR DETACHED HOUSE,18/01/2019,7/02/2019,15/02/2019,RGS,101,20,8,28,LOGAN,WOODRIDGE
4114,3,3 BR DETACHED HOUSE,27/05/2019,28/05/2019,28/05/2019,RGS,101,1,0,1,LOGAN,WOODRIDGE
4114,3,3 BR DETACHED HOUSE,21/05/2019,21/05/2019,22/05/2019,RGS,101,0,1,1,LOGAN,WOODRIDGE
4114,3,3 BR DETACHED HOUSE,29/05/2019,10/06/2019,25/06/2019,RGS,101,12,15,27,LOGAN,WOODRIDGE
4114,3,3 BR DETACHED HOUSE,12/04/2019,9/05/2019,24/05/2019,RGS,101,27,15,42,LOGAN,WOODRIDGE
4114,3,3 BR DETACHED HOUSE,26/04/2019,17/05/2019,28/05/2019,RGS,101,21,11,32,LOGAN,WOODRIDGE
4114,3,3 BR DETACHED HOUSE,24/12/2018,23/01/2019,30/01/2019,RGS,101,30,7,37,LOGAN,WOODRIDGE
4114,3,3 BR DETACHED HOUSE,25/09/2018,19/10/2018,22/10/2018,RGS,101,24,3,27,LOGAN,WOODRIDGE
4114,3,3 BR DETACHED HOUSE,21/06/2019,24/06/2019,24/06/2019,RGS,101,3,0,3,LOGAN,WOODRIDGE
4114,3,3 BR DETACHED HOUSE,19/06/2018,9/07/2018,16/07/2018,RGS,101,20,7,27,LOGAN,WOODRIDGE
4114,3,3 BR DETACHED HOUSE,15/08/2018,3/09/2018,5/09/2018,RGS,101,19,2,21,LOGAN,WOODRIDGE
4114,3,3 BR DETACHED HOUSE,5/03/2019,25/03/2019,4/04/2019,RGS,101,20,10,30,LOGAN,WOODRIDGE
4114,3,3 BR DETACHED HOUSE,22/03/2019,4/04/2019,12/04/2019,RGS,101,13,8,21,LOGAN,WOODRIDGE
4114,3,3 BR DETACHED HOUSE,20/08/2018,6/09/2018,10/09/2018,RGS,101,17,4,21,LOGAN,WOODRIDGE
4114,3,3 BR DETACHED HOUSE,2/11/2018,21/11/2018,28/11/2018,RGS,101,19,7,26,LOGAN,WOODRIDGE
4114,3,3 BR DETACHED HOUSE,23/05/2019,7/06/2019,11/06/2019,RGS,101,15,4,19,LOGAN,WOODRIDGE
4114,3,3 BR DETACHED HOUSE,22/03/2019,4/04/2019,24/04/2019,RGS,101,13,20,33,LOGAN,WOODRIDGE
4114,3,3 BR DETACHED HOUSE,9/11/2018,10/12/2018,12/12/2018,RGS,101,31,2,33,LOGAN,WOODRIDGE
4114,3,3 BR DETACHED HOUSE,9/01/2019,29/01/2019,31/01/2019,RGS,101,20,2,22,LOGAN,WOODRIDGE
4114,3,3 BR DETACHED HOUSE,18/04/2019,7/05/2019,20/05/2019,RGS,101,19,13,32,LOGAN,WOODRIDGE
4114,3,3 BR DETACHED HOUSE,29/11/2018,24/12/2018,3/01/2019,RGS,101,25,10,35,LOGAN,WOODRIDGE
4114,5,5 BR DETACHED HOUSE,9/07/2018,27/07/2018,16/08/2018,RGS,101,18,20,38,LOGAN,WOODRIDGE
4114,3,3 BR DETACHED HOUSE,15/04/2019,26/04/2019,2/05/2019,RGS,101,11,6,17,LOGAN,WOODRIDGE
4114,3,3 BR DETACHED HOUSE,10/06/2019,20/06/2019,28/06/2019,RGS,101,10,8,18,LOGAN,WOODRIDGE
4114,3,3 BR DETACHED HOUSE,19/11/2018,2/01/2019,3/01/2019,RGS,101,44,1,45,LOGAN,WOODRIDGE
4114,3,3 BR DETACHED HOUSE,19/03/2019,5/04/2019,10/04/2019,RGS,101,17,5,22,LOGAN,WOODRIDGE
4114,3,3 BR DETACHED HOUSE,23/04/2019,15/05/2019,16/05/2019,RGS,101,22,1,23,LOGAN,WOODRIDGE
4114,3,3 BR DETACHED HOUSE,18/01/2019,21/01/2019,24/01/2019,RGS,101,3,3,6,LOGAN,WOODRIDGE
4114,3,3 BR DETACHED HOUSE,5/12/2018,24/12/2018,8/01/2019,RGS,101,19,15,34,LOGAN,WOODRIDGE
4114,4,4 BR DETACHED HOUSE,6/02/2019,27/02/2019,28/02/2019,RGS,101,21,1,22,LOGAN,WOODRIDGE
4114,3,3 BR DETACHED HOUSE,24/05/2019,10/06/2019,12/06/2019,RGS,101,17,2,19,LOGAN,WOODRIDGE
4114,1,1 BR SENIOR UNIT,11/03/2019,20/03/2019,3/04/2019,SNR,101,9,14,23,LOGAN,WOODRIDGE
4114,1,1 BR SENIOR UNIT,20/12/2018,14/01/2019,25/01/2019,SNR,101,25,11,36,LOGAN,WOODRIDGE
4114,3,3 BR DETACHED HOUSE,22/01/2019,6/02/2019,8/02/2019,RGS,101,15,2,17,LOGAN,WOODRIDGE
4114,2,2 BR ATTACHED HOUSING,29/03/2019,10/04/2019,11/04/2019,RGS,101,12,1,13,LOGAN,WOODRIDGE
4114,2,2 BR ATTACHED HOUSING,23/05/2018,29/06/2018,3/07/2018,RGS,101,37,4,41,LOGAN,WOODRIDGE
4114,2,2 BR ATTACHED HOUSING,4/04/2019,15/04/2019,17/04/2019,RGS,101,11,2,13,LOGAN,WOODRIDGE
4114,2,2 BR ATTACHED HOUSING,8/03/2019,28/03/2019,9/04/2019,RGS,101,20,12,32,LOGAN,WOODRIDGE
4114,2,2 BR ATTACHED HOUSING,21/05/2019,4/06/2019,25/06/2019,RGS,101,14,21,35,LOGAN,WOODRIDGE
4114,2,2 BR ATTACHED HOUSING,2/04/2019,12/04/2019,23/04/2019,RGS,101,10,11,21,LOGAN,WOODRIDGE
4114,3,3 BR DETACHED HOUSE,6/03/2019,19/03/2019,29/03/2019,RGS,101,13,10,23,LOGAN,WOODRIDGE
4114,3,3 BR DETACHED HOUSE,15/04/2019,1/05/2019,15/05/2019,RGS,101,16,14,30,LOGAN,WOODRIDGE
4114,3,3 BR DETACHED HOUSE,2/07/2018,19/07/2018,31/07/2018,RGS,101,17,12,29,LOGAN,WOODRIDGE
4114,3,3 BR DETACHED HOUSE,14/03/2019,29/03/2019,5/04/2019,RGS,101,15,7,22,LOGAN,WOODRIDGE
4114,1,1 BR APARTMENT,13/05/2019,28/05/2019,7/06/2019,RGS,101,15,10,25,LOGAN,WOODRIDGE
4114,3,3 BR ATTACHED HOUSING,8/10/2018,22/10/2018,24/10/2018,RGS,101,14,2,16,LOGAN,WOODRIDGE
4114,3,3 BR ATTACHED HOUSING,29/04/2019,13/05/2019,28/05/2019,RGS,101,14,15,29,LOGAN,WOODRIDGE
4114,3,3 BR ATTACHED HOUSING,7/08/2018,23/08/2018,28/08/2018,RGS,101,16,5,21,LOGAN,WOODRIDGE
4114,3,3 BR ATTACHED HOUSING,22/05/2019,4/06/2019,11/06/2019,RGS,101,13,7,20,LOGAN,WOODRIDGE
4114,3,3 BR ATTACHED HOUSING,13/06/2019,13/06/2019,20/06/2019,RGS,101,0,7,7,LOGAN,WOODRIDGE
4114,2,2 BR ATTACHED HOUSING,13/11/2018,6/12/2018,7/12/2018,RGS,101,23,1,24,LOGAN,WOODRIDGE
4114,2,2 BR ATTACHED HOUSING,26/03/2019,1/04/2019,2/04/2019,RGS,101,6,1,7,LOGAN,WOODRIDGE
4114,2,2 BR ATTACHED HOUSING,28/11/2018,7/01/2019,8/01/2019,RGS,101,40,1,41,LOGAN,WOODRIDGE
4114,2,2 BR ATTACHED HOUSING,17/12/2018,17/01/2019,30/01/2019,RGS,101,31,13,44,LOGAN,WOODRIDGE
4114,4,4 BR CLUSTER HOUSING,5/11/2018,27/11/2018,10/12/2018,RGS,101,22,13,35,LOGAN,WOODRIDGE
4114,3,3 BR CLUSTER HOUSING,14/08/2018,3/09/2018,6/09/2018,RGS,101,20,3,23,LOGAN,WOODRIDGE
4114,3,3 BR CLUSTER HOUSING,6/09/2018,21/09/2018,2/10/2018,RGS,101,15,11,26,LOGAN,WOODRIDGE
4114,2,2 BR ATTACHED HOUSING,28/03/2019,10/04/2019,12/04/2019,RGS,101,13,2,15,LOGAN,WOODRIDGE
4114,2,2 BR ATTACHED HOUSING,22/05/2019,10/06/2019,20/06/2019,RGS,101,19,10,29,LOGAN,WOODRIDGE
4114,2,2 BR ATTACHED HOUSING,25/02/2019,13/03/2019,18/03/2019,RGS,101,16,5,21,LOGAN,WOODRIDGE
4114,2,2 BR ATTACHED HOUSING,18/02/2019,1/03/2019,7/03/2019,RGS,101,11,6,17,LOGAN,WOODRIDGE
4114,2,2 BR ATTACHED HOUSING,5/04/2019,17/04/2019,30/04/2019,RGS,101,12,13,25,LOGAN,WOODRIDGE
4114,3,3 BR DETACHED HOUSE,25/03/2019,30/04/2019,30/04/2019,RGS,101,36,0,36,LOGAN,WOODRIDGE
4114,2,2 BR APARTMENT,11/01/2019,23/01/2019,25/01/2019,RGS,101,12,2,14,LOGAN,WOODRIDGE
4114,2,2 BR APARTMENT,3/06/2019,18/06/2019,26/06/2019,RGS,101,15,8,23,LOGAN,WOODRIDGE
4114,3,3 BR DETACHED HOUSE,21/03/2019,21/03/2019,29/03/2019,RGS,101,0,8,8,LOGAN,WOODRIDGE
4114,3,3 BR DETACHED HOUSE,12/02/2019,4/03/2019,15/03/2019,RGS,101,20,11,31,LOGAN,WOODRIDGE
4114,3,3 BR DETACHED HOUSE,9/05/2019,28/05/2019,29/05/2019,RGS,101,19,1,20,LOGAN,WOODRIDGE
4114,2,2 BR ATTACHED HOUSING,7/02/2019,20/02/2019,22/02/2019,RGS,101,13,2,15,LOGAN,WOODRIDGE
4114,2,2 BR ATTACHED HOUSING,8/04/2019,18/04/2019,2/05/2019,RGS,101,10,14,24,LOGAN,WOODRIDGE
4114,2,2 BR ATTACHED HOUSING,31/10/2018,8/11/2018,12/11/2018,RGS,101,8,4,12,LOGAN,WOODRIDGE
4114,2,2 BR ATTACHED HOUSING,12/10/2018,5/11/2018,8/11/2018,RGS,101,24,3,27,LOGAN,WOODRIDGE
4114,2,2 BR ATTACHED HOUSING,17/04/2019,22/05/2019,31/05/2019,RGS,101,35,9,44,LOGAN,WOODRIDGE
4114,1,1 BR APARTMENT,20/07/2018,10/08/2018,20/08/2018,RGS,101,21,10,31,LOGAN,WOODRIDGE
4114,1,1 BR APARTMENT,27/08/2018,10/09/2018,14/09/2018,RGS,101,14,4,18,LOGAN,WOODRIDGE
4114,1,1 BR APARTMENT,27/06/2018,5/07/2018,9/07/2018,RGS,101,8,4,12,LOGAN,WOODRIDGE
4114,1,1 BR APARTMENT,19/11/2018,13/12/2018,15/01/2019,RGS,101,24,33,57,LOGAN,WOODRIDGE
4114,1,1 BR SENIOR UNIT,11/06/2018,22/06/2018,5/07/2018,SNR,101,11,13,24,LOGAN,WOODRIDGE
4114,1,1 BR SENIOR UNIT,12/11/2018,3/12/2018,4/12/2018,SNR,101,21,1,22,LOGAN,WOODRIDGE
4114,2,2 BR DUPLEX,18/03/2019,2/04/2019,12/04/2019,RGS,101,15,10,25,LOGAN,WOODRIDGE
4114,1,1 BR SENIOR UNIT,18/12/2018,4/01/2019,30/01/2019,SNR,101,17,26,43,LOGAN,WOODRIDGE
4114,1,1 BR SENIOR UNIT,15/08/2018,30/08/2018,20/09/2018,SNR,101,15,21,36,LOGAN,WOODRIDGE
4114,3,3 BR DETACHED HOUSE,24/04/2019,22/05/2019,10/06/2019,RGS,101,28,19,47,LOGAN,WOODRIDGE
4114,2,2 BR APARTMENT,4/01/2019,23/01/2019,25/01/2019,RGS,101,19,2,21,LOGAN,WOODRIDGE
4114,2,2 BR APARTMENT,22/03/2019,4/04/2019,18/04/2019,RGS,101,13,14,27,LOGAN,WOODRIDGE
4114,2,2 BR APARTMENT,2/08/2018,23/08/2018,4/09/2018,RGS,101,21,12,33,LOGAN,WOODRIDGE
4114,2,2 BR APARTMENT,12/02/2019,19/02/2019,4/03/2019,RGS,101,7,13,20,LOGAN,WOODRIDGE
4114,2,2 BR DUAL OCCUPANCY,24/07/2018,8/08/2018,30/08/2018,RGS,101,15,22,37,LOGAN,WOODRIDGE
4114,1,1 BR APARTMENT,30/04/2019,10/05/2019,30/05/2019,RGS,101,10,20,30,LOGAN,WOODRIDGE
4114,2,2 BR APARTMENT,11/07/2018,27/07/2018,2/08/2018,RGS,101,16,6,22,LOGAN,WOODRIDGE
4114,2,2 BR APARTMENT,15/06/2018,9/07/2018,12/07/2018,RGS,101,24,3,27,LOGAN,WOODRIDGE
4114,2,2 BR APARTMENT,6/08/2018,4/09/2018,10/09/2018,RGS,101,29,6,35,LOGAN,WOODRIDGE
4114,2,2 BR APARTMENT,28/09/2018,28/09/2018,2/10/2018,RGS,101,0,4,4,LOGAN,WOODRIDGE
4114,2,2 BR APARTMENT,15/04/2019,26/04/2019,22/05/2019,RGS,101,11,26,37,LOGAN,WOODRIDGE
4114,2,2 BR APARTMENT,19/09/2018,2/10/2018,12/10/2018,RGS,101,13,10,23,LOGAN,WOODRIDGE
4114,2,2 BR APARTMENT,16/05/2019,4/06/2019,6/06/2019,RGS,101,19,2,21,LOGAN,WOODRIDGE
4114,2,2 BR APARTMENT,21/01/2019,22/01/2019,25/01/2019,RGS,101,1,3,4,LOGAN,WOODRIDGE
4114,2,2 BR APARTMENT,13/11/2018,13/12/2018,19/12/2018,RGS,101,30,6,36,LOGAN,WOODRIDGE
4114,3,3 BR DETACHED HOUSE,29/04/2019,21/05/2019,3/06/2019,RGS,101,22,13,35,LOGAN,WOODRIDGE
4114,2,2 BR ATTACHED HOUSING,31/08/2018,13/09/2018,21/09/2018,RGS,101,13,8,21,LOGAN,WOODRIDGE
4114,2,2 BR APARTMENT,26/04/2019,13/05/2019,31/05/2019,RGS,101,17,18,35,LOGAN,WOODRIDGE
4114,2,2 BR APARTMENT,9/04/2019,18/04/2019,16/05/2019,RGS,101,9,28,37,LOGAN,WOODRIDGE
4114,2,2 BR APARTMENT,15/05/2019,31/05/2019,7/06/2019,RGS,101,16,7,23,LOGAN,WOODRIDGE
4114,2,2 BR APARTMENT,19/03/2019,2/04/2019,4/04/2019,RGS,101,14,2,16,LOGAN,WOODRIDGE
4114,2,2 BR APARTMENT,17/01/2019,31/01/2019,1/02/2019,RGS,101,14,1,15,LOGAN,WOODRIDGE
4114,2,2 BR APARTMENT,27/07/2018,10/08/2018,21/08/2018,RGS,101,14,11,25,LOGAN,WOODRIDGE
4114,2,2 BR APARTMENT,3/06/2019,18/06/2019,27/06/2019,RGS,101,15,9,24,LOGAN,WOODRIDGE
4114,3,3 BR DETACHED HOUSE,2/04/2019,1/05/2019,20/05/2019,RGS,101,29,19,48,LOGAN,WOODRIDGE
4114,2,2 BR DUPLEX,21/09/2018,10/10/2018,19/10/2018,AHG,101,19,9,28,LOGAN,WOODRIDGE
4114,2,2 BR DUPLEX,7/05/2019,28/05/2019,30/05/2019,AHG,101,21,2,23,LOGAN,WOODRIDGE
4160,1,1 BR SENIOR UNIT,13/11/2018,29/11/2018,30/11/2018,SNR,106,16,1,17,REDLAND,OODGEROO
4160,1,1 BR SENIOR UNIT,2/04/2019,29/04/2019,9/05/2019,SNR,106,27,10,37,REDLAND,OODGEROO
4160,1,1 BR SENIOR UNIT,20/12/2018,21/01/2019,23/01/2019,SNR,106,32,2,34,REDLAND,OODGEROO
4160,1,1 BR SENIOR UNIT,30/07/2018,15/08/2018,28/08/2018,SNR,106,16,13,29,REDLAND,OODGEROO
4160,1,1 BR SENIOR UNIT,17/05/2019,7/06/2019,28/06/2019,SNR,106,21,21,42,REDLAND,OODGEROO
4160,3,3 BR DETACHED HOUSE,12/02/2019,25/02/2019,25/02/2019,RGS,106,13,0,13,REDLAND,CAPALABA
4160,4,4 BR DETACHED HOUSE,17/10/2018,22/11/2018,23/11/2018,RGS,106,36,1,37,REDLAND,CAPALABA
4133,3,3 BR DETACHED HOUSE,17/04/2019,9/05/2019,23/05/2019,RGS,101,22,14,36,LOGAN,WATERFORD
4133,3,3 BR DETACHED HOUSE,5/10/2018,26/10/2018,1/11/2018,RGS,101,21,6,27,LOGAN,WATERFORD
4133,3,3 BR DETACHED HOUSE,29/10/2018,26/11/2018,26/11/2018,RGS,101,28,0,28,LOGAN,WATERFORD
4133,2,2 BR DUPLEX,15/01/2019,15/01/2019,16/01/2019,RGS,101,0,1,1,LOGAN,WATERFORD
4133,2,2 BR DUPLEX,5/10/2018,11/10/2018,11/10/2018,RGS,101,6,0,6,LOGAN,WATERFORD
4133,2,2 BR DUPLEX,18/06/2018,10/07/2018,17/07/2018,RGS,101,22,7,29,LOGAN,WATERFORD
4133,3,3 BR DETACHED HOUSE,27/05/2019,19/06/2019,27/06/2019,RGS,101,23,8,31,LOGAN,WATERFORD
4133,3,3 BR DETACHED HOUSE,15/04/2019,8/05/2019,21/05/2019,RGS,101,23,13,36,LOGAN,WATERFORD
4133,3,3 BR DETACHED HOUSE,26/03/2019,5/04/2019,8/04/2019,RGS,101,10,3,13,LOGAN,WATERFORD
4133,3,3 BR DETACHED HOUSE,22/02/2019,5/03/2019,6/03/2019,RGS,101,11,1,12,LOGAN,WATERFORD
4133,3,3 BR DETACHED HOUSE,30/05/2019,14/06/2019,25/06/2019,RGS,101,15,11,26,LOGAN,WATERFORD
4133,3,3 BR DETACHED HOUSE,11/03/2019,27/03/2019,12/04/2019,RGS,101,16,16,32,LOGAN,WATERFORD
4133,3,3 BR DETACHED HOUSE,8/04/2019,18/04/2019,2/05/2019,RGS,101,10,14,24,LOGAN,WATERFORD
4133,2,2 BR ATTACHED HOUSING,28/09/2018,12/10/2018,25/10/2018,RGS,101,14,13,27,LOGAN,WATERFORD
4133,2,2 BR ATTACHED HOUSING,3/08/2018,16/08/2018,30/08/2018,RGS,101,13,14,27,LOGAN,WATERFORD
4133,2,2 BR ATTACHED HOUSING,27/08/2018,7/09/2018,20/09/2018,RGS,101,11,13,24,LOGAN,WATERFORD
4133,2,2 BR ATTACHED HOUSING,11/01/2019,24/01/2019,31/01/2019,RGS,101,13,7,20,LOGAN,WATERFORD
4133,2,2 BR ATTACHED HOUSING,22/05/2019,14/06/2019,21/06/2019,RGS,101,23,7,30,LOGAN,WATERFORD
4133,2,2 BR ATTACHED HOUSING,19/06/2018,3/07/2018,5/07/2018,RGS,101,14,2,16,LOGAN,WATERFORD
4133,2,2 BR ATTACHED HOUSING,20/06/2018,19/07/2018,9/08/2018,RGS,101,29,21,50,LOGAN,WATERFORD
4133,1,1 BR SENIOR UNIT,6/11/2018,23/11/2018,27/11/2018,SNR,101,17,4,21,LOGAN,WATERFORD
4133,1,1 BR SENIOR UNIT,4/09/2018,18/09/2018,20/09/2018,SNR,101,14,2,16,LOGAN,WATERFORD
4133,1,1 BR SENIOR UNIT,16/04/2019,7/05/2019,15/05/2019,SNR,101,21,8,29,LOGAN,WATERFORD
4875,3,3 BR DUAL OCCUPANCY,21/12/2018,31/01/2019,22/02/2019,RGS,210,41,22,63,TORRES,COOK
4871,4,4 BR DETACHED HOUSE,17/05/2018,17/07/2018,2/08/2018,RGS,202,61,16,77,CASSOWARY COAST,HILL
4735,2,2 BR DETACHED HOUSE,15/03/2019,11/04/2019,6/06/2019,RGS,211,27,56,83,WINTON,GREGORY
4735,2,2 BR DETACHED HOUSE,16/08/2018,22/11/2018,9/01/2019,RGS,211,98,48,146,WINTON,GREGORY
4735,3,3 BR DETACHED HOUSE,21/11/2018,12/12/2018,9/01/2019,RGS,211,21,28,49,WINTON,GREGORY
4735,1,1 BR CLUSTER HOUSING,17/10/2018,29/11/2018,2/04/2019,RGS,211,43,124,167,WINTON,GREGORY
4606,3,3 BR DETACHED HOUSE,22/01/2019,7/02/2019,13/02/2019,RGS,213,16,6,22,SOUTH BURNETT,NANANGO
4606,2,2 BR ATTACHED HOUSING,16/01/2019,29/01/2019,31/01/2019,RGS,213,13,2,15,SOUTH BURNETT,NANANGO
4606,2,2 BR DUPLEX,16/11/2018,30/11/2018,10/12/2018,RGS,213,14,10,24,SOUTH BURNETT,NANANGO
4606,3,3 BR DETACHED HOUSE,25/06/2018,5/07/2018,16/07/2018,RGS,213,10,11,21,SOUTH BURNETT,NANANGO
4606,3,3 BR DETACHED HOUSE,6/09/2018,6/09/2018,6/09/2018,AHG,213,0,0,0,SOUTH BURNETT,NANANGO
4606,5,5 BR DETACHED HOUSE,6/09/2018,28/09/2018,10/10/2018,AHG,213,22,12,34,SOUTH BURNETT,NANANGO
4575,2,2 BR DUPLEX,5/12/2018,13/12/2018,24/12/2018,RGS,205,8,11,19,SUNSHINE COAST,KAWANA
4575,2,2 BR DUPLEX,4/02/2019,15/02/2019,22/02/2019,RGS,205,11,7,18,SUNSHINE COAST,KAWANA
4575,3,3 BR DETACHED HOUSE,27/06/2018,10/07/2018,11/07/2018,RGS,205,13,1,14,SUNSHINE COAST,KAWANA
4575,4,4 BR DETACHED HOUSE,10/05/2019,24/05/2019,4/06/2019,RGS,205,14,11,25,SUNSHINE COAST,KAWANA
4575,3,3 BR DETACHED HOUSE,18/09/2018,28/09/2018,15/10/2018,RGS,205,10,17,27,SUNSHINE COAST,KAWANA
4575,3,3 BR DETACHED HOUSE,26/10/2018,6/11/2018,4/12/2018,RGS,205,11,28,39,SUNSHINE COAST,KAWANA
4561,1,1 BR SENIOR UNIT,26/10/2018,7/11/2018,30/11/2018,SNR,205,12,23,35,SUNSHINE COAST,NICKLIN
4561,3,3 BR DETACHED HOUSE,8/06/2018,20/06/2018,13/07/2018,RGS,205,12,23,35,SUNSHINE COAST,NICKLIN
4703,1,1 BR SENIOR UNIT,7/08/2018,10/09/2018,10/10/2018,SNR,206,34,30,64,LIVINGSTONE,KEPPEL
4703,1,1 BR SENIOR UNIT,1/11/2017,14/12/2017,24/01/2019,SNR,206,43,406,449,LIVINGSTONE,KEPPEL
4703,1,1 BR SENIOR UNIT,4/06/2018,20/06/2018,17/08/2018,SNR,206,16,58,74,LIVINGSTONE,KEPPEL
4703,1,1 BR SENIOR UNIT,26/04/2019,3/05/2019,14/05/2019,SNR,206,7,11,18,LIVINGSTONE,KEPPEL
4703,3,3 BR DETACHED HOUSE,23/04/2018,1/06/2018,10/07/2018,RGS,206,39,39,78,LIVINGSTONE,KEPPEL
4703,2,2 BR ATTACHED HOUSING,17/08/2018,31/08/2018,6/09/2018,RGS,206,14,6,20,LIVINGSTONE,KEPPEL
4703,1,1 BR APARTMENT,21/05/2018,1/06/2018,5/07/2018,RGS,206,11,34,45,LIVINGSTONE,KEPPEL
4703,1,1 BR APARTMENT,19/11/2018,28/11/2018,16/01/2019,RGS,206,9,49,58,LIVINGSTONE,KEPPEL
4703,1,1 BR APARTMENT,20/03/2019,1/04/2019,3/05/2019,RGS,206,12,32,44,LIVINGSTONE,KEPPEL
4703,1,1 BR APARTMENT,1/02/2019,18/02/2019,20/02/2019,RGS,206,17,2,19,LIVINGSTONE,KEPPEL
4703,1,1 BR APARTMENT,21/12/2018,11/01/2019,16/01/2019,RGS,206,21,5,26,LIVINGSTONE,KEPPEL
4703,1,1 BR APARTMENT,7/06/2019,7/06/2019,7/06/2019,RGS,206,0,0,0,LIVINGSTONE,KEPPEL
4703,1,1 BR APARTMENT,16/05/2019,21/05/2019,12/06/2019,RGS,206,5,22,27,LIVINGSTONE,KEPPEL
4703,2,2 BR CLUSTER HOUSING,16/10/2018,16/10/2018,16/10/2018,RGS,206,0,0,0,LIVINGSTONE,KEPPEL
4703,2,2 BR CLUSTER HOUSING,16/10/2018,31/10/2018,20/11/2018,RGS,206,15,20,35,LIVINGSTONE,KEPPEL
4872,3,3 BR DETACHED HOUSE,5/10/2018,18/10/2018,13/12/2018,RGS,202,13,56,69,TABLELANDS,HILL
4621,1,1 BR SENIOR UNIT,27/09/2018,3/10/2018,3/10/2018,RGS,208,6,0,6,NORTH BURNETT,CALLIDE
4621,1,1 BR SENIOR UNIT,27/09/2018,3/10/2018,3/10/2018,RGS,208,6,0,6,NORTH BURNETT,CALLIDE
4621,1,1 BR SENIOR UNIT,19/12/2018,3/01/2019,9/01/2019,RGS,208,15,6,21,NORTH BURNETT,CALLIDE
4621,1,1 BR SENIOR UNIT,27/09/2018,3/10/2018,3/10/2018,RGS,208,6,0,6,NORTH BURNETT,CALLIDE
4621,1,1 BR SENIOR UNIT,27/09/2018,3/10/2018,3/10/2018,RGS,208,6,0,6,NORTH BURNETT,CALLIDE
4621,1,1 BR SENIOR UNIT,27/09/2018,3/10/2018,25/10/2018,RGS,208,6,22,28,NORTH BURNETT,CALLIDE
4621,1,1 BR SENIOR UNIT,27/09/2018,3/10/2018,3/10/2018,RGS,208,6,0,6,NORTH BURNETT,CALLIDE
4621,1,1 BR SENIOR UNIT,27/09/2018,3/10/2018,3/10/2018,RGS,208,6,0,6,NORTH BURNETT,CALLIDE
4621,1,1 BR SENIOR UNIT,20/08/2018,3/10/2018,3/10/2018,RGS,208,44,0,44,NORTH BURNETT,CALLIDE
4621,1,1 BR SENIOR UNIT,27/09/2018,3/10/2018,3/10/2018,RGS,208,6,0,6,NORTH BURNETT,CALLIDE
4621,1,1 BR SENIOR UNIT,29/04/2019,10/05/2019,28/06/2019,RGS,208,11,49,60,NORTH BURNETT,CALLIDE
4621,1,1 BR SENIOR UNIT,19/12/2018,3/01/2019,10/01/2019,RGS,208,15,7,22,NORTH BURNETT,CALLIDE
4621,1,1 BR SENIOR UNIT,18/12/2018,3/01/2019,8/01/2019,RGS,208,16,5,21,NORTH BURNETT,CALLIDE
4621,2,2 BR SENIOR UNIT,27/09/2018,3/10/2018,3/10/2018,RGS,208,6,0,6,NORTH BURNETT,CALLIDE
4621,2,2 BR SENIOR UNIT,27/09/2018,3/10/2018,3/10/2018,RGS,208,6,0,6,NORTH BURNETT,CALLIDE
4621,2,2 BR SENIOR UNIT,27/09/2018,3/10/2018,3/10/2018,RGS,208,6,0,6,NORTH BURNETT,CALLIDE
4621,2,2 BR SENIOR UNIT,27/09/2018,3/10/2018,3/10/2018,RGS,208,6,0,6,NORTH BURNETT,CALLIDE
4110,3,3 BR DETACHED HOUSE,14/02/2019,20/02/2019,5/03/2019,RGS,104,6,13,19,BRISBANE,ALGESTER
4077,4,4 BR DETACHED HOUSE,14/02/2019,4/03/2019,5/03/2019,RGS,104,18,1,19,BRISBANE,INALA
4823,1,1 BR CLUSTER HOUSING,1/11/2017,27/11/2017,25/09/2018,RGS,209,26,302,328,MCKINLAY,TRAEGER
4823,3,3 BR CLUSTER HOUSING,18/05/2018,10/07/2018,3/12/2018,RGS,209,53,146,199,MCKINLAY,TRAEGER
4570,3,3 BR DETACHED HOUSE,22/02/2019,25/02/2019,25/02/2019,RGS,205,3,0,3,GYMPIE,GYMPIE
4570,2,2 BR DETACHED HOUSE,22/02/2019,25/02/2019,1/03/2019,RGS,205,3,4,7,GYMPIE,GYMPIE
4701,3,3 BR DETACHED HOUSE,12/04/2019,23/04/2019,14/05/2019,RGS,206,11,21,32,ROCKHAMPTON,ROCKHAMPTON
4107,3,3 BR DETACHED HOUSE,14/02/2019,12/03/2019,14/03/2019,RGS,107,26,2,28,BRISBANE,TOOHEY
4605,1,1 BR CLUSTER HOUSING,26/04/2019,29/04/2019,30/04/2019,RGS,213,3,1,4,SOUTH BURNETT,NANANGO
4605,1,1 BR CLUSTER HOUSING,26/04/2019,29/04/2019,30/04/2019,RGS,213,3,1,4,SOUTH BURNETT,NANANGO
4605,1,1 BR CLUSTER HOUSING,16/01/2014,16/11/2018,30/04/2019,RGS,213,1765,165,1930,SOUTH BURNETT,NANANGO
4605,1,1 BR CLUSTER HOUSING,26/04/2019,17/05/2019,21/05/2019,RGS,213,21,4,25,SOUTH BURNETT,NANANGO
4605,1,1 BR CLUSTER HOUSING,26/04/2019,17/05/2019,21/05/2019,RGS,213,21,4,25,SOUTH BURNETT,NANANGO
4605,1,1 BR CLUSTER HOUSING,26/04/2019,29/04/2019,29/04/2019,RGS,213,3,0,3,SOUTH BURNETT,NANANGO
4605,1,1 BR CLUSTER HOUSING,26/04/2019,29/04/2019,30/04/2019,RGS,213,3,1,4,SOUTH BURNETT,NANANGO
4605,1,1 BR CLUSTER HOUSING,26/04/2019,17/05/2019,22/05/2019,RGS,213,21,5,26,SOUTH BURNETT,NANANGO
4354,2,2 BR DUPLEX,15/04/2013,22/04/2013,14/06/2019,RGS,207,7,2244,2251,TOOWOOMBA,CONDAMINE
4605,2,2 BR APARTMENT,26/04/2019,30/04/2019,30/04/2019,RGS,213,4,0,4,SOUTH BURNETT,NANANGO
4605,2,2 BR APARTMENT,26/04/2019,29/04/2019,30/04/2019,RGS,213,3,1,4,SOUTH BURNETT,NANANGO
4605,2,2 BR APARTMENT,26/04/2019,3/05/2019,3/05/2019,RGS,213,7,0,7,SOUTH BURNETT,NANANGO
4671,1,1 BR DUPLEX,27/09/2018,2/10/2018,2/10/2018,RGS,208,5,0,5,NORTH BURNETT,CALLIDE
4671,1,1 BR DUPLEX,27/09/2018,15/11/2018,18/12/2018,RGS,208,49,33,82,NORTH BURNETT,CALLIDE
4301,4,4 BR DETACHED HOUSE,19/10/2018,22/10/2018,23/10/2018,RGS,102,3,1,4,IPSWICH,BUNDAMBA
4107,3,3 BR DETACHED HOUSE,13/02/2019,15/03/2019,18/03/2019,RGS,107,30,3,33,BRISBANE,TOOHEY
4301,3,3 BR DETACHED HOUSE,19/10/2018,22/10/2018,23/10/2018,RGS,102,3,1,4,IPSWICH,BUNDAMBA
4078,2,2 BR DETACHED HOUSE,14/02/2019,8/03/2019,14/03/2019,RGS,104,22,6,28,BRISBANE,INALA
4750,3,3 BR DETACHED HOUSE,27/08/2018,30/08/2018,30/08/2018,RGS,203,3,0,3,MACKAY,WHITSUNDAY
4740,3,3 BR DETACHED HOUSE,31/08/2018,7/09/2018,10/09/2018,RGS,203,7,3,10,MACKAY,MACKAY
4627,1,1 BR SENIOR UNIT,27/09/2018,2/10/2018,2/10/2018,RGS,208,5,0,5,NORTH BURNETT,CALLIDE
4627,1,1 BR SENIOR UNIT,27/09/2018,2/10/2018,2/10/2018,RGS,208,5,0,5,NORTH BURNETT,CALLIDE
4627,1,1 BR SENIOR UNIT,27/09/2018,2/10/2018,2/10/2018,RGS,208,5,0,5,NORTH BURNETT,CALLIDE
4627,1,1 BR SENIOR UNIT,27/09/2018,2/10/2018,2/10/2018,RGS,208,5,0,5,NORTH BURNETT,CALLIDE
4627,2,2 BR SENIOR UNIT,27/09/2018,2/10/2018,3/10/2018,RGS,208,5,1,6,NORTH BURNETT,CALLIDE
4627,2,2 BR SENIOR UNIT,27/09/2018,2/10/2018,3/10/2018,RGS,208,5,1,6,NORTH BURNETT,CALLIDE
4627,1,1 BR SENIOR UNIT,27/09/2018,2/10/2018,2/10/2018,RGS,208,5,0,5,NORTH BURNETT,CALLIDE
4078,4,4 BR DETACHED HOUSE,14/02/2019,6/03/2019,7/03/2019,RGS,104,20,1,21,BRISBANE,INALA
4114,2,2 BR ATTACHED HOUSING,25/03/2019,4/04/2019,4/04/2019,RGS,101,10,0,10,LOGAN,WOODRIDGE
4107,3,3 BR DETACHED HOUSE,21/01/2019,24/01/2019,24/01/2019,RGS,107,3,0,3,BRISBANE,TOOHEY
4034,2,2 BR DUPLEX,1/05/2019,1/05/2019,1/05/2019,AHG,105,0,0,0,BRISBANE,NUDGEE
4034,2,2 BR DUPLEX,30/04/2019,1/05/2019,1/05/2019,AHG,105,1,0,1,BRISBANE,NUDGEE
4740,2,2 BR DUPLEX,15/10/2018,23/10/2018,15/11/2018,AHG,203,8,23,31,MACKAY,MACKAY
4301,4,4 BR DETACHED HOUSE,19/10/2018,22/10/2018,24/10/2018,RGS,102,3,2,5,IPSWICH,BUNDAMBA
4178,2,2 BR APARTMENT,4/06/2018,25/06/2018,4/07/2018,RGS,109,21,9,30,BRISBANE,LYTTON
4720,2,2 BR SENIOR UNIT,16/11/2018,4/12/2018,4/02/2019,SNR,211,18,62,80,CENTRAL HIGHLANDS,GREGORY
4019,2,2 BR CLUSTER HOUSING,20/07/2018,6/08/2018,21/08/2018,RGS,110,17,15,32,MORETON BAY,REDCLIFFE
4875,3,3 BR CLUSTER HOUSING,18/07/2018,3/08/2018,13/08/2018,AHG,210,16,10,26,TORRES,COOK
4565,1,1 BR APARTMENT,10/01/2019,22/01/2019,31/01/2019,RGS,205,12,9,21,NOOSA,NOOSA
4558,3,3 BR APARTMENT,6/12/2018,19/12/2018,15/01/2019,RGS,205,13,27,40,SUNSHINE COAST,MAROOCHYDORE
4215,1,1 BR SENIOR UNIT,3/04/2019,11/04/2019,15/04/2019,SNR,204,8,4,12,GOLD COAST,BONNEY
4869,3,3 BR DETACHED HOUSE,24/08/2018,27/08/2018,27/08/2018,RGS,202,3,0,3,CAIRNS,MULGRAVE
4215,2,2 BR APARTMENT,19/06/2019,20/06/2019,21/06/2019,RGS,204,1,1,2,GOLD COAST,BONNEY
4031,2,2 BR SENIOR UNIT,6/02/2019,13/03/2019,22/03/2019,SNR,105,35,9,44,BRISBANE,STAFFORD
4869,2,2 BR SENIOR UNIT,11/09/2018,20/09/2018,4/10/2018,SNR,202,9,14,23,CAIRNS,MULGRAVE
4869,1,1 BR SENIOR UNIT,2/01/2019,11/01/2019,14/01/2019,SNR,202,9,3,12,CAIRNS,MULGRAVE
4740,3,3 BR DETACHED HOUSE,9/07/2018,20/07/2018,23/07/2018,AHG,203,11,3,14,MACKAY,MACKAY
4680,3,3 BR DETACHED HOUSE,23/10/2018,19/11/2018,15/01/2019,RGS,212,27,57,84,GLADSTONE,GLADSTONE
4701,2,2 BR DETACHED HOUSE,24/12/2018,18/01/2019,23/01/2019,AHG,206,25,5,30,ROCKHAMPTON,ROCKHAMPTON
4151,2,2 BR APARTMENT,7/11/2018,22/11/2018,23/11/2018,RGS,107,15,1,16,BRISBANE,GREENSLOPES
4151,2,2 BR APARTMENT,7/05/2019,17/05/2019,20/05/2019,RGS,107,10,3,13,BRISBANE,GREENSLOPES
4556,3,3 BR DETACHED HOUSE,17/09/2018,8/10/2018,24/10/2018,RGS,205,21,16,37,SUNSHINE COAST,NINDERRY
4556,3,3 BR DETACHED HOUSE,28/02/2019,11/03/2019,1/04/2019,RGS,205,11,21,32,SUNSHINE COAST,NINDERRY
4680,2,2 BR DETACHED HOUSE,20/12/2018,14/01/2019,18/03/2019,AHG,212,25,63,88,GLADSTONE,GLADSTONE
4018,3,3 BR DETACHED HOUSE,27/07/2018,17/08/2018,31/08/2018,RGS,105,21,14,35,BRISBANE,SANDGATE
4700,1,1 BR APARTMENT,29/03/2019,9/04/2019,16/04/2019,RGS,206,11,7,18,ROCKHAMPTON,ROCKHAMPTON
4740,2,2 BR DUPLEX,22/01/2019,1/02/2019,6/02/2019,RGS,203,10,5,15,MACKAY,MACKAY
4700,1,1 BR APARTMENT,24/01/2019,24/01/2019,24/01/2019,RGS,206,0,0,0,ROCKHAMPTON,ROCKHAMPTON
4700,1,1 BR APARTMENT,29/01/2019,6/02/2019,6/02/2019,RGS,206,8,0,8,ROCKHAMPTON,ROCKHAMPTON
4022,2,2 BR DUPLEX,30/11/2018,12/12/2018,9/01/2019,RGS,110,12,28,40,MORETON BAY,MURRUMBA
4700,3,3 BR DETACHED HOUSE,24/09/2018,19/10/2018,25/10/2018,AHG,206,25,6,31,ROCKHAMPTON,ROCKHAMPTON
4870,1,1 BR APARTMENT,6/03/2019,21/03/2019,26/03/2019,RGS,202,15,5,20,CAIRNS,CAIRNS
4870,1,1 BR APARTMENT,6/11/2018,15/11/2018,20/11/2018,RGS,202,9,5,14,CAIRNS,CAIRNS
4655,2,2 BR APARTMENT,2/10/2018,12/10/2018,22/10/2018,RGS,213,10,10,20,FRASER COAST,HERVEY BAY
4655,2,2 BR APARTMENT,24/09/2018,5/10/2018,9/10/2018,RGS,213,11,4,15,FRASER COAST,HERVEY BAY
4655,2,2 BR APARTMENT,31/10/2018,9/11/2018,13/11/2018,RGS,213,9,4,13,FRASER COAST,HERVEY BAY
4717,3,3 BR DETACHED HOUSE,29/06/2018,25/09/2018,14/12/2018,RGS,211,88,80,168,CENTRAL HIGHLANDS,GREGORY
4730,2,2 BR SENIOR UNIT,16/01/2019,29/01/2019,15/02/2019,SNR,211,13,17,30,LONGREACH,GREGORY
4178,1,1 BR APARTMENT,8/11/2018,29/11/2018,30/11/2018,RGS,109,21,1,22,BRISBANE,LYTTON
4120,1,1 BR SENIOR UNIT,5/11/2018,20/11/2018,23/11/2018,SNR,107,15,3,18,BRISBANE,GREENSLOPES
4075,2,2 BR APARTMENT,17/07/2018,26/07/2018,10/08/2018,RGS,104,9,15,24,BRISBANE,MILLER
4814,4,4 BR DETACHED HOUSE,24/08/2018,5/09/2018,18/09/2018,RGS,201,12,13,25,TOWNSVILLE,MUNDINGBURRA
4163,1,1 BR APARTMENT,10/10/2018,29/10/2018,1/11/2018,RGS,106,19,3,22,REDLAND,OODGEROO
4680,2,2 BR APARTMENT,29/10/2018,26/11/2018,10/01/2019,RGS,212,28,45,73,GLADSTONE,GLADSTONE
4680,2,2 BR APARTMENT,1/11/2017,22/11/2017,2/07/2018,RGS,212,21,222,243,GLADSTONE,GLADSTONE
4740,2,2 BR APARTMENT,2/07/2018,12/07/2018,16/07/2018,RGS,203,10,4,14,MACKAY,MACKAY
4817,1,1 BR APARTMENT,28/08/2018,5/09/2018,12/09/2018,RGS,201,8,7,15,TOWNSVILLE,THURINGOWA
4817,1,1 BR APARTMENT,15/05/2019,28/05/2019,21/06/2019,RGS,201,13,24,37,TOWNSVILLE,THURINGOWA
4817,1,1 BR APARTMENT,17/08/2018,31/08/2018,10/09/2018,RGS,201,14,10,24,TOWNSVILLE,THURINGOWA
4817,1,1 BR APARTMENT,21/05/2019,28/05/2019,30/05/2019,RGS,201,7,2,9,TOWNSVILLE,THURINGOWA
4285,3,3 BR DETACHED HOUSE,24/09/2018,9/10/2018,9/10/2018,RGS,102,15,0,15,SCENIC RIM,SCENIC RIM
4285,3,3 BR DETACHED HOUSE,24/09/2018,24/09/2018,24/09/2018,RGS,102,0,0,0,SCENIC RIM,SCENIC RIM
4850,2,2 BR DUAL OCCUPANCY,3/12/2018,18/12/2018,19/12/2018,RGS,201,15,1,16,HINCHINBROOK,HINCHINBROOK
4570,2,2 BR SENIOR UNIT,28/09/2018,12/10/2018,29/11/2018,SNR,205,14,48,62,GYMPIE,GYMPIE
4060,3,3 BR DETACHED HOUSE,7/02/2019,8/03/2019,28/03/2019,RGS,108,29,20,49,BRISBANE,FERNY GROVE
4558,1,1 BR SENIOR UNIT,26/07/2018,2/08/2018,3/09/2018,SNR,205,7,32,39,SUNSHINE COAST,MAROOCHYDORE
4558,1,1 BR SENIOR UNIT,6/09/2018,11/09/2018,22/10/2018,SNR,205,5,41,46,SUNSHINE COAST,MAROOCHYDORE
4875,3,3 BR ATTACHED HOUSING,21/12/2018,7/01/2019,9/01/2019,AHG,210,17,2,19,TORRES,COOK
4875,3,3 BR ATTACHED HOUSING,14/02/2019,8/03/2019,8/03/2019,AHG,210,22,0,22,TORRES,COOK
4552,1,1 BR SENIOR UNIT,8/05/2019,17/05/2019,29/05/2019,SNR,205,9,12,21,SUNSHINE COAST,GLASS HOUSE
4552,1,1 BR SENIOR UNIT,28/02/2019,12/03/2019,22/03/2019,SNR,205,12,10,22,SUNSHINE COAST,GLASS HOUSE
4470,4,4 BR DETACHED HOUSE,16/11/2017,27/11/2017,29/11/2018,RGS,207,11,367,378,MURWEH,WARREGO
4030,2,2 BR APARTMENT,12/02/2019,26/02/2019,12/03/2019,RGS,108,14,14,28,BRISBANE,CLAYFIELD
4305,3,3 BR DETACHED HOUSE,1/02/2019,13/02/2019,22/02/2019,RGS,102,12,9,21,IPSWICH,IPSWICH
4305,2,2 BR DUPLEX,4/09/2018,18/09/2018,21/09/2018,RGS,102,14,3,17,IPSWICH,IPSWICH
4875,3,3 BR CLUSTER HOUSING,13/02/2019,2/04/2019,8/04/2019,AHG,210,48,6,54,TORRES,COOK
4744,4,4 BR DETACHED HOUSE,3/09/2018,8/10/2018,11/10/2018,RGS,203,35,3,38,ISAAC,BURDEKIN
4744,4,4 BR DETACHED HOUSE,5/04/2019,23/04/2019,21/05/2019,RGS,203,18,28,46,ISAAC,BURDEKIN
4075,2,2 BR APARTMENT,19/12/2018,17/01/2019,18/01/2019,RGS,104,29,1,30,BRISBANE,MOUNT OMMANEY
4075,2,2 BR APARTMENT,20/09/2018,10/10/2018,12/10/2018,RGS,104,20,2,22,BRISBANE,MOUNT OMMANEY
4165,2,2 BR APARTMENT,5/10/2018,10/10/2018,10/10/2018,RGS,106,5,0,5,REDLAND,REDLANDS
4165,2,2 BR APARTMENT,23/07/2018,7/08/2018,15/08/2018,RGS,106,15,8,23,REDLAND,REDLANDS
4165,2,2 BR APARTMENT,18/02/2019,7/03/2019,13/03/2019,RGS,106,17,6,23,REDLAND,REDLANDS
4720,2,2 BR APARTMENT,12/02/2019,18/02/2019,20/02/2019,RGS,211,6,2,8,CENTRAL HIGHLANDS,GREGORY
4720,2,2 BR APARTMENT,6/03/2019,11/03/2019,18/03/2019,RGS,211,5,7,12,CENTRAL HIGHLANDS,GREGORY
4720,2,2 BR APARTMENT,25/07/2018,1/08/2018,4/12/2018,RGS,211,7,125,132,CENTRAL HIGHLANDS,GREGORY
4720,2,2 BR APARTMENT,3/05/2018,17/05/2018,29/08/2018,RGS,211,14,104,118,CENTRAL HIGHLANDS,GREGORY
4720,2,2 BR APARTMENT,3/05/2019,20/05/2019,11/06/2019,RGS,211,17,22,39,CENTRAL HIGHLANDS,GREGORY
4720,2,2 BR APARTMENT,13/11/2018,21/11/2018,7/03/2019,RGS,211,8,106,114,CENTRAL HIGHLANDS,GREGORY
4021,2,2 BR SENIOR UNIT,17/07/2018,23/07/2018,10/08/2018,SNR,110,6,18,24,MORETON BAY,MURRUMBA
4173,2,2 BR APARTMENT,7/11/2018,7/11/2018,7/11/2018,RGS,109,0,0,0,BRISBANE,CHATSWORTH
4012,1,1 BR APARTMENT,5/10/2018,19/10/2018,23/11/2018,RGS,105,14,35,49,BRISBANE,NUDGEE
4355,2,2 BR DETACHED HOUSE,4/06/2003,11/06/2003,14/06/2019,RGS,207,7,5847,5854,TOOWOOMBA,CONDAMINE
4680,3,3 BR DETACHED HOUSE,13/03/2018,20/08/2018,21/08/2018,RGS,212,160,1,161,GLADSTONE,GLADSTONE
4875,2,2 BR DUPLEX,10/12/2018,11/12/2018,11/12/2018,AHG,210,1,0,1,TORRES,COOK
4875,2,2 BR DUPLEX,11/12/2018,18/12/2018,21/02/2019,AHG,210,7,65,72,TORRES,COOK
4178,2,2 BR APARTMENT,28/08/2018,5/03/2019,29/03/2019,RGS,109,189,24,213,BRISBANE,LYTTON
4053,2,2 BR APARTMENT,4/07/2018,18/07/2018,20/07/2018,RGS,108,14,2,16,BRISBANE,EVERTON
4614,2,2 BR CLUSTER HOUSING,13/06/2019,14/06/2019,17/06/2019,RGS,207,1,3,4,TOOWOOMBA,NANANGO
4614,2,2 BR CLUSTER HOUSING,13/06/2019,14/06/2019,17/06/2019,RGS,207,1,3,4,TOOWOOMBA,NANANGO
4614,2,2 BR CLUSTER HOUSING,13/06/2019,14/06/2019,17/06/2019,RGS,207,1,3,4,TOOWOOMBA,NANANGO
4614,2,2 BR CLUSTER HOUSING,13/06/2019,14/06/2019,17/06/2019,RGS,207,1,3,4,TOOWOOMBA,NANANGO
4614,2,2 BR CLUSTER HOUSING,13/06/2019,14/06/2019,17/06/2019,RGS,207,1,3,4,TOOWOOMBA,NANANGO
4614,2,2 BR CLUSTER HOUSING,13/11/2015,13/11/2015,17/06/2019,RGS,207,0,1312,1312,TOOWOOMBA,NANANGO
4207,2,2 BR APARTMENT,2/04/2019,15/04/2019,30/04/2019,RGS,101,13,15,28,LOGAN,MACALISTER
4703,2,2 BR APARTMENT,21/01/2019,6/02/2019,21/02/2019,RGS,206,16,15,31,LIVINGSTONE,KEPPEL
4558,2,2 BR APARTMENT,20/02/2019,1/03/2019,11/03/2019,RGS,205,9,10,19,SUNSHINE COAST,MAROOCHYDORE
4558,2,2 BR APARTMENT,11/09/2018,20/09/2018,9/10/2018,RGS,205,9,19,28,SUNSHINE COAST,MAROOCHYDORE
4170,2,2 BR APARTMENT,2/04/2019,3/04/2019,3/04/2019,RGS,109,1,0,1,BRISBANE,BULIMBA
4170,2,2 BR APARTMENT,3/04/2019,1/05/2019,3/05/2019,RGS,109,28,2,30,BRISBANE,BULIMBA
4556,1,1 BR SENIOR UNIT,17/01/2019,1/02/2019,8/02/2019,SNR,205,15,7,22,SUNSHINE COAST,BUDERIM
4161,5,5 BR DETACHED HOUSE,24/07/2018,15/08/2018,21/08/2018,RGS,106,22,6,28,REDLAND,CAPALABA
4881,3,3 BR DETACHED HOUSE,1/11/2018,20/11/2018,29/11/2018,AHG,202,19,9,28,MAREEBA,BARRON RIVER
4558,2,2 BR SENIOR UNIT,12/03/2019,21/03/2019,5/04/2019,SNR,205,9,15,24,SUNSHINE COAST,MAROOCHYDORE
4558,1,1 BR SENIOR UNIT,23/01/2019,1/02/2019,25/02/2019,SNR,205,9,24,33,SUNSHINE COAST,MAROOCHYDORE
4019,2,2 BR ATTACHED HOUSING,21/01/2019,1/02/2019,26/02/2019,RGS,110,11,25,36,MORETON BAY,REDCLIFFE
4019,2,2 BR ATTACHED HOUSING,25/01/2019,19/02/2019,8/03/2019,RGS,110,25,17,42,MORETON BAY,REDCLIFFE
4019,2,2 BR ATTACHED HOUSING,13/09/2018,26/09/2018,10/10/2018,RGS,110,13,14,27,MORETON BAY,REDCLIFFE
4114,2,2 BR ATTACHED HOUSING,14/08/2018,30/08/2018,31/08/2018,RGS,101,16,1,17,LOGAN,WOODRIDGE
4114,2,2 BR ATTACHED HOUSING,16/04/2019,1/05/2019,16/05/2019,RGS,101,15,15,30,LOGAN,WOODRIDGE
4114,2,2 BR ATTACHED HOUSING,5/02/2019,13/02/2019,18/02/2019,RGS,101,8,5,13,LOGAN,WOODRIDGE
4074,4,4 BR DETACHED HOUSE,12/03/2019,13/03/2019,22/03/2019,RGS,104,1,9,10,BRISBANE,MOUNT OMMANEY
4561,1,1 BR APARTMENT,22/08/2018,10/09/2018,24/09/2018,RGS,205,19,14,33,SUNSHINE COAST,NICKLIN
4561,1,1 BR APARTMENT,6/06/2018,20/06/2018,4/07/2018,RGS,205,14,14,28,SUNSHINE COAST,NICKLIN
4561,2,2 BR APARTMENT,14/08/2018,29/08/2018,20/09/2018,RGS,205,15,22,37,SUNSHINE COAST,NICKLIN
4032,2,2 BR APARTMENT,22/03/2019,10/04/2019,2/05/2019,RGS,105,19,22,41,BRISBANE,STAFFORD
4032,2,2 BR APARTMENT,26/10/2018,14/11/2018,18/12/2018,RGS,105,19,34,53,BRISBANE,STAFFORD
4032,2,2 BR APARTMENT,1/03/2019,20/03/2019,29/04/2019,RGS,105,19,40,59,BRISBANE,STAFFORD
4053,2,2 BR APARTMENT,12/12/2018,4/01/2019,7/03/2019,RGS,105,23,62,85,BRISBANE,EVERTON
4020,2,2 BR APARTMENT,19/09/2018,3/10/2018,12/10/2018,RGS,110,14,9,23,MORETON BAY,REDCLIFFE
4519,2,2 BR APARTMENT,4/06/2018,19/06/2018,16/07/2018,RGS,205,15,27,42,SUNSHINE COAST,CALOUNDRA
4519,2,2 BR APARTMENT,23/07/2018,1/08/2018,17/08/2018,RGS,205,9,16,25,SUNSHINE COAST,CALOUNDRA
4519,2,2 BR APARTMENT,6/02/2019,14/02/2019,1/03/2019,RGS,205,8,15,23,SUNSHINE COAST,CALOUNDRA
4419,4,4 BR DETACHED HOUSE,8/02/2018,19/02/2018,20/06/2019,RGS,207,11,486,497,WESTERN DOWNS,CALLIDE
4165,4,4 BR DETACHED HOUSE,30/01/2019,11/02/2019,12/02/2019,RGS,106,12,1,13,REDLAND,REDLANDS
4053,2,2 BR APARTMENT,3/07/2018,18/07/2018,29/08/2018,RGS,105,15,42,57,BRISBANE,STAFFORD
4507,2,2 BR SENIOR UNIT,29/01/2019,12/02/2019,20/02/2019,SNR,103,14,8,22,MORETON BAY,PUMICESTONE
4670,2,2 BR DUPLEX,22/02/2019,27/02/2019,28/02/2019,AHG,208,5,1,6,BUNDABERG,BUNDABERG
4152,3,3 BR ATTACHED HOUSING,2/04/2019,2/04/2019,2/04/2019,RGS,109,0,0,0,BRISBANE,CHATSWORTH
4152,3,3 BR ATTACHED HOUSING,9/07/2018,2/08/2018,16/08/2018,RGS,109,24,14,38,BRISBANE,CHATSWORTH
4350,4,4 BR DETACHED HOUSE,31/07/2018,10/08/2018,21/09/2018,RGS,207,10,42,52,TOOWOOMBA,TOOWOOMBA SOUTH
4556,2,2 BR APARTMENT,8/10/2018,24/10/2018,5/11/2018,RGS,205,16,12,28,SUNSHINE COAST,BUDERIM
4556,2,2 BR APARTMENT,1/11/2018,11/01/2019,29/01/2019,RGS,205,71,18,89,SUNSHINE COAST,BUDERIM
4610,4,4 BR DETACHED HOUSE,22/10/2018,5/11/2018,7/11/2018,AHG,213,14,2,16,SOUTH BURNETT,NANANGO
4870,2,2 BR APARTMENT,18/01/2019,6/02/2019,25/02/2019,RGS,202,19,19,38,CAIRNS,CAIRNS
4870,2,2 BR APARTMENT,16/11/2018,7/12/2018,17/12/2018,RGS,202,21,10,31,CAIRNS,CAIRNS
4870,2,2 BR APARTMENT,20/03/2019,4/04/2019,17/04/2019,RGS,202,15,13,28,CAIRNS,CAIRNS
4305,2,2 BR APARTMENT,7/01/2019,16/01/2019,18/02/2019,RGS,102,9,33,42,IPSWICH,IPSWICH WEST
4305,2,2 BR APARTMENT,29/10/2018,14/11/2018,16/11/2018,RGS,102,16,2,18,IPSWICH,IPSWICH WEST
4019,2,2 BR APARTMENT,16/07/2018,26/07/2018,6/08/2018,RGS,110,10,11,21,MORETON BAY,REDCLIFFE
4019,2,2 BR APARTMENT,10/04/2019,29/04/2019,30/04/2019,RGS,110,19,1,20,MORETON BAY,REDCLIFFE
4305,2,2 BR APARTMENT,5/09/2018,18/09/2018,21/09/2018,RGS,102,13,3,16,IPSWICH,IPSWICH WEST
4305,2,2 BR APARTMENT,24/05/2019,31/05/2019,10/06/2019,RGS,102,7,10,17,IPSWICH,IPSWICH WEST
4305,2,2 BR APARTMENT,5/03/2019,21/03/2019,4/04/2019,RGS,102,16,14,30,IPSWICH,IPSWICH WEST
4868,4,4 BR DETACHED HOUSE,14/06/2018,28/06/2018,5/07/2018,RGS,202,14,7,21,CAIRNS,MULGRAVE
4157,4,4 BR DETACHED HOUSE,12/06/2018,13/06/2018,19/07/2018,RGS,106,1,36,37,REDLAND,CAPALABA
4060,2,2 BR APARTMENT,9/11/2018,26/11/2018,14/12/2018,RGS,108,17,18,35,BRISBANE,COOPER
4812,2,2 BR APARTMENT,29/06/2018,12/07/2018,22/08/2018,RGS,201,13,41,54,TOWNSVILLE,TOWNSVILLE
4812,2,2 BR APARTMENT,3/08/2018,13/08/2018,10/09/2018,RGS,201,10,28,38,TOWNSVILLE,TOWNSVILLE
4812,2,2 BR APARTMENT,3/08/2018,20/08/2018,22/08/2018,RGS,201,17,2,19,TOWNSVILLE,TOWNSVILLE
4558,2,2 BR APARTMENT,5/06/2019,13/06/2019,26/06/2019,RGS,205,8,13,21,SUNSHINE COAST,MAROOCHYDORE
4121,3,3 BR DETACHED HOUSE,12/02/2019,7/03/2019,11/03/2019,RGS,107,23,4,27,BRISBANE,GREENSLOPES
4304,2,2 BR APARTMENT,23/08/2018,30/08/2018,3/09/2018,RGS,102,7,4,11,IPSWICH,IPSWICH
4810,2,2 BR APARTMENT,5/11/2018,13/11/2018,3/12/2018,RGS,201,8,20,28,TOWNSVILLE,TOWNSVILLE
4053,2,2 BR APARTMENT,3/09/2018,20/09/2018,23/10/2018,RGS,105,17,33,50,BRISBANE,EVERTON
4053,2,2 BR APARTMENT,27/07/2018,16/08/2018,6/09/2018,RGS,105,20,21,41,BRISBANE,STAFFORD
4812,2,2 BR APARTMENT,26/04/2019,3/05/2019,15/05/2019,RGS,201,7,12,19,TOWNSVILLE,TOWNSVILLE
4812,2,2 BR APARTMENT,18/12/2018,4/01/2019,10/01/2019,RGS,201,17,6,23,TOWNSVILLE,TOWNSVILLE
4812,2,2 BR APARTMENT,20/03/2019,8/04/2019,9/04/2019,RGS,201,19,1,20,TOWNSVILLE,TOWNSVILLE
4650,2,2 BR APARTMENT,17/12/2018,15/01/2019,16/01/2019,RGS,213,29,1,30,FRASER COAST,MARYBOROUGH
4650,2,2 BR APARTMENT,19/11/2018,27/11/2018,10/12/2018,RGS,213,8,13,21,FRASER COAST,MARYBOROUGH
4163,2,2 BR APARTMENT,15/08/2018,19/09/2018,21/09/2018,RGS,106,35,2,37,REDLAND,OODGEROO
4151,2,2 BR APARTMENT,14/11/2018,3/12/2018,11/12/2018,RGS,107,19,8,27,BRISBANE,GREENSLOPES
4151,2,2 BR APARTMENT,8/03/2019,26/03/2019,1/04/2019,RGS,107,18,6,24,BRISBANE,GREENSLOPES
4031,2,2 BR APARTMENT,3/09/2018,21/09/2018,5/11/2018,RGS,105,18,45,63,BRISBANE,CLAYFIELD
4120,2,2 BR APARTMENT,18/12/2018,14/01/2019,21/01/2019,RGS,107,27,7,34,BRISBANE,GREENSLOPES
4868,6,6 BR DETACHED HOUSE,13/11/2018,27/11/2018,30/11/2018,RGS,202,14,3,17,CAIRNS,MULGRAVE
4700,2,2 BR APARTMENT,24/07/2018,13/08/2018,8/10/2018,RGS,206,20,56,76,ROCKHAMPTON,ROCKHAMPTON
4700,2,2 BR APARTMENT,27/07/2018,13/08/2018,14/09/2018,RGS,206,17,32,49,ROCKHAMPTON,ROCKHAMPTON
4011,2,2 BR APARTMENT,28/11/2018,2/04/2019,5/04/2019,RGS,108,125,3,128,BRISBANE,CLAYFIELD
4011,2,2 BR APARTMENT,13/12/2018,10/01/2019,6/02/2019,RGS,108,28,27,55,BRISBANE,CLAYFIELD
4680,2,2 BR DUPLEX,17/10/2018,8/11/2018,1/02/2019,AHG,212,22,85,107,GLADSTONE,GLADSTONE
4680,2,2 BR DUPLEX,31/08/2018,31/08/2018,31/08/2018,AHG,212,0,0,0,GLADSTONE,GLADSTONE
4680,2,2 BR DUPLEX,30/01/2019,18/02/2019,20/03/2019,AHG,212,19,30,49,GLADSTONE,GLADSTONE
4007,2,2 BR ATTACHED HOUSING,21/12/2018,14/01/2019,15/01/2019,RGS,108,24,1,25,BRISBANE,CLAYFIELD
4007,2,2 BR ATTACHED HOUSING,21/12/2018,21/12/2018,21/12/2018,RGS,108,0,0,0,BRISBANE,CLAYFIELD
4031,2,2 BR CLUSTER HOUSING,10/07/2018,10/07/2018,10/07/2018,RGS,105,0,0,0,BRISBANE,STAFFORD
4066,2,2 BR APARTMENT,2/04/2019,1/05/2019,3/06/2019,RGS,108,29,33,62,BRISBANE,MAIWAR
4105,2,2 BR ATTACHED HOUSING,23/04/2019,29/05/2019,5/06/2019,RGS,107,36,7,43,BRISBANE,TOOHEY
4103,2,2 BR APARTMENT,22/10/2018,21/11/2018,27/11/2018,RGS,107,30,6,36,BRISBANE,MILLER
4103,2,2 BR APARTMENT,12/09/2018,5/10/2018,17/10/2018,RGS,107,23,12,35,BRISBANE,MILLER
4051,2,2 BR APARTMENT,2/05/2019,24/05/2019,28/05/2019,RGS,108,22,4,26,BRISBANE,FERNY GROVE
4122,2,2 BR APARTMENT,2/11/2018,26/11/2018,29/11/2018,RGS,107,24,3,27,BRISBANE,MANSFIELD
4157,4,4 BR DETACHED HOUSE,21/01/2019,22/02/2019,8/03/2019,RGS,106,32,14,46,REDLAND,CAPALABA
4131,4,4 BR DETACHED HOUSE,27/09/2018,24/10/2018,2/11/2018,AHG,101,27,9,36,LOGAN,WATERFORD
4034,3,3 BR DETACHED HOUSE,11/01/2019,4/02/2019,11/02/2019,RGS,105,24,7,31,BRISBANE,NUDGEE
4017,4,4 BR DETACHED HOUSE,18/04/2019,21/05/2019,23/05/2019,RGS,105,33,2,35,BRISBANE,SANDGATE
4508,2,2 BR APARTMENT,16/04/2019,26/04/2019,3/05/2019,AHG,103,10,7,17,MORETON BAY,BANCROFT
4159,2,2 BR APARTMENT,27/06/2018,23/07/2018,30/07/2018,RGS,106,26,7,33,REDLAND,CAPALABA
4700,2,2 BR APARTMENT,17/08/2018,10/09/2018,20/09/2018,RGS,206,24,10,34,ROCKHAMPTON,ROCKHAMPTON
4208,4,4 BR DETACHED HOUSE,24/09/2018,4/10/2018,19/10/2018,RGS,204,10,15,25,GOLD COAST,COOMERA
4133,4,4 BR DETACHED HOUSE,13/02/2019,8/03/2019,21/03/2019,AHG,101,23,13,36,LOGAN,MACALISTER
4053,1,1 BR APARTMENT,10/01/2019,1/02/2019,14/02/2019,RGS,105,22,13,35,BRISBANE,STAFFORD
4305,4,4 BR DETACHED HOUSE,4/02/2019,15/02/2019,28/02/2019,RGS,102,11,13,24,IPSWICH,IPSWICH
4895,2,2 BR CLUSTER HOUSING,26/06/2018,30/07/2018,3/08/2018,AHG,202,34,4,38,COOK,COOK
4165,2,2 BR APARTMENT,20/03/2019,4/04/2019,8/04/2019,RGS,106,15,4,19,REDLAND,REDLANDS
4122,2,2 BR APARTMENT,3/05/2019,17/05/2019,27/05/2019,RGS,107,14,10,24,BRISBANE,MANSFIELD
4740,4,4 BR DETACHED HOUSE,26/02/2019,6/03/2019,8/03/2019,RGS,203,8,2,10,MACKAY,MACKAY
4350,2,2 BR APARTMENT,5/06/2018,14/06/2018,3/09/2018,RGS,207,9,81,90,TOOWOOMBA,TOOWOOMBA NORTH
4740,2,2 BR DUPLEX,9/08/2018,6/09/2018,7/09/2018,AHG,203,28,1,29,MACKAY,MIRANI
4740,2,2 BR DUPLEX,18/10/2018,31/10/2018,2/11/2018,AHG,203,13,2,15,MACKAY,MIRANI
4815,5,5 BR DETACHED HOUSE,7/12/2018,19/12/2018,16/01/2019,AHG,201,12,28,40,TOWNSVILLE,THURINGOWA
4556,4,4 BR DETACHED HOUSE,23/11/2018,6/12/2018,21/12/2018,AHG,205,13,15,28,SUNSHINE COAST,NINDERRY
4865,3,3 BR DUAL OCCUPANCY,27/11/2018,19/12/2018,21/12/2018,AHG,202,22,2,24,CAIRNS,MULGRAVE
4740,2,2 BR DUPLEX,26/04/2019,26/04/2019,26/04/2019,AHG,203,0,0,0,MACKAY,MACKAY
4870,2,2 BR DUPLEX,8/04/2019,23/04/2019,7/05/2019,RGS,202,15,14,29,CAIRNS,CAIRNS
4558,2,2 BR APARTMENT,18/10/2018,31/10/2018,7/11/2018,RGS,205,13,7,20,SUNSHINE COAST,MAROOCHYDORE
4815,4,4 BR DETACHED HOUSE,16/10/2018,30/10/2018,9/11/2018,AHG,201,14,10,24,TOWNSVILLE,THURINGOWA
4214,2,2 BR APARTMENT,18/02/2019,28/02/2019,18/03/2019,RGS,204,10,18,28,GOLD COAST,SOUTHPORT
4214,2,2 BR APARTMENT,18/09/2018,28/09/2018,25/10/2018,RGS,204,10,27,37,GOLD COAST,SOUTHPORT
4012,2,2 BR APARTMENT,6/06/2018,29/06/2018,4/07/2018,RGS,105,23,5,28,BRISBANE,NUDGEE
4825,2,2 BR APARTMENT,9/11/2018,29/11/2018,6/12/2018,RGS,209,20,7,27,MOUNT ISA,TRAEGER
4670,2,2 BR DUPLEX,7/08/2018,14/08/2018,7/09/2018,AHG,208,7,24,31,BUNDABERG,BUNDABERG
4670,2,2 BR DUPLEX,21/09/2018,21/09/2018,21/09/2018,AHG,208,0,0,0,BUNDABERG,BUNDABERG
4561,2,2 BR ATTACHED HOUSING,17/09/2018,2/10/2018,19/10/2018,RGS,205,15,17,32,SUNSHINE COAST,NICKLIN
4561,2,2 BR ATTACHED HOUSING,10/05/2019,20/05/2019,28/05/2019,RGS,205,10,8,18,SUNSHINE COAST,NICKLIN
4207,2,2 BR APARTMENT,8/05/2019,23/05/2019,14/06/2019,RGS,101,15,22,37,LOGAN,MACALISTER
4207,2,2 BR APARTMENT,13/11/2018,27/11/2018,6/12/2018,RGS,101,14,9,23,LOGAN,MACALISTER
4164,3,3 BR DUPLEX,20/06/2018,11/07/2018,17/07/2018,AHG,106,21,6,27,REDLAND,REDLANDS
4878,4,4 BR DETACHED HOUSE,5/07/2018,18/07/2018,24/07/2018,AHG,202,13,6,19,CAIRNS,BARRON RIVER
4305,1,1 BR SENIOR UNIT,18/03/2019,26/03/2019,8/04/2019,SNR,102,8,13,21,IPSWICH,IPSWICH WEST
4305,1,1 BR SENIOR UNIT,25/02/2019,5/03/2019,8/03/2019,SNR,102,8,3,11,IPSWICH,IPSWICH WEST
4305,1,1 BR SENIOR UNIT,25/10/2018,1/11/2018,13/11/2018,SNR,102,7,12,19,IPSWICH,IPSWICH WEST
4305,1,1 BR SENIOR UNIT,31/07/2018,9/08/2018,17/08/2018,SNR,102,9,8,17,IPSWICH,IPSWICH WEST
4871,2,2 BR SENIOR UNIT,27/11/2018,20/12/2018,20/12/2018,AHS,202,23,0,23,COOK,COOK
4871,2,2 BR SENIOR UNIT,8/06/2018,14/11/2018,14/11/2018,AHS,202,159,0,159,COOK,COOK
4871,2,2 BR SENIOR UNIT,7/02/2018,24/04/2018,1/11/2018,AHS,202,76,191,267,COOK,COOK
4812,2,2 BR APARTMENT,31/05/2019,10/06/2019,18/06/2019,RGS,201,10,8,18,TOWNSVILLE,TOWNSVILLE
4740,2,2 BR DUPLEX,2/10/2018,12/10/2018,17/10/2018,RGS,203,10,5,15,MACKAY,MACKAY
4740,1,1 BR APARTMENT,29/03/2019,4/04/2019,3/05/2019,RGS,203,6,29,35,MACKAY,MACKAY
4740,1,1 BR APARTMENT,13/08/2018,20/08/2018,28/08/2018,RGS,203,7,8,15,MACKAY,MACKAY
4740,1,1 BR APARTMENT,12/03/2019,20/03/2019,21/03/2019,RGS,203,8,1,9,MACKAY,MACKAY
4740,1,1 BR APARTMENT,29/03/2019,4/04/2019,10/04/2019,RGS,203,6,6,12,MACKAY,MACKAY
4650,2,2 BR APARTMENT,30/10/2018,5/11/2018,13/11/2018,RGS,213,6,8,14,FRASER COAST,MARYBOROUGH
4650,2,2 BR APARTMENT,28/03/2019,9/04/2019,10/04/2019,RGS,213,12,1,13,FRASER COAST,MARYBOROUGH
4650,2,2 BR APARTMENT,4/03/2019,13/03/2019,15/03/2019,RGS,213,9,2,11,FRASER COAST,MARYBOROUGH
4650,2,2 BR APARTMENT,30/11/2018,11/12/2018,17/12/2018,RGS,213,11,6,17,FRASER COAST,MARYBOROUGH
4650,2,2 BR APARTMENT,25/10/2018,2/11/2018,6/11/2018,RGS,213,8,4,12,FRASER COAST,MARYBOROUGH
4560,4,4 BR DETACHED HOUSE,27/09/2018,12/10/2018,26/10/2018,RGS,205,15,14,29,SUNSHINE COAST,NICKLIN
4650,2,2 BR SENIOR UNIT,6/09/2018,13/09/2018,13/09/2018,SNR,213,7,0,7,FRASER COAST,MARYBOROUGH
4650,2,2 BR SENIOR UNIT,15/02/2019,22/02/2019,8/03/2019,SNR,213,7,14,21,FRASER COAST,MARYBOROUGH
4650,2,2 BR SENIOR UNIT,10/08/2018,21/08/2018,24/08/2018,SNR,213,11,3,14,FRASER COAST,MARYBOROUGH
4870,2,2 BR DUPLEX,14/08/2018,27/08/2018,5/09/2018,RGS,202,13,9,22,CAIRNS,CAIRNS
4870,2,2 BR APARTMENT,13/11/2018,14/12/2018,14/12/2018,RGS,202,31,0,31,CAIRNS,CAIRNS
4870,2,2 BR APARTMENT,21/12/2018,11/01/2019,24/01/2019,RGS,202,21,13,34,CAIRNS,CAIRNS
4825,2,2 BR DUPLEX,11/06/2018,28/06/2018,12/07/2018,AHG,209,17,14,31,MOUNT ISA,TRAEGER
4870,1,1 BR SENIOR UNIT,4/10/2018,15/10/2018,22/10/2018,SNR,202,11,7,18,CAIRNS,CAIRNS
4870,1,1 BR SENIOR UNIT,29/08/2018,6/09/2018,11/09/2018,SNR,202,8,5,13,CAIRNS,CAIRNS
4650,2,2 BR SENIOR UNIT,11/02/2019,19/02/2019,20/02/2019,SNR,213,8,1,9,FRASER COAST,MARYBOROUGH
4700,2,2 BR APARTMENT,28/06/2018,30/07/2018,13/09/2018,RGS,206,32,45,77,ROCKHAMPTON,ROCKHAMPTON
4700,2,2 BR APARTMENT,1/03/2019,20/03/2019,1/04/2019,RGS,206,19,12,31,ROCKHAMPTON,ROCKHAMPTON
4817,2,2 BR DUPLEX,1/08/2018,8/08/2018,27/08/2018,AHG,201,7,19,26,TOWNSVILLE,THURINGOWA
4883,3,3 BR APARTMENT,25/05/2018,15/06/2018,3/08/2018,RGS,202,21,49,70,TABLELANDS,HILL
4883,3,3 BR APARTMENT,7/08/2018,7/08/2018,22/08/2018,RGS,202,0,15,15,TABLELANDS,HILL
4350,4,4 BR DETACHED HOUSE,5/07/2018,16/07/2018,21/08/2018,AHG,207,11,36,47,TOOWOOMBA,TOOWOOMBA SOUTH
4701,2,2 BR DUPLEX,2/10/2018,15/10/2018,30/10/2018,RGS,206,13,15,28,ROCKHAMPTON,KEPPEL
4701,2,2 BR DUPLEX,17/05/2019,29/05/2019,5/06/2019,RGS,206,12,7,19,ROCKHAMPTON,KEPPEL
4650,1,1 BR APARTMENT,16/05/2018,16/05/2018,26/07/2018,RGS,213,0,71,71,FRASER COAST,MARYBOROUGH
4811,1,1 BR APARTMENT,11/07/2018,18/07/2018,22/08/2018,RGS,201,7,35,42,TOWNSVILLE,MUNDINGBURRA
4811,1,1 BR APARTMENT,13/08/2018,23/08/2018,6/09/2018,RGS,201,10,14,24,TOWNSVILLE,MUNDINGBURRA
4811,1,1 BR APARTMENT,28/02/2019,11/03/2019,12/03/2019,RGS,201,11,1,12,TOWNSVILLE,MUNDINGBURRA
4811,1,1 BR APARTMENT,17/08/2018,23/08/2018,17/09/2018,RGS,201,6,25,31,TOWNSVILLE,MUNDINGBURRA
4811,1,1 BR APARTMENT,4/01/2019,4/01/2019,4/01/2019,RGS,201,0,0,0,TOWNSVILLE,MUNDINGBURRA
4811,1,1 BR APARTMENT,7/01/2019,11/01/2019,18/02/2019,RGS,201,4,38,42,TOWNSVILLE,MUNDINGBURRA
4811,1,1 BR APARTMENT,29/06/2018,3/07/2018,11/07/2018,RGS,201,4,8,12,TOWNSVILLE,MUNDINGBURRA
4811,1,1 BR APARTMENT,20/08/2018,27/08/2018,31/08/2018,RGS,201,7,4,11,TOWNSVILLE,MUNDINGBURRA
4703,3,3 BR APARTMENT,25/09/2018,18/10/2018,30/10/2018,RGS,206,23,12,35,LIVINGSTONE,KEPPEL
4556,4,4 BR DETACHED HOUSE,20/11/2018,3/12/2018,4/12/2018,RGS,205,13,1,14,SUNSHINE COAST,BUDERIM
4740,2,2 BR APARTMENT,14/06/2019,25/06/2019,28/06/2019,RGS,203,11,3,14,MACKAY,MACKAY
4870,2,2 BR DUAL OCCUPANCY,1/03/2019,15/03/2019,8/04/2019,RGS,202,14,24,38,CAIRNS,CAIRNS
4812,2,2 BR APARTMENT,8/03/2019,2/04/2019,16/04/2019,RGS,201,25,14,39,TOWNSVILLE,TOWNSVILLE
4807,3,3 BR DETACHED HOUSE,14/05/2019,27/05/2019,31/05/2019,RGS,201,13,4,17,BURDEKIN,BURDEKIN
4355,2,2 BR DETACHED HOUSE,13/06/2019,14/06/2019,14/06/2019,RGS,207,1,0,1,TOOWOOMBA,CONDAMINE
4355,2,2 BR DETACHED HOUSE,13/06/2019,14/06/2019,14/06/2019,RGS,207,1,0,1,TOOWOOMBA,CONDAMINE
4355,2,2 BR DETACHED HOUSE,13/06/2019,14/06/2019,14/06/2019,RGS,207,1,0,1,TOOWOOMBA,CONDAMINE
4740,2,2 BR APARTMENT,23/07/2018,6/08/2018,8/08/2018,RGS,203,14,2,16,MACKAY,MACKAY
4670,2,2 BR APARTMENT,30/07/2018,8/08/2018,28/09/2018,RGS,208,9,51,60,BUNDABERG,BUNDABERG
4670,2,2 BR APARTMENT,11/03/2019,21/03/2019,26/03/2019,RGS,208,10,5,15,BUNDABERG,BUNDABERG
4670,2,2 BR APARTMENT,29/05/2019,10/06/2019,24/06/2019,RGS,208,12,14,26,BUNDABERG,BUNDABERG
4670,2,2 BR APARTMENT,17/09/2018,28/09/2018,2/10/2018,RGS,208,11,4,15,BUNDABERG,BUNDABERG
4670,2,2 BR APARTMENT,8/05/2019,17/05/2019,22/05/2019,RGS,208,9,5,14,BUNDABERG,BUNDABERG
4825,2,2 BR APARTMENT,3/08/2018,13/08/2018,18/09/2018,RGS,209,10,36,46,MOUNT ISA,TRAEGER
4825,2,2 BR APARTMENT,6/08/2018,13/08/2018,31/01/2019,RGS,209,7,171,178,MOUNT ISA,TRAEGER
4159,2,2 BR APARTMENT,6/08/2018,23/08/2018,24/08/2018,RGS,106,17,1,18,REDLAND,CAPALABA
4343,2,2 BR DUPLEX,28/09/2018,15/10/2018,19/10/2018,RGS,102,17,4,21,LOCKYER VALLEY,LOCKYER
4104,2,2 BR APARTMENT,20/02/2019,5/03/2019,12/03/2019,RGS,107,13,7,20,BRISBANE,MILLER
4610,2,2 BR DUPLEX,23/08/2018,4/09/2018,27/09/2018,RGS,213,12,23,35,SOUTH BURNETT,NANANGO
4610,3,3 BR DUPLEX,19/03/2019,29/03/2019,1/04/2019,RGS,213,10,3,13,SOUTH BURNETT,NANANGO
4814,1,1 BR SENIOR UNIT,21/08/2018,28/08/2018,4/09/2018,SNR,201,7,7,14,TOWNSVILLE,MUNDINGBURRA
4814,1,1 BR SENIOR UNIT,6/12/2018,17/12/2018,19/12/2018,SNR,201,11,2,13,TOWNSVILLE,MUNDINGBURRA
4814,1,1 BR SENIOR UNIT,20/12/2018,8/01/2019,17/01/2019,SNR,201,19,9,28,TOWNSVILLE,MUNDINGBURRA
4218,2,2 BR APARTMENT,17/04/2019,24/04/2019,8/05/2019,SNR,204,7,14,21,GOLD COAST,MERMAID BEACH
4218,2,2 BR APARTMENT,15/01/2019,24/01/2019,7/02/2019,SNR,204,9,14,23,GOLD COAST,MERMAID BEACH
4815,4,4 BR DETACHED HOUSE,16/08/2018,5/09/2018,13/09/2018,AHG,201,20,8,28,TOWNSVILLE,THURINGOWA
4490,4,4 BR DETACHED HOUSE,4/12/2018,17/12/2018,2/04/2019,RGS,207,13,106,119,PAROO,WARREGO
4490,4,4 BR DETACHED HOUSE,4/03/2019,14/03/2019,20/03/2019,RGS,207,10,6,16,PAROO,WARREGO
4210,1,1 BR APARTMENT,5/07/2018,5/07/2018,18/07/2018,RGS,204,0,13,13,GOLD COAST,THEODORE
4210,1,1 BR APARTMENT,5/07/2018,5/07/2018,25/07/2018,RGS,204,0,20,20,GOLD COAST,THEODORE
4210,1,1 BR APARTMENT,5/07/2018,5/07/2018,18/07/2018,RGS,204,0,13,13,GOLD COAST,THEODORE
4210,1,1 BR APARTMENT,5/07/2018,5/07/2018,19/07/2018,RGS,204,0,14,14,GOLD COAST,THEODORE
4210,1,1 BR APARTMENT,5/07/2018,5/07/2018,17/07/2018,RGS,204,0,12,12,GOLD COAST,THEODORE
4210,1,1 BR APARTMENT,5/07/2018,5/07/2018,17/07/2018,RGS,204,0,12,12,GOLD COAST,THEODORE
4210,1,1 BR APARTMENT,5/07/2018,5/07/2018,20/07/2018,RGS,204,0,15,15,GOLD COAST,THEODORE
4210,1,1 BR APARTMENT,5/07/2018,5/07/2018,17/07/2018,RGS,204,0,12,12,GOLD COAST,THEODORE
4210,1,1 BR APARTMENT,5/07/2018,5/07/2018,3/08/2018,RGS,204,0,29,29,GOLD COAST,THEODORE
4490,2,2 BR CLUSTER HOUSING,28/05/2019,7/06/2019,19/06/2019,RGS,207,10,12,22,PAROO,WARREGO
4490,2,2 BR CLUSTER HOUSING,28/05/2019,7/06/2019,20/06/2019,RGS,207,10,13,23,PAROO,WARREGO
4717,3,3 BR DETACHED HOUSE,29/06/2018,7/09/2018,4/01/2019,RGS,211,70,119,189,CENTRAL HIGHLANDS,GREGORY
4883,4,4 BR DETACHED HOUSE,2/10/2018,12/10/2018,24/10/2018,RGS,202,10,12,22,TABLELANDS,HILL
4825,1,1 BR APARTMENT,7/12/2018,18/12/2018,20/12/2018,RGS,209,11,2,13,MOUNT ISA,TRAEGER
4825,1,1 BR APARTMENT,22/11/2018,5/12/2018,23/01/2019,RGS,209,13,49,62,MOUNT ISA,TRAEGER
4814,1,1 BR APARTMENT,1/04/2019,9/04/2019,3/05/2019,RGS,201,8,24,32,TOWNSVILLE,MUNDINGBURRA
4350,2,2 BR APARTMENT,12/11/2018,19/11/2018,14/12/2018,RGS,207,7,25,32,TOOWOOMBA,TOOWOOMBA NORTH
4700,2,2 BR DUPLEX,21/12/2018,30/01/2019,1/02/2019,AHG,206,40,2,42,ROCKHAMPTON,ROCKHAMPTON
4869,4,4 BR DETACHED HOUSE,7/09/2018,24/09/2018,5/10/2018,AHG,202,17,11,28,CAIRNS,MULGRAVE
4825,2,2 BR APARTMENT,1/05/2019,14/05/2019,24/05/2019,RGS,209,13,10,23,MOUNT ISA,TRAEGER
4869,4,4 BR DETACHED HOUSE,4/07/2018,12/07/2018,26/09/2018,RGS,202,8,76,84,CAIRNS,MULGRAVE
4207,1,1 BR APARTMENT,26/10/2018,26/10/2018,26/10/2018,RGS,101,0,0,0,LOGAN,MACALISTER
4207,1,1 BR APARTMENT,26/10/2018,26/10/2018,26/10/2018,RGS,101,0,0,0,LOGAN,MACALISTER
4207,1,1 BR APARTMENT,20/11/2018,20/11/2018,20/11/2018,RGS,101,0,0,0,LOGAN,MACALISTER
4207,1,1 BR APARTMENT,26/10/2018,2/11/2018,2/11/2018,RGS,101,7,0,7,LOGAN,MACALISTER
4207,1,1 BR APARTMENT,26/10/2018,7/11/2018,7/11/2018,RGS,101,12,0,12,LOGAN,MACALISTER
4207,1,1 BR APARTMENT,3/01/2019,3/01/2019,4/01/2019,RGS,101,0,1,1,LOGAN,MACALISTER
4207,1,1 BR APARTMENT,26/10/2018,29/10/2018,29/10/2018,RGS,101,3,0,3,LOGAN,MACALISTER
4207,1,1 BR APARTMENT,26/10/2018,6/11/2018,6/11/2018,RGS,101,11,0,11,LOGAN,MACALISTER
4207,1,1 BR APARTMENT,26/10/2018,2/11/2018,5/11/2018,RGS,101,7,3,10,LOGAN,MACALISTER
4207,1,1 BR APARTMENT,26/10/2018,26/10/2018,26/10/2018,RGS,101,0,0,0,LOGAN,MACALISTER
4207,1,1 BR APARTMENT,26/10/2018,29/10/2018,29/10/2018,RGS,101,3,0,3,LOGAN,MACALISTER
4207,1,1 BR APARTMENT,26/10/2018,26/10/2018,26/10/2018,RGS,101,0,0,0,LOGAN,MACALISTER
4207,1,1 BR APARTMENT,26/10/2018,31/10/2018,31/10/2018,RGS,101,5,0,5,LOGAN,MACALISTER
4207,1,1 BR APARTMENT,26/10/2018,6/11/2018,6/11/2018,RGS,101,11,0,11,LOGAN,MACALISTER
4207,1,1 BR APARTMENT,3/01/2019,3/01/2019,4/01/2019,RGS,101,0,1,1,LOGAN,MACALISTER
4207,1,1 BR APARTMENT,26/10/2018,26/10/2018,26/10/2018,RGS,101,0,0,0,LOGAN,MACALISTER
4207,1,1 BR APARTMENT,26/10/2018,30/10/2018,30/10/2018,RGS,101,4,0,4,LOGAN,MACALISTER
4207,1,1 BR APARTMENT,26/10/2018,26/10/2018,26/10/2018,RGS,101,0,0,0,LOGAN,MACALISTER
4000,1,1 BR APARTMENT,30/11/2018,3/01/2019,14/01/2019,RGS,108,34,11,45,BRISBANE,BRISBANE CENTRAL
4000,1,1 BR APARTMENT,10/06/2019,21/06/2019,28/06/2019,RGS,108,11,7,18,BRISBANE,BRISBANE CENTRAL
4000,1,1 BR APARTMENT,11/07/2018,24/07/2018,26/07/2018,RGS,108,13,2,15,BRISBANE,BRISBANE CENTRAL
4551,1,1 BR SENIOR UNIT,14/05/2019,21/05/2019,3/06/2019,SNR,205,7,13,20,SUNSHINE COAST,CALOUNDRA
4551,1,1 BR SENIOR UNIT,5/06/2019,7/06/2019,12/06/2019,SNR,205,2,5,7,SUNSHINE COAST,CALOUNDRA
4551,1,1 BR SENIOR UNIT,27/05/2019,31/05/2019,12/06/2019,SNR,205,4,12,16,SUNSHINE COAST,CALOUNDRA
4551,1,1 BR SENIOR UNIT,4/10/2018,2/11/2018,4/12/2018,SNR,205,29,32,61,SUNSHINE COAST,CALOUNDRA
4551,1,1 BR SENIOR UNIT,5/04/2019,15/04/2019,18/04/2019,SNR,205,10,3,13,SUNSHINE COAST,CALOUNDRA
4551,1,1 BR SENIOR UNIT,29/04/2019,7/05/2019,22/05/2019,SNR,205,8,15,23,SUNSHINE COAST,CALOUNDRA
4730,1,1 BR SENIOR UNIT,3/07/2018,10/08/2018,13/08/2018,RGS,211,38,3,41,LONGREACH,GREGORY
4730,1,1 BR DETACHED HOUSE,3/07/2018,10/08/2018,13/08/2018,RGS,211,38,3,41,LONGREACH,GREGORY
4730,1,1 BR DETACHED HOUSE,3/07/2018,10/08/2018,13/08/2018,RGS,211,38,3,41,LONGREACH,GREGORY
4730,1,1 BR SENIOR UNIT,3/07/2018,10/08/2018,16/08/2018,RGS,211,38,6,44,LONGREACH,GREGORY
4730,1,1 BR SENIOR UNIT,3/07/2018,10/08/2018,16/08/2018,RGS,211,38,6,44,LONGREACH,GREGORY
4730,1,1 BR SENIOR UNIT,3/07/2018,10/08/2018,13/08/2018,RGS,211,38,3,41,LONGREACH,GREGORY
4730,1,1 BR SENIOR UNIT,3/07/2018,10/08/2018,16/08/2018,RGS,211,38,6,44,LONGREACH,GREGORY
4730,1,1 BR SENIOR UNIT,3/07/2018,10/08/2018,16/08/2018,RGS,211,38,6,44,LONGREACH,GREGORY
4810,1,1 BR APARTMENT,8/04/2019,7/05/2019,20/05/2019,RGS,201,29,13,42,TOWNSVILLE,TOWNSVILLE
4810,2,2 BR APARTMENT,28/06/2018,6/07/2018,18/07/2018,RGS,201,8,12,20,TOWNSVILLE,TOWNSVILLE
4305,2,2 BR APARTMENT,23/04/2019,30/04/2019,13/05/2019,RGS,102,7,13,20,IPSWICH,IPSWICH
4305,2,2 BR APARTMENT,5/06/2019,18/06/2019,19/06/2019,RGS,102,13,1,14,IPSWICH,IPSWICH
4305,1,1 BR APARTMENT,25/03/2019,3/04/2019,5/04/2019,RGS,102,9,2,11,IPSWICH,IPSWICH
4078,2,2 BR ATTACHED HOUSING,16/08/2018,4/09/2018,6/09/2018,RGS,104,19,2,21,BRISBANE,INALA
4165,2,2 BR APARTMENT,2/10/2018,22/10/2018,25/10/2018,RGS,106,20,3,23,REDLAND,REDLANDS
4557,2,2 BR APARTMENT,27/11/2018,27/11/2018,27/11/2018,RGS,205,0,0,0,SUNSHINE COAST,BUDERIM
4557,2,2 BR APARTMENT,27/11/2018,7/12/2018,14/12/2018,RGS,205,10,7,17,SUNSHINE COAST,BUDERIM
4350,2,2 BR APARTMENT,22/05/2018,1/06/2018,6/07/2018,RGS,207,10,35,45,TOOWOOMBA,TOOWOOMBA NORTH
4350,2,2 BR APARTMENT,30/04/2019,8/05/2019,27/06/2019,RGS,207,8,50,58,TOOWOOMBA,TOOWOOMBA NORTH
4350,2,2 BR APARTMENT,19/06/2018,29/06/2018,12/10/2018,RGS,207,10,105,115,TOOWOOMBA,TOOWOOMBA NORTH
4680,4,4 BR DETACHED HOUSE,15/04/2019,8/05/2019,8/05/2019,AHG,212,23,0,23,GLADSTONE,GLADSTONE
4503,2,2 BR APARTMENT,7/12/2018,18/12/2018,24/12/2018,RGS,103,11,6,17,MORETON BAY,MURRUMBA
4825,2,2 BR APARTMENT,11/06/2018,27/06/2018,20/07/2018,RGS,209,16,23,39,MOUNT ISA,TRAEGER
4350,2,2 BR APARTMENT,10/01/2019,18/01/2019,14/05/2019,RGS,207,8,116,124,TOOWOOMBA,TOOWOOMBA NORTH
4350,2,2 BR APARTMENT,3/01/2019,11/01/2019,3/05/2019,RGS,207,8,112,120,TOOWOOMBA,TOOWOOMBA NORTH
4650,2,2 BR DUPLEX,22/10/2018,30/10/2018,8/11/2018,RGS,213,8,9,17,FRASER COAST,MARYBOROUGH
4814,2,2 BR APARTMENT,24/09/2018,5/10/2018,12/10/2018,RGS,201,11,7,18,TOWNSVILLE,MUNDINGBURRA
4870,2,2 BR APARTMENT,22/08/2018,6/09/2018,7/09/2018,RGS,202,15,1,16,CAIRNS,CAIRNS
4350,2,2 BR APARTMENT,3/07/2018,11/07/2018,24/08/2018,RGS,207,8,44,52,TOOWOOMBA,TOOWOOMBA NORTH
4350,2,2 BR APARTMENT,28/08/2018,6/09/2018,24/09/2018,RGS,207,9,18,27,TOOWOOMBA,TOOWOOMBA NORTH
4350,2,2 BR APARTMENT,29/01/2019,1/02/2019,1/05/2019,RGS,207,3,89,92,TOOWOOMBA,TOOWOOMBA NORTH
4556,2,2 BR APARTMENT,31/01/2019,1/02/2019,1/02/2019,RGS,205,1,0,1,SUNSHINE COAST,BUDERIM
4481,3,3 BR DETACHED HOUSE,1/11/2017,14/12/2017,16/01/2019,AHG,211,43,398,441,BARCOO,GREGORY
4350,2,2 BR ATTACHED HOUSING,30/10/2018,2/11/2018,21/11/2018,RGS,207,3,19,22,TOOWOOMBA,TOOWOOMBA NORTH
4350,2,2 BR ATTACHED HOUSING,7/08/2018,16/08/2018,17/08/2018,RGS,207,9,1,10,TOOWOOMBA,TOOWOOMBA NORTH
4828,2,2 BR DUAL OCCUPANCY,8/02/2019,25/03/2019,18/04/2019,AHG,209,45,24,69,MOUNT ISA,TRAEGER
4828,4,4 BR DETACHED HOUSE,27/03/2019,8/05/2019,23/05/2019,AHG,209,42,15,57,MOUNT ISA,TRAEGER
4883,2,2 BR CLUSTER HOUSING,12/12/2018,18/01/2019,5/03/2019,RGS,202,37,46,83,TABLELANDS,HILL
4828,2,2 BR DUAL OCCUPANCY,10/12/2018,6/03/2019,1/04/2019,AHG,209,86,26,112,MOUNT ISA,TRAEGER
4828,2,2 BR DUAL OCCUPANCY,7/08/2018,11/09/2018,19/11/2018,AHG,209,35,69,104,MOUNT ISA,TRAEGER
4825,4,4 BR DETACHED HOUSE,21/05/2018,19/06/2018,13/07/2018,RGS,209,29,24,53,MOUNT ISA,TRAEGER
4573,2,2 BR DUPLEX,28/05/2018,11/06/2018,13/07/2018,RGS,205,14,32,46,NOOSA,NOOSA
4865,4,4 BR DETACHED HOUSE,31/05/2018,13/06/2018,13/07/2018,RGS,202,13,30,43,CAIRNS,MULGRAVE
4865,4,4 BR DETACHED HOUSE,19/06/2018,11/07/2018,26/07/2018,RGS,202,22,15,37,CAIRNS,MULGRAVE
4671,3,3 BR DETACHED HOUSE,27/09/2018,2/10/2018,2/10/2018,RGS,208,5,0,5,NORTH BURNETT,CALLIDE
4671,3,3 BR DETACHED HOUSE,27/09/2018,2/10/2018,2/10/2018,RGS,208,5,0,5,NORTH BURNETT,CALLIDE
4671,3,3 BR DETACHED HOUSE,15/05/2015,15/05/2015,27/09/2018,RGS,208,0,1231,1231,NORTH BURNETT,CALLIDE
4221,2,2 BR APARTMENT,17/01/2019,24/01/2019,8/03/2019,RGS,204,7,43,50,GOLD COAST,BURLEIGH
4221,2,2 BR APARTMENT,1/05/2018,1/05/2018,4/07/2018,RGS,204,0,64,64,GOLD COAST,BURLEIGH
4121,2,2 BR APARTMENT,30/07/2018,22/08/2018,28/08/2018,RGS,107,23,6,29,BRISBANE,GREENSLOPES
4131,4,4 BR DETACHED HOUSE,3/12/2018,7/01/2019,8/01/2019,RGS,101,35,1,36,LOGAN,WATERFORD
4131,4,4 BR DETACHED HOUSE,22/05/2019,5/06/2019,7/06/2019,RGS,101,14,2,16,LOGAN,WATERFORD
4812,2,2 BR APARTMENT,14/03/2019,20/03/2019,12/04/2019,RGS,201,6,23,29,TOWNSVILLE,TOWNSVILLE
4812,2,2 BR APARTMENT,8/05/2019,13/05/2019,24/05/2019,RGS,201,5,11,16,TOWNSVILLE,TOWNSVILLE
4812,1,1 BR APARTMENT,10/08/2018,15/08/2018,21/08/2018,RGS,201,5,6,11,TOWNSVILLE,TOWNSVILLE
4207,2,2 BR APARTMENT,24/09/2018,4/10/2018,24/10/2018,RGS,101,10,20,30,LOGAN,MACALISTER
4670,4,4 BR DETACHED HOUSE,3/06/2019,13/06/2019,18/06/2019,AHG,208,10,5,15,BUNDABERG,BUNDABERG
4164,4,4 BR DETACHED HOUSE,19/09/2018,3/10/2018,10/10/2018,RGS,106,14,7,21,REDLAND,REDLANDS
4860,3,3 BR DUAL OCCUPANCY,28/11/2018,18/12/2018,9/01/2019,RGS,202,20,22,42,CASSOWARY COAST,HILL
4860,3,3 BR DUAL OCCUPANCY,28/11/2018,18/12/2018,9/01/2019,RGS,202,20,22,42,CASSOWARY COAST,HILL
4032,2,2 BR APARTMENT,5/07/2018,25/07/2018,14/08/2018,RGS,105,20,20,40,BRISBANE,STAFFORD
4032,2,2 BR APARTMENT,9/08/2018,30/08/2018,20/09/2018,RGS,105,21,21,42,BRISBANE,STAFFORD
4818,4,4 BR DETACHED HOUSE,6/11/2018,19/11/2018,27/11/2018,RGS,201,13,8,21,TOWNSVILLE,HINCHINBROOK
4818,4,4 BR DETACHED HOUSE,6/11/2018,6/11/2018,6/11/2018,RGS,201,0,0,0,TOWNSVILLE,HINCHINBROOK
4490,3,3 BR DETACHED HOUSE,8/02/2019,22/02/2019,11/04/2019,AHG,207,14,48,62,PAROO,WARREGO
4871,4,4 BR DETACHED HOUSE,17/08/2018,15/11/2018,17/12/2018,AHG,202,90,32,122,COOK,COOK
4860,3,3 BR DETACHED HOUSE,28/11/2018,18/12/2018,9/01/2019,RGS,202,20,22,42,CASSOWARY COAST,HILL
4814,4,4 BR DETACHED HOUSE,18/07/2018,26/07/2018,9/08/2018,RGS,201,8,14,22,TOWNSVILLE,THURINGOWA
4670,2,2 BR DUPLEX,2/01/2019,11/01/2019,15/01/2019,RGS,208,9,4,13,BUNDABERG,BUNDABERG
4869,4,4 BR DETACHED HOUSE,13/07/2018,13/09/2018,17/09/2018,RGS,202,62,4,66,CAIRNS,MULGRAVE
4216,2,2 BR DUPLEX,29/08/2018,29/08/2018,29/08/2018,RGS,204,0,0,0,GOLD COAST,BROADWATER
4207,2,2 BR DUAL OCCUPANCY,3/04/2019,15/04/2019,18/04/2019,RGS,101,12,3,15,LOGAN,MACALISTER
4869,2,2 BR DUAL OCCUPANCY,3/07/2018,12/07/2018,25/07/2018,AHG,202,9,13,22,CAIRNS,MULGRAVE
4869,2,2 BR DUAL OCCUPANCY,3/06/2019,18/06/2019,26/06/2019,AHG,202,15,8,23,CAIRNS,MULGRAVE
4304,1,1 BR APARTMENT,23/04/2019,30/04/2019,30/05/2019,RGS,102,7,30,37,IPSWICH,IPSWICH
4304,1,1 BR APARTMENT,28/05/2019,6/06/2019,14/06/2019,RGS,102,9,8,17,IPSWICH,IPSWICH
4650,1,1 BR APARTMENT,19/09/2018,27/09/2018,4/10/2018,RGS,213,8,7,15,FRASER COAST,MARYBOROUGH
4880,2,2 BR CLUSTER HOUSING,17/12/2018,17/01/2019,4/02/2019,RGS,202,31,18,49,MAREEBA,COOK
4510,1,1 BR APARTMENT,29/06/2018,12/07/2018,3/08/2018,RGS,103,13,22,35,MORETON BAY,MORAYFIELD
4825,1,1 BR APARTMENT,7/01/2019,8/01/2019,21/01/2019,RGS,209,1,13,14,MOUNT ISA,TRAEGER
4825,1,1 BR APARTMENT,6/08/2018,7/09/2018,17/12/2018,RGS,209,32,101,133,MOUNT ISA,TRAEGER
4825,1,1 BR APARTMENT,10/04/2018,24/04/2018,1/08/2018,RGS,209,14,99,113,MOUNT ISA,TRAEGER
4825,1,1 BR APARTMENT,9/04/2018,24/04/2018,16/07/2018,RGS,209,15,83,98,MOUNT ISA,TRAEGER
4825,1,1 BR APARTMENT,3/08/2018,14/08/2018,22/11/2018,RGS,209,11,100,111,MOUNT ISA,TRAEGER
4825,1,1 BR APARTMENT,1/02/2018,26/04/2018,31/07/2018,RGS,209,84,96,180,MOUNT ISA,TRAEGER
4122,2,2 BR APARTMENT,22/03/2019,22/05/2019,22/05/2019,RGS,107,61,0,61,BRISBANE,MANSFIELD
4122,2,2 BR APARTMENT,6/03/2019,19/03/2019,26/03/2019,RGS,107,13,7,20,BRISBANE,MANSFIELD
4701,3,3 BR DETACHED HOUSE,24/12/2018,21/01/2019,7/02/2019,RGS,206,28,17,45,ROCKHAMPTON,ROCKHAMPTON
4304,1,1 BR APARTMENT,23/10/2018,30/10/2018,2/11/2018,RGS,102,7,3,10,IPSWICH,IPSWICH
4304,1,1 BR APARTMENT,4/10/2018,26/10/2018,26/10/2018,RGS,102,22,0,22,IPSWICH,IPSWICH
4304,1,1 BR APARTMENT,24/10/2018,30/10/2018,12/11/2018,RGS,102,6,13,19,IPSWICH,IPSWICH
4879,2,2 BR APARTMENT,6/12/2018,21/12/2018,21/12/2018,RGS,202,15,0,15,CAIRNS,BARRON RIVER
4350,2,2 BR DUPLEX,6/06/2018,7/06/2018,6/08/2018,AHG,207,1,60,61,TOOWOOMBA,TOOWOOMBA NORTH
4350,2,2 BR DUPLEX,21/11/2018,23/11/2018,12/02/2019,AHG,207,2,81,83,TOOWOOMBA,TOOWOOMBA NORTH
4122,2,2 BR APARTMENT,14/02/2019,28/02/2019,1/03/2019,RGS,107,14,1,15,BRISBANE,GREENSLOPES
4122,2,2 BR APARTMENT,27/03/2019,27/03/2019,27/03/2019,RGS,107,0,0,0,BRISBANE,GREENSLOPES
4870,2,2 BR APARTMENT,10/09/2018,25/09/2018,30/10/2018,RGS,202,15,35,50,CAIRNS,CAIRNS
4870,2,2 BR APARTMENT,14/01/2019,1/02/2019,4/02/2019,RGS,202,18,3,21,CAIRNS,CAIRNS
4870,2,2 BR APARTMENT,15/02/2019,28/02/2019,5/03/2019,RGS,202,13,5,18,CAIRNS,CAIRNS
4870,2,2 BR APARTMENT,7/09/2018,15/10/2018,19/10/2018,RGS,202,38,4,42,CAIRNS,CAIRNS
4870,2,2 BR APARTMENT,29/10/2018,9/11/2018,16/11/2018,RGS,202,11,7,18,CAIRNS,CAIRNS
4865,2,2 BR DUPLEX,1/05/2019,14/05/2019,21/05/2019,RGS,202,13,7,20,CAIRNS,MULGRAVE
4210,4,4 BR DETACHED HOUSE,21/05/2019,21/05/2019,21/05/2019,RGS,204,0,0,0,GOLD COAST,COOMERA
4163,1,1 BR APARTMENT,29/03/2019,16/04/2019,17/05/2019,RGS,106,18,31,49,REDLAND,CLEVELAND
4812,2,2 BR DUPLEX,2/10/2018,10/10/2018,12/10/2018,RGS,201,8,2,10,TOWNSVILLE,TOWNSVILLE
4812,2,2 BR DUPLEX,3/07/2018,10/07/2018,20/07/2018,RGS,201,7,10,17,TOWNSVILLE,TOWNSVILLE
4031,2,2 BR ATTACHED HOUSING,18/02/2019,6/03/2019,29/03/2019,RGS,105,16,23,39,BRISBANE,STAFFORD
4505,2,2 BR APARTMENT,11/01/2019,11/01/2019,17/01/2019,RGS,103,0,6,6,MORETON BAY,KURWONGBAH
4505,2,2 BR APARTMENT,11/01/2019,14/01/2019,25/02/2019,RGS,103,3,42,45,MORETON BAY,KURWONGBAH
4505,2,2 BR APARTMENT,11/01/2019,11/01/2019,14/01/2019,RGS,103,0,3,3,MORETON BAY,KURWONGBAH
4505,1,1 BR APARTMENT,11/01/2019,11/01/2019,16/01/2019,RGS,103,0,5,5,MORETON BAY,KURWONGBAH
4505,2,2 BR APARTMENT,11/01/2019,11/01/2019,16/01/2019,RGS,103,0,5,5,MORETON BAY,KURWONGBAH
4505,2,2 BR APARTMENT,11/01/2019,11/01/2019,15/01/2019,RGS,103,0,4,4,MORETON BAY,KURWONGBAH
4505,1,1 BR APARTMENT,11/01/2019,11/01/2019,17/01/2019,RGS,103,0,6,6,MORETON BAY,KURWONGBAH
4505,2,2 BR APARTMENT,11/01/2019,11/01/2019,16/01/2019,RGS,103,0,5,5,MORETON BAY,KURWONGBAH
4505,1,1 BR APARTMENT,11/01/2019,11/01/2019,16/01/2019,RGS,103,0,5,5,MORETON BAY,KURWONGBAH
4505,2,2 BR APARTMENT,11/01/2019,11/01/2019,23/01/2019,RGS,103,0,12,12,MORETON BAY,KURWONGBAH
4505,2,2 BR APARTMENT,11/01/2019,11/01/2019,16/01/2019,RGS,103,0,5,5,MORETON BAY,KURWONGBAH
4505,1,1 BR APARTMENT,11/01/2019,11/01/2019,25/01/2019,RGS,103,0,14,14,MORETON BAY,KURWONGBAH
4505,1,1 BR APARTMENT,11/01/2019,11/01/2019,31/01/2019,RGS,103,0,20,20,MORETON BAY,KURWONGBAH
4505,2,2 BR APARTMENT,11/01/2019,11/01/2019,16/01/2019,RGS,103,0,5,5,MORETON BAY,KURWONGBAH
4870,1,1 BR APARTMENT,22/03/2019,4/04/2019,10/04/2019,RGS,202,13,6,19,CAIRNS,CAIRNS
4870,1,1 BR APARTMENT,25/01/2019,6/02/2019,19/03/2019,RGS,202,12,41,53,CAIRNS,CAIRNS
4870,1,1 BR APARTMENT,1/06/2018,15/06/2018,2/07/2018,RGS,202,14,17,31,CAIRNS,CAIRNS
4868,1,1 BR APARTMENT,21/12/2018,14/01/2019,17/01/2019,RGS,202,24,3,27,CAIRNS,MULGRAVE
4680,2,2 BR APARTMENT,12/12/2017,2/01/2018,27/07/2018,RGS,212,21,206,227,GLADSTONE,GLADSTONE
4680,2,2 BR APARTMENT,28/02/2019,18/03/2019,19/06/2019,RGS,212,18,93,111,GLADSTONE,GLADSTONE
4680,2,2 BR APARTMENT,29/01/2019,12/02/2019,4/04/2019,RGS,212,14,51,65,GLADSTONE,GLADSTONE
4503,2,2 BR APARTMENT,30/04/2019,14/05/2019,15/05/2019,RGS,103,14,1,15,MORETON BAY,MURRUMBA
4503,2,2 BR APARTMENT,1/04/2019,11/04/2019,24/04/2019,RGS,103,10,13,23,MORETON BAY,MURRUMBA
4503,2,2 BR APARTMENT,4/01/2019,15/01/2019,17/01/2019,RGS,103,11,2,13,MORETON BAY,MURRUMBA
4703,1,1 BR APARTMENT,9/07/2018,19/07/2018,23/07/2018,RGS,206,10,4,14,LIVINGSTONE,KEPPEL
4051,1,1 BR APARTMENT,1/04/2019,10/04/2019,15/04/2019,RGS,108,9,5,14,BRISBANE,EVERTON
4051,1,1 BR APARTMENT,2/04/2019,10/04/2019,13/05/2019,RGS,108,8,33,41,BRISBANE,EVERTON
4051,1,1 BR APARTMENT,18/06/2018,2/07/2018,3/07/2018,RGS,108,14,1,15,BRISBANE,EVERTON
4350,1,1 BR APARTMENT,13/09/2018,25/10/2018,22/11/2018,RGS,207,42,28,70,TOOWOOMBA,TOOWOOMBA SOUTH
4350,1,1 BR APARTMENT,18/07/2018,23/07/2018,10/08/2018,RGS,207,5,18,23,TOOWOOMBA,TOOWOOMBA SOUTH
4810,2,2 BR APARTMENT,5/11/2018,19/11/2018,27/11/2018,RGS,201,14,8,22,TOWNSVILLE,TOWNSVILLE
4012,1,1 BR APARTMENT,17/07/2018,19/07/2018,20/07/2018,RGS,105,2,1,3,BRISBANE,NUDGEE
4012,1,1 BR APARTMENT,30/01/2019,15/02/2019,7/03/2019,RGS,105,16,20,36,BRISBANE,NUDGEE
4012,2,2 BR APARTMENT,27/08/2018,12/09/2018,10/10/2018,RGS,105,16,28,44,BRISBANE,NUDGEE
4304,1,1 BR APARTMENT,9/11/2018,19/11/2018,21/12/2018,RGS,102,10,32,42,IPSWICH,IPSWICH
4304,1,1 BR APARTMENT,30/08/2018,10/09/2018,14/09/2018,RGS,102,11,4,15,IPSWICH,IPSWICH
4670,1,1 BR APARTMENT,17/10/2018,23/10/2018,23/10/2018,RGS,208,6,0,6,BUNDABERG,BUNDABERG
4670,1,1 BR APARTMENT,14/09/2018,24/09/2018,2/10/2018,RGS,208,10,8,18,BUNDABERG,BUNDABERG
4304,1,1 BR APARTMENT,14/09/2018,14/09/2018,2/10/2018,RGS,102,0,18,18,IPSWICH,IPSWICH
4304,1,1 BR APARTMENT,14/09/2018,14/09/2018,24/09/2018,RGS,102,0,10,10,IPSWICH,IPSWICH
4304,1,1 BR APARTMENT,14/09/2018,14/09/2018,25/10/2018,RGS,102,0,41,41,IPSWICH,IPSWICH
4304,1,1 BR APARTMENT,14/09/2018,14/09/2018,20/09/2018,RGS,102,0,6,6,IPSWICH,IPSWICH
4304,1,1 BR APARTMENT,14/09/2018,14/09/2018,21/09/2018,RGS,102,0,7,7,IPSWICH,IPSWICH
4304,1,1 BR APARTMENT,14/09/2018,14/09/2018,26/09/2018,RGS,102,0,12,12,IPSWICH,IPSWICH
4670,3,3 BR DETACHED HOUSE,11/03/2019,19/03/2019,20/03/2019,RGS,208,8,1,9,BUNDABERG,BUNDABERG
4870,1,1 BR APARTMENT,5/04/2019,16/04/2019,31/05/2019,RGS,202,11,45,56,CAIRNS,CAIRNS
4870,1,1 BR APARTMENT,11/01/2019,21/01/2019,30/01/2019,RGS,202,10,9,19,CAIRNS,CAIRNS
4075,1,1 BR APARTMENT,5/03/2019,13/03/2019,29/03/2019,RGS,104,8,16,24,BRISBANE,MILLER
4812,2,2 BR APARTMENT,27/09/2018,10/10/2018,24/10/2018,RGS,201,13,14,27,TOWNSVILLE,MUNDINGBURRA
4812,2,2 BR APARTMENT,14/08/2018,17/08/2018,28/08/2018,RGS,201,3,11,14,TOWNSVILLE,MUNDINGBURRA
4165,4,4 BR DETACHED HOUSE,8/10/2018,22/10/2018,2/11/2018,RGS,106,14,11,25,REDLAND,REDLANDS
4503,4,4 BR DETACHED HOUSE,3/10/2018,26/10/2018,29/10/2018,RGS,103,23,3,26,MORETON BAY,MURRUMBA
4815,2,2 BR DUPLEX,28/09/2018,10/10/2018,25/10/2018,RGS,201,12,15,27,TOWNSVILLE,THURINGOWA
4670,4,4 BR DETACHED HOUSE,4/06/2019,17/06/2019,19/06/2019,AHG,208,13,2,15,BUNDABERG,BUNDABERG
4869,2,2 BR DUPLEX,27/09/2018,5/10/2018,10/10/2018,RGS,202,8,5,13,CAIRNS,MULGRAVE
4670,2,2 BR ATTACHED HOUSING,3/12/2018,11/12/2018,13/12/2018,RGS,208,8,2,10,BUNDABERG,BUNDABERG
4670,2,2 BR ATTACHED HOUSING,26/09/2018,8/10/2018,10/10/2018,RGS,208,12,2,14,BUNDABERG,BUNDABERG
4132,5,5 BR DETACHED HOUSE,16/10/2018,16/10/2018,25/10/2018,RGS,101,0,9,9,LOGAN,WOODRIDGE
4020,1,1 BR APARTMENT,8/03/2019,22/03/2019,29/03/2019,RGS,110,14,7,21,MORETON BAY,REDCLIFFE
4020,2,2 BR APARTMENT,3/12/2018,4/12/2018,2/01/2019,RGS,110,1,29,30,MORETON BAY,REDCLIFFE
4020,2,2 BR APARTMENT,3/12/2018,4/12/2018,19/12/2018,RGS,110,1,15,16,MORETON BAY,REDCLIFFE
4020,1,1 BR APARTMENT,3/12/2018,4/12/2018,19/12/2018,RGS,110,1,15,16,MORETON BAY,REDCLIFFE
4020,2,2 BR APARTMENT,3/12/2018,4/12/2018,21/12/2018,RGS,110,1,17,18,MORETON BAY,REDCLIFFE
4020,2,2 BR APARTMENT,12/03/2019,9/04/2019,10/04/2019,RGS,110,28,1,29,MORETON BAY,REDCLIFFE
4020,2,2 BR APARTMENT,3/12/2018,4/12/2018,19/12/2018,RGS,110,1,15,16,MORETON BAY,REDCLIFFE
4020,1,1 BR APARTMENT,3/12/2018,4/12/2018,20/12/2018,RGS,110,1,16,17,MORETON BAY,REDCLIFFE
4020,2,2 BR APARTMENT,3/12/2018,4/12/2018,19/12/2018,RGS,110,1,15,16,MORETON BAY,REDCLIFFE
4020,1,1 BR APARTMENT,3/12/2018,4/12/2018,18/01/2019,RGS,110,1,45,46,MORETON BAY,REDCLIFFE
4020,1,1 BR APARTMENT,3/12/2018,4/12/2018,19/12/2018,RGS,110,1,15,16,MORETON BAY,REDCLIFFE
4750,5,5 BR DETACHED HOUSE,8/04/2019,16/04/2019,17/04/2019,RGS,203,8,1,9,MACKAY,WHITSUNDAY
4670,2,2 BR DUPLEX,12/12/2018,12/12/2018,17/12/2018,RGS,208,0,5,5,BUNDABERG,BUNDABERG
4670,2,2 BR DUPLEX,12/12/2018,12/12/2018,20/05/2019,RGS,208,0,159,159,BUNDABERG,BUNDABERG
4670,2,2 BR DUPLEX,12/12/2018,12/12/2018,17/12/2018,RGS,208,0,5,5,BUNDABERG,BUNDABERG
4670,2,2 BR DUPLEX,12/12/2018,12/12/2018,18/12/2018,RGS,208,0,6,6,BUNDABERG,BUNDABERG
4814,1,1 BR APARTMENT,5/10/2018,8/10/2018,9/10/2018,RGS,201,3,1,4,TOWNSVILLE,MUNDINGBURRA
4814,1,1 BR APARTMENT,5/10/2018,8/10/2018,17/10/2018,RGS,201,3,9,12,TOWNSVILLE,MUNDINGBURRA
4814,1,1 BR APARTMENT,12/10/2018,15/10/2018,17/10/2018,RGS,201,3,2,5,TOWNSVILLE,MUNDINGBURRA
4814,1,1 BR APARTMENT,5/10/2018,8/10/2018,11/10/2018,RGS,201,3,3,6,TOWNSVILLE,MUNDINGBURRA
4814,1,1 BR APARTMENT,5/10/2018,8/10/2018,31/10/2018,RGS,201,3,23,26,TOWNSVILLE,MUNDINGBURRA
4814,1,1 BR APARTMENT,5/10/2018,8/10/2018,12/10/2018,RGS,201,3,4,7,TOWNSVILLE,MUNDINGBURRA
4814,1,1 BR APARTMENT,5/10/2018,8/10/2018,11/10/2018,RGS,201,3,3,6,TOWNSVILLE,MUNDINGBURRA
4814,1,1 BR APARTMENT,16/10/2018,29/10/2018,5/11/2018,RGS,201,13,7,20,TOWNSVILLE,MUNDINGBURRA
4814,1,1 BR APARTMENT,5/10/2018,8/10/2018,8/10/2018,RGS,201,3,0,3,TOWNSVILLE,MUNDINGBURRA
4814,1,1 BR APARTMENT,5/10/2018,8/10/2018,9/10/2018,RGS,201,3,1,4,TOWNSVILLE,MUNDINGBURRA
4814,1,1 BR APARTMENT,5/10/2018,8/10/2018,8/10/2018,RGS,201,3,0,3,TOWNSVILLE,MUNDINGBURRA
4814,1,1 BR APARTMENT,5/10/2018,8/10/2018,8/10/2018,RGS,201,3,0,3,TOWNSVILLE,MUNDINGBURRA
4814,1,1 BR APARTMENT,5/10/2018,8/10/2018,12/10/2018,RGS,201,3,4,7,TOWNSVILLE,MUNDINGBURRA
4814,1,1 BR APARTMENT,5/10/2018,8/10/2018,11/10/2018,RGS,201,3,3,6,TOWNSVILLE,MUNDINGBURRA
4814,1,1 BR APARTMENT,5/10/2018,8/10/2018,11/10/2018,RGS,201,3,3,6,TOWNSVILLE,MUNDINGBURRA
4814,1,1 BR APARTMENT,5/10/2018,8/10/2018,23/10/2018,RGS,201,3,15,18,TOWNSVILLE,MUNDINGBURRA
4869,4,4 BR DETACHED HOUSE,10/08/2018,27/08/2018,27/08/2018,RGS,202,17,0,17,CAIRNS,MULGRAVE
4053,1,1 BR APARTMENT,5/11/2018,16/11/2018,17/12/2018,RGS,105,11,31,42,BRISBANE,EVERTON
4053,1,1 BR APARTMENT,25/01/2019,1/02/2019,1/02/2019,RGS,105,7,0,7,BRISBANE,EVERTON
4224,1,1 BR APARTMENT,21/09/2018,21/09/2018,25/09/2018,RGS,204,0,4,4,GOLD COAST,CURRUMBIN
4224,1,1 BR APARTMENT,21/09/2018,21/09/2018,26/09/2018,RGS,204,0,5,5,GOLD COAST,CURRUMBIN
4224,1,1 BR APARTMENT,21/09/2018,21/09/2018,25/09/2018,RGS,204,0,4,4,GOLD COAST,CURRUMBIN
4224,1,1 BR APARTMENT,21/09/2018,21/09/2018,24/09/2018,RGS,204,0,3,3,GOLD COAST,CURRUMBIN
4224,1,1 BR APARTMENT,21/09/2018,21/09/2018,26/09/2018,RGS,204,0,5,5,GOLD COAST,CURRUMBIN
4224,1,1 BR APARTMENT,21/09/2018,21/09/2018,21/09/2018,RGS,204,0,0,0,GOLD COAST,CURRUMBIN
4224,1,1 BR APARTMENT,21/09/2018,21/09/2018,24/09/2018,RGS,204,0,3,3,GOLD COAST,CURRUMBIN
4224,1,1 BR APARTMENT,21/09/2018,4/10/2018,4/10/2018,RGS,204,13,0,13,GOLD COAST,CURRUMBIN
4224,1,1 BR APARTMENT,21/09/2018,10/10/2018,16/10/2018,RGS,204,19,6,25,GOLD COAST,CURRUMBIN
4224,1,1 BR APARTMENT,21/09/2018,21/09/2018,25/09/2018,RGS,204,0,4,4,GOLD COAST,CURRUMBIN
4224,1,1 BR APARTMENT,21/09/2018,10/10/2018,17/10/2018,RGS,204,19,7,26,GOLD COAST,CURRUMBIN
4224,1,1 BR APARTMENT,21/09/2018,21/09/2018,24/09/2018,RGS,204,0,3,3,GOLD COAST,CURRUMBIN
4220,1,1 BR APARTMENT,21/09/2018,28/09/2018,18/10/2018,RGS,204,7,20,27,GOLD COAST,BURLEIGH
4207,4,4 BR DETACHED HOUSE,4/01/2019,29/01/2019,31/01/2019,RGS,101,25,2,27,LOGAN,MACALISTER
4350,1,1 BR SENIOR UNIT,13/02/2019,13/02/2019,26/03/2019,SNR,207,0,41,41,TOOWOOMBA,TOOWOOMBA SOUTH
4350,1,1 BR SENIOR UNIT,13/02/2019,13/02/2019,11/03/2019,SNR,207,0,26,26,TOOWOOMBA,TOOWOOMBA SOUTH
4350,1,1 BR SENIOR UNIT,13/02/2019,13/02/2019,5/03/2019,SNR,207,0,20,20,TOOWOOMBA,TOOWOOMBA SOUTH
4350,1,1 BR SENIOR UNIT,13/02/2019,13/02/2019,14/03/2019,SNR,207,0,29,29,TOOWOOMBA,TOOWOOMBA SOUTH
4350,1,1 BR SENIOR UNIT,13/02/2019,13/02/2019,1/03/2019,SNR,207,0,16,16,TOOWOOMBA,TOOWOOMBA SOUTH
4350,1,1 BR SENIOR UNIT,13/02/2019,13/02/2019,16/05/2019,SNR,207,0,92,92,TOOWOOMBA,TOOWOOMBA SOUTH
4350,1,1 BR SENIOR UNIT,13/02/2019,13/02/2019,3/06/2019,SNR,207,0,110,110,TOOWOOMBA,TOOWOOMBA SOUTH
4350,1,1 BR SENIOR UNIT,13/02/2019,13/02/2019,22/05/2019,SNR,207,0,98,98,TOOWOOMBA,TOOWOOMBA SOUTH
4350,1,1 BR SENIOR UNIT,13/02/2019,13/02/2019,13/06/2019,SNR,207,0,120,120,TOOWOOMBA,TOOWOOMBA SOUTH
4350,1,1 BR SENIOR UNIT,13/02/2019,13/02/2019,7/06/2019,SNR,207,0,114,114,TOOWOOMBA,TOOWOOMBA SOUTH
4350,1,1 BR SENIOR UNIT,13/02/2019,13/02/2019,28/02/2019,SNR,207,0,15,15,TOOWOOMBA,TOOWOOMBA SOUTH
4350,1,1 BR SENIOR UNIT,13/02/2019,13/02/2019,20/03/2019,SNR,207,0,35,35,TOOWOOMBA,TOOWOOMBA SOUTH
4350,1,1 BR SENIOR UNIT,13/02/2019,13/02/2019,15/02/2019,SNR,207,0,2,2,TOOWOOMBA,TOOWOOMBA SOUTH
4350,1,1 BR SENIOR UNIT,13/02/2019,13/02/2019,16/05/2019,SNR,207,0,92,92,TOOWOOMBA,TOOWOOMBA SOUTH
4871,3,3 BR DETACHED HOUSE,17/10/2018,14/11/2018,30/11/2018,AHG,202,28,16,44,COOK,COOK
4881,2,2 BR DUPLEX,1/11/2018,19/11/2018,14/12/2018,AHG,202,18,25,43,MAREEBA,BARRON RIVER
4510,4,4 BR DETACHED HOUSE,21/12/2018,23/01/2019,1/02/2019,RGS,103,33,9,42,MORETON BAY,PUMICESTONE
4350,1,1 BR APARTMENT,29/06/2018,3/07/2018,10/05/2019,RGS,207,4,311,315,TOOWOOMBA,TOOWOOMBA NORTH
4350,1,1 BR APARTMENT,27/08/2018,31/08/2018,13/09/2018,RGS,207,4,13,17,TOOWOOMBA,TOOWOOMBA NORTH
4350,1,1 BR APARTMENT,26/11/2018,30/11/2018,3/01/2019,RGS,207,4,34,38,TOOWOOMBA,TOOWOOMBA NORTH
4350,1,1 BR APARTMENT,6/07/2018,12/07/2018,24/08/2018,RGS,207,6,43,49,TOOWOOMBA,TOOWOOMBA NORTH
4350,1,1 BR APARTMENT,13/06/2018,20/06/2018,24/08/2018,RGS,207,7,65,72,TOOWOOMBA,TOOWOOMBA NORTH
4350,1,1 BR APARTMENT,24/08/2018,3/09/2018,26/04/2019,RGS,207,10,235,245,TOOWOOMBA,TOOWOOMBA NORTH
4159,2,2 BR APARTMENT,5/12/2018,5/12/2018,18/12/2018,RGS,106,0,13,13,REDLAND,OODGEROO
4159,1,1 BR APARTMENT,5/12/2018,5/12/2018,19/12/2018,RGS,106,0,14,14,REDLAND,OODGEROO
4159,1,1 BR APARTMENT,5/12/2018,5/12/2018,19/12/2018,RGS,106,0,14,14,REDLAND,OODGEROO
4159,2,2 BR APARTMENT,5/12/2018,5/12/2018,12/12/2018,RGS,106,0,7,7,REDLAND,OODGEROO
4165,4,4 BR DETACHED HOUSE,23/08/2018,7/09/2018,12/09/2018,RGS,106,15,5,20,REDLAND,REDLANDS
4556,4,4 BR DETACHED HOUSE,27/07/2018,7/08/2018,9/08/2018,RGS,205,11,2,13,SUNSHINE COAST,BUDERIM
4165,5,5 BR DETACHED HOUSE,1/02/2019,14/02/2019,22/02/2019,RGS,106,13,8,21,REDLAND,REDLANDS
4670,2,2 BR APARTMENT,7/02/2019,13/02/2019,15/02/2019,RGS,208,6,2,8,BUNDABERG,BUNDABERG
4558,1,1 BR APARTMENT,29/03/2019,29/03/2019,8/04/2019,RGS,205,0,10,10,SUNSHINE COAST,MAROOCHYDORE
4558,1,1 BR APARTMENT,29/03/2019,29/03/2019,8/04/2019,RGS,205,0,10,10,SUNSHINE COAST,MAROOCHYDORE
4558,1,1 BR APARTMENT,29/03/2019,29/03/2019,11/04/2019,RGS,205,0,13,13,SUNSHINE COAST,MAROOCHYDORE
4558,1,1 BR APARTMENT,29/03/2019,29/03/2019,4/04/2019,RGS,205,0,6,6,SUNSHINE COAST,MAROOCHYDORE
4558,1,1 BR APARTMENT,29/03/2019,29/03/2019,8/04/2019,RGS,205,0,10,10,SUNSHINE COAST,MAROOCHYDORE
4558,1,1 BR APARTMENT,29/03/2019,29/03/2019,3/04/2019,RGS,205,0,5,5,SUNSHINE COAST,MAROOCHYDORE
4558,1,1 BR APARTMENT,29/03/2019,29/03/2019,2/04/2019,RGS,205,0,4,4,SUNSHINE COAST,MAROOCHYDORE
4558,1,1 BR APARTMENT,29/03/2019,29/03/2019,8/04/2019,RGS,205,0,10,10,SUNSHINE COAST,MAROOCHYDORE
4558,1,1 BR APARTMENT,29/03/2019,29/03/2019,4/04/2019,RGS,205,0,6,6,SUNSHINE COAST,MAROOCHYDORE
4558,1,1 BR APARTMENT,29/03/2019,29/03/2019,17/04/2019,RGS,205,0,19,19,SUNSHINE COAST,MAROOCHYDORE
4558,1,1 BR APARTMENT,29/03/2019,29/03/2019,10/04/2019,RGS,205,0,12,12,SUNSHINE COAST,MAROOCHYDORE
4558,1,1 BR APARTMENT,29/03/2019,29/03/2019,3/04/2019,RGS,205,0,5,5,SUNSHINE COAST,MAROOCHYDORE
4558,1,1 BR APARTMENT,29/03/2019,29/03/2019,16/04/2019,RGS,205,0,18,18,SUNSHINE COAST,MAROOCHYDORE
4558,1,1 BR APARTMENT,29/03/2019,29/03/2019,3/04/2019,RGS,205,0,5,5,SUNSHINE COAST,MAROOCHYDORE
4558,1,1 BR APARTMENT,29/03/2019,29/03/2019,3/04/2019,RGS,205,0,5,5,SUNSHINE COAST,MAROOCHYDORE
4558,1,1 BR APARTMENT,29/03/2019,29/03/2019,8/04/2019,RGS,205,0,10,10,SUNSHINE COAST,MAROOCHYDORE
4558,1,1 BR APARTMENT,29/03/2019,29/03/2019,1/04/2019,RGS,205,0,3,3,SUNSHINE COAST,MAROOCHYDORE
4558,1,1 BR APARTMENT,29/03/2019,29/03/2019,2/04/2019,RGS,205,0,4,4,SUNSHINE COAST,MAROOCHYDORE
4558,1,1 BR APARTMENT,29/03/2019,29/03/2019,17/04/2019,RGS,205,0,19,19,SUNSHINE COAST,MAROOCHYDORE
4018,1,1 BR ATTACHED HOUSING,13/08/2018,13/08/2018,13/08/2018,RGS,105,0,0,0,BRISBANE,SANDGATE
4018,1,1 BR ATTACHED HOUSING,13/08/2018,30/08/2018,11/09/2018,RGS,105,17,12,29,BRISBANE,SANDGATE
4018,1,1 BR ATTACHED HOUSING,15/06/2018,27/06/2018,2/07/2018,RGS,105,12,5,17,BRISBANE,SANDGATE
4018,1,1 BR ATTACHED HOUSING,27/07/2018,9/08/2018,30/08/2018,RGS,105,13,21,34,BRISBANE,SANDGATE
4869,4,4 BR DETACHED HOUSE,23/01/2019,28/02/2019,2/05/2019,AHG,202,36,63,99,CAIRNS,MULGRAVE
4879,3,3 BR DUAL OCCUPANCY,25/05/2018,11/06/2018,3/10/2018,AHG,202,17,114,131,CAIRNS,BARRON RIVER
4350,2,2 BR DUPLEX,3/01/2019,11/01/2019,13/02/2019,RGS,207,8,33,41,TOOWOOMBA,TOOWOOMBA NORTH
4811,3,3 BR DUAL OCCUPANCY,29/05/2019,30/05/2019,30/05/2019,AHG,201,1,0,1,TOWNSVILLE,MUNDINGBURRA
4680,1,1 BR DUPLEX,3/01/2018,22/01/2018,6/08/2018,RGS,212,19,196,215,GLADSTONE,GLADSTONE
4815,3,3 BR DUPLEX,8/05/2019,17/05/2019,29/05/2019,AHG,201,9,12,21,TOWNSVILLE,THURINGOWA
4868,3,3 BR DETACHED HOUSE,24/05/2018,5/06/2018,27/07/2018,AHG,202,12,52,64,CAIRNS,MULGRAVE
4670,2,2 BR APARTMENT,12/12/2018,14/12/2018,4/01/2019,RGS,208,2,21,23,BUNDABERG,BUNDABERG
4670,2,2 BR APARTMENT,22/08/2018,3/09/2018,12/09/2018,RGS,208,12,9,21,BUNDABERG,BUNDABERG
4670,2,2 BR APARTMENT,27/11/2018,5/12/2018,5/12/2018,RGS,208,8,0,8,BUNDABERG,BUNDABERG
4868,3,3 BR DETACHED HOUSE,17/07/2018,2/08/2018,21/03/2019,AHG,202,16,231,247,CAIRNS,MULGRAVE
4508,1,1 BR APARTMENT,12/04/2019,26/04/2019,8/05/2019,RGS,103,14,12,26,MORETON BAY,BANCROFT
4350,2,2 BR APARTMENT,7/09/2018,11/09/2018,27/09/2018,RGS,207,4,16,20,TOOWOOMBA,TOOWOOMBA SOUTH
4870,3,3 BR DETACHED HOUSE,14/01/2019,31/01/2019,19/02/2019,AHG,202,17,19,36,CAIRNS,BARRON RIVER
4350,2,2 BR APARTMENT,5/10/2018,17/10/2018,19/10/2018,RGS,207,12,2,14,TOOWOOMBA,TOOWOOMBA NORTH
4350,2,2 BR APARTMENT,3/01/2019,14/01/2019,7/02/2019,RGS,207,11,24,35,TOOWOOMBA,TOOWOOMBA NORTH
4868,2,2 BR DUPLEX,18/05/2018,5/06/2018,10/10/2018,AHG,202,18,127,145,CAIRNS,MULGRAVE
4161,2,2 BR APARTMENT,11/02/2019,22/02/2019,22/02/2019,RGS,106,11,0,11,REDLAND,CAPALABA
4159,1,1 BR SENIOR UNIT,3/05/2019,7/05/2019,10/05/2019,SNR,106,4,3,7,REDLAND,CAPALABA
4159,1,1 BR SENIOR UNIT,3/05/2019,7/05/2019,7/05/2019,SNR,106,4,0,4,REDLAND,CAPALABA
4159,2,2 BR SENIOR UNIT,3/05/2019,7/05/2019,7/05/2019,SNR,106,4,0,4,REDLAND,CAPALABA
4159,1,1 BR SENIOR UNIT,3/05/2019,8/05/2019,8/05/2019,SNR,106,5,0,5,REDLAND,CAPALABA
4159,1,1 BR SENIOR UNIT,3/05/2019,7/05/2019,7/05/2019,SNR,106,4,0,4,REDLAND,CAPALABA
4159,2,2 BR SENIOR UNIT,3/05/2019,8/05/2019,9/05/2019,SNR,106,5,1,6,REDLAND,CAPALABA
4159,1,1 BR SENIOR UNIT,3/05/2019,10/05/2019,15/05/2019,SNR,106,7,5,12,REDLAND,CAPALABA
4159,2,2 BR SENIOR UNIT,3/05/2019,13/05/2019,14/05/2019,SNR,106,10,1,11,REDLAND,CAPALABA
4159,1,1 BR SENIOR UNIT,3/05/2019,8/05/2019,8/05/2019,SNR,106,5,0,5,REDLAND,CAPALABA
4159,1,1 BR SENIOR UNIT,3/05/2019,8/05/2019,10/05/2019,SNR,106,5,2,7,REDLAND,CAPALABA
4159,2,2 BR SENIOR UNIT,3/05/2019,9/05/2019,9/05/2019,SNR,106,6,0,6,REDLAND,CAPALABA
4159,1,1 BR SENIOR UNIT,3/05/2019,3/05/2019,3/05/2019,SNR,106,0,0,0,REDLAND,CAPALABA
4159,2,2 BR SENIOR UNIT,3/05/2019,8/05/2019,8/05/2019,SNR,106,5,0,5,REDLAND,CAPALABA
4159,1,1 BR SENIOR UNIT,3/05/2019,9/05/2019,9/05/2019,SNR,106,6,0,6,REDLAND,CAPALABA
4159,2,2 BR SENIOR UNIT,3/05/2019,10/05/2019,14/05/2019,SNR,106,7,4,11,REDLAND,CAPALABA
4159,2,2 BR SENIOR UNIT,3/05/2019,7/05/2019,7/05/2019,SNR,106,4,0,4,REDLAND,CAPALABA
4159,1,1 BR SENIOR UNIT,3/05/2019,7/05/2019,7/05/2019,SNR,106,4,0,4,REDLAND,CAPALABA
4159,2,2 BR SENIOR UNIT,3/05/2019,7/05/2019,7/05/2019,SNR,106,4,0,4,REDLAND,CAPALABA
4159,2,2 BR SENIOR UNIT,3/05/2019,10/05/2019,15/05/2019,SNR,106,7,5,12,REDLAND,CAPALABA
4159,2,2 BR SENIOR UNIT,3/05/2019,10/05/2019,22/05/2019,SNR,106,7,12,19,REDLAND,CAPALABA
4034,2,2 BR APARTMENT,31/08/2018,14/09/2018,15/10/2018,RGS,105,14,31,45,BRISBANE,NUDGEE
4503,1,1 BR APARTMENT,21/12/2018,17/01/2019,18/01/2019,RGS,103,27,1,28,MORETON BAY,MURRUMBA
4503,1,1 BR APARTMENT,21/12/2018,10/01/2019,10/01/2019,RGS,103,20,0,20,MORETON BAY,MURRUMBA
4503,1,1 BR APARTMENT,21/12/2018,10/01/2019,10/01/2019,RGS,103,20,0,20,MORETON BAY,MURRUMBA
4503,1,1 BR APARTMENT,21/12/2018,21/12/2018,21/12/2018,RGS,103,0,0,0,MORETON BAY,MURRUMBA
4503,1,1 BR APARTMENT,21/12/2018,21/12/2018,21/12/2018,RGS,103,0,0,0,MORETON BAY,MURRUMBA
4503,1,1 BR APARTMENT,21/12/2018,1/02/2019,1/02/2019,RGS,103,42,0,42,MORETON BAY,MURRUMBA
4503,1,1 BR APARTMENT,21/12/2018,21/12/2018,21/12/2018,RGS,103,0,0,0,MORETON BAY,MURRUMBA
4503,1,1 BR APARTMENT,21/12/2018,18/02/2019,27/02/2019,RGS,103,59,9,68,MORETON BAY,MURRUMBA
4051,2,2 BR APARTMENT,1/04/2019,16/04/2019,1/05/2019,RGS,108,15,15,30,BRISBANE,STAFFORD
4869,4,4 BR DETACHED HOUSE,11/06/2019,13/06/2019,21/06/2019,RGS,202,2,8,10,CAIRNS,MULGRAVE
4109,1,1 BR APARTMENT,14/09/2018,28/09/2018,2/10/2018,RGS,107,14,4,18,BRISBANE,TOOHEY
4811,2,2 BR DUPLEX,26/03/2019,4/04/2019,12/04/2019,RGS,201,9,8,17,TOWNSVILLE,MUNDINGBURRA
4509,4,4 BR DETACHED HOUSE,28/09/2018,5/10/2018,17/10/2018,RGS,110,7,12,19,MORETON BAY,BANCROFT
4210,4,4 BR DETACHED HOUSE,18/05/2018,9/08/2018,15/08/2018,RGS,204,83,6,89,GOLD COAST,THEODORE
4210,4,4 BR DETACHED HOUSE,19/12/2018,14/01/2019,21/01/2019,RGS,204,26,7,33,GOLD COAST,THEODORE
4814,1,1 BR SENIOR UNIT,5/12/2018,14/12/2018,2/01/2019,RGS,201,9,19,28,TOWNSVILLE,MUNDINGBURRA
4510,1,1 BR APARTMENT,23/01/2019,12/02/2019,27/02/2019,RGS,103,20,15,35,MORETON BAY,MORAYFIELD
4012,2,2 BR APARTMENT,13/05/2019,13/05/2019,13/05/2019,RGS,105,0,0,0,BRISBANE,NUDGEE
4159,2,2 BR APARTMENT,2/07/2018,2/07/2018,25/07/2018,RGS,106,0,23,23,REDLAND,CAPALABA
4159,2,2 BR APARTMENT,2/07/2018,2/07/2018,24/07/2018,RGS,106,0,22,22,REDLAND,CAPALABA
4159,2,2 BR APARTMENT,2/07/2018,2/07/2018,27/07/2018,RGS,106,0,25,25,REDLAND,CAPALABA
4159,2,2 BR APARTMENT,2/07/2018,2/07/2018,24/07/2018,RGS,106,0,22,22,REDLAND,CAPALABA
4159,2,2 BR APARTMENT,2/07/2018,2/07/2018,23/07/2018,RGS,106,0,21,21,REDLAND,CAPALABA
4159,2,2 BR APARTMENT,2/07/2018,2/07/2018,20/07/2018,RGS,106,0,18,18,REDLAND,CAPALABA
4159,1,1 BR APARTMENT,2/07/2018,2/07/2018,3/08/2018,RGS,106,0,32,32,REDLAND,CAPALABA
4159,1,1 BR APARTMENT,2/07/2018,2/07/2018,24/07/2018,RGS,106,0,22,22,REDLAND,CAPALABA
4159,1,1 BR APARTMENT,2/07/2018,2/07/2018,27/07/2018,RGS,106,0,25,25,REDLAND,CAPALABA
4159,1,1 BR APARTMENT,2/07/2018,2/07/2018,10/08/2018,RGS,106,0,39,39,REDLAND,CAPALABA
4159,1,1 BR APARTMENT,2/07/2018,2/07/2018,31/07/2018,RGS,106,0,29,29,REDLAND,CAPALABA
4159,1,1 BR APARTMENT,2/07/2018,2/07/2018,8/08/2018,RGS,106,0,37,37,REDLAND,CAPALABA
4814,1,1 BR APARTMENT,29/01/2019,29/01/2019,29/01/2019,RGS,201,0,0,0,TOWNSVILLE,MUNDINGBURRA
4814,1,1 BR APARTMENT,31/01/2019,12/02/2019,12/03/2019,RGS,201,12,28,40,TOWNSVILLE,MUNDINGBURRA
4157,1,1 BR APARTMENT,12/06/2018,12/06/2018,10/07/2018,RGS,106,0,28,28,REDLAND,CAPALABA
4157,1,1 BR APARTMENT,12/06/2018,12/06/2018,27/07/2018,RGS,106,0,45,45,REDLAND,CAPALABA
4811,2,2 BR DUPLEX,5/03/2019,14/03/2019,19/03/2019,RGS,201,9,5,14,TOWNSVILLE,MUNDINGBURRA
4122,1,1 BR SENIOR UNIT,28/09/2018,9/11/2018,9/11/2018,SNR,107,42,0,42,BRISBANE,MANSFIELD
4701,1,1 BR APARTMENT,13/12/2018,13/12/2018,20/12/2018,RGS,206,0,7,7,ROCKHAMPTON,ROCKHAMPTON
4701,1,1 BR APARTMENT,13/12/2018,14/12/2018,14/12/2018,RGS,206,1,0,1,ROCKHAMPTON,ROCKHAMPTON
4701,1,1 BR APARTMENT,13/12/2018,14/12/2018,18/12/2018,RGS,206,1,4,5,ROCKHAMPTON,ROCKHAMPTON
4701,1,1 BR APARTMENT,11/02/2019,20/02/2019,22/02/2019,RGS,206,9,2,11,ROCKHAMPTON,ROCKHAMPTON
4701,1,1 BR APARTMENT,13/12/2018,14/12/2018,14/12/2018,RGS,206,1,0,1,ROCKHAMPTON,ROCKHAMPTON
4701,1,1 BR APARTMENT,13/12/2018,14/12/2018,18/12/2018,RGS,206,1,4,5,ROCKHAMPTON,ROCKHAMPTON
4701,1,1 BR APARTMENT,13/12/2018,14/12/2018,17/12/2018,RGS,206,1,3,4,ROCKHAMPTON,ROCKHAMPTON
4053,1,1 BR APARTMENT,11/03/2019,11/03/2019,15/04/2019,RGS,108,0,35,35,BRISBANE,EVERTON
4053,2,2 BR APARTMENT,11/03/2019,11/03/2019,29/05/2019,RGS,108,0,79,79,BRISBANE,EVERTON
4053,1,1 BR APARTMENT,11/03/2019,11/03/2019,28/03/2019,RGS,108,0,17,17,BRISBANE,EVERTON
4053,1,1 BR APARTMENT,11/03/2019,11/03/2019,11/04/2019,RGS,108,0,31,31,BRISBANE,EVERTON
4053,1,1 BR APARTMENT,11/03/2019,11/03/2019,25/03/2019,RGS,108,0,14,14,BRISBANE,EVERTON
4053,1,1 BR APARTMENT,11/03/2019,11/03/2019,20/03/2019,RGS,108,0,9,9,BRISBANE,EVERTON
4053,1,1 BR APARTMENT,11/03/2019,11/03/2019,20/03/2019,RGS,108,0,9,9,BRISBANE,EVERTON
4053,1,1 BR APARTMENT,11/03/2019,11/03/2019,3/04/2019,RGS,108,0,23,23,BRISBANE,EVERTON
4053,2,2 BR APARTMENT,11/03/2019,11/03/2019,17/04/2019,RGS,108,0,37,37,BRISBANE,EVERTON
4053,1,1 BR APARTMENT,11/03/2019,11/03/2019,2/04/2019,RGS,108,0,22,22,BRISBANE,EVERTON
4053,1,1 BR APARTMENT,11/03/2019,11/03/2019,25/03/2019,RGS,108,0,14,14,BRISBANE,EVERTON
4053,1,1 BR APARTMENT,11/03/2019,11/03/2019,25/03/2019,RGS,108,0,14,14,BRISBANE,EVERTON
4875,2,2 BR DUAL OCCUPANCY,3/10/2018,3/10/2018,10/10/2018,RGS,210,0,7,7,TORRES,COOK
4875,2,2 BR DUAL OCCUPANCY,3/10/2018,3/10/2018,18/01/2019,RGS,210,0,107,107,TORRES,COOK
4503,2,2 BR DUPLEX,29/05/2018,27/08/2018,28/08/2018,RGS,103,90,1,91,MORETON BAY,MURRUMBA
4017,3,3 BR DETACHED HOUSE,11/09/2018,9/10/2018,9/10/2018,RGS,105,28,0,28,BRISBANE,SANDGATE
4811,2,2 BR DUPLEX,26/06/2018,26/06/2018,16/07/2018,RGS,201,0,20,20,TOWNSVILLE,MUNDINGBURRA
4811,2,2 BR DUPLEX,26/06/2018,26/06/2018,19/07/2018,RGS,201,0,23,23,TOWNSVILLE,MUNDINGBURRA
4305,2,2 BR DETACHED HOUSE,4/05/2018,5/07/2018,5/07/2018,RGS,102,62,0,62,IPSWICH,IPSWICH WEST
4305,2,2 BR DETACHED HOUSE,5/09/2018,27/09/2018,27/09/2018,RGS,102,22,0,22,IPSWICH,IPSWICH WEST
4207,2,2 BR ATTACHED HOUSING,29/03/2019,15/04/2019,16/05/2019,RGS,101,17,31,48,LOGAN,MACALISTER
4207,2,2 BR ATTACHED HOUSING,27/09/2018,28/09/2018,28/09/2018,RGS,101,1,0,1,LOGAN,MACALISTER
4508,2,2 BR DETACHED HOUSE,26/07/2018,30/07/2018,30/07/2018,RGS,103,4,0,4,MORETON BAY,BANCROFT
4508,2,2 BR DETACHED HOUSE,15/03/2019,9/04/2019,20/05/2019,RGS,103,25,41,66,MORETON BAY,BANCROFT
4013,2,2 BR APARTMENT,10/01/2019,8/02/2019,8/02/2019,RGS,105,29,0,29,BRISBANE,NUDGEE
4305,3,3 BR DETACHED HOUSE,24/08/2018,15/11/2018,15/11/2018,RGS,102,83,0,83,IPSWICH,IPSWICH
4114,2,2 BR ATTACHED HOUSING,28/05/2018,19/07/2018,19/07/2018,RGS,101,52,0,52,LOGAN,WOODRIDGE
4114,2,2 BR ATTACHED HOUSING,19/11/2018,19/11/2018,19/11/2018,RGS,101,0,0,0,LOGAN,WOODRIDGE
4114,2,2 BR ATTACHED HOUSING,19/11/2018,5/12/2018,6/12/2018,RGS,101,16,1,17,LOGAN,WOODRIDGE
4076,2,2 BR DETACHED HOUSE,30/10/2018,9/11/2018,9/11/2018,RGS,104,10,0,10,BRISBANE,MOUNT OMMANEY
4030,2,2 BR APARTMENT,23/01/2019,1/02/2019,1/02/2019,RGS,108,9,0,9,BRISBANE,CLAYFIELD
4508,2,2 BR DETACHED HOUSE,1/03/2019,9/04/2019,27/05/2019,RGS,103,39,48,87,MORETON BAY,BANCROFT
4012,2,2 BR APARTMENT,11/07/2018,17/09/2018,17/09/2018,RGS,105,68,0,68,BRISBANE,NUDGEE
4012,2,2 BR APARTMENT,1/03/2019,10/04/2019,13/05/2019,RGS,105,40,33,73,BRISBANE,NUDGEE
4815,2,2 BR DUPLEX,19/06/2018,19/06/2018,6/07/2018,RGS,201,0,17,17,TOWNSVILLE,THURINGOWA
4815,2,2 BR DUPLEX,19/06/2018,19/06/2018,17/07/2018,RGS,201,0,28,28,TOWNSVILLE,THURINGOWA
4300,4,4 BR DETACHED HOUSE,14/12/2018,17/12/2018,19/12/2018,RGS,102,3,2,5,IPSWICH,JORDAN
4811,2,2 BR DETACHED HOUSE,22/06/2018,22/06/2018,5/07/2018,RGS,201,0,13,13,TOWNSVILLE,MUNDINGBURRA
4300,4,4 BR DETACHED HOUSE,18/12/2018,18/12/2018,21/12/2018,RGS,102,0,3,3,IPSWICH,BUNDAMBA
4304,3,3 BR DETACHED HOUSE,25/06/2018,10/09/2018,10/09/2018,RGS,102,77,0,77,IPSWICH,IPSWICH
4304,3,3 BR DETACHED HOUSE,2/01/2019,18/01/2019,18/01/2019,RGS,102,16,0,16,IPSWICH,IPSWICH
4304,3,3 BR DETACHED HOUSE,12/04/2019,15/05/2019,20/05/2019,RGS,102,33,5,38,IPSWICH,IPSWICH
4215,3,3 BR DETACHED HOUSE,28/06/2018,26/07/2018,26/07/2018,DAS,204,28,0,28,GOLD COAST,SOUTHPORT
4215,3,3 BR DETACHED HOUSE,26/07/2018,26/07/2018,26/07/2018,DAS,204,0,0,0,GOLD COAST,SOUTHPORT
4215,3,3 BR DETACHED HOUSE,26/07/2018,26/07/2018,26/07/2018,DAS,204,0,0,0,GOLD COAST,SOUTHPORT
4811,2,2 BR DUPLEX,7/11/2018,7/11/2018,12/11/2018,RGS,201,0,5,5,TOWNSVILLE,MUNDINGBURRA
4811,2,2 BR DUPLEX,7/11/2018,7/11/2018,16/11/2018,RGS,201,0,9,9,TOWNSVILLE,MUNDINGBURRA
4059,2,2 BR APARTMENT,25/06/2018,12/07/2018,12/07/2018,RGS,108,17,0,17,BRISBANE,MCCONNEL
4131,5,5 BR DETACHED HOUSE,5/10/2018,5/10/2018,1/02/2019,DAS,101,0,119,119,LOGAN,WATERFORD
4131,3,3 BR DETACHED HOUSE,5/10/2018,5/10/2018,1/02/2019,DAS,101,0,119,119,LOGAN,WATERFORD
4059,1,1 BR APARTMENT,10/08/2018,16/10/2018,22/10/2018,RGS,108,67,6,73,BRISBANE,COOPER
4059,1,1 BR APARTMENT,3/07/2018,5/07/2018,5/07/2018,RGS,108,2,0,2,BRISBANE,COOPER
4207,2,2 BR ATTACHED HOUSING,5/07/2018,5/07/2018,5/07/2018,RGS,101,0,0,0,LOGAN,MACALISTER
4207,2,2 BR ATTACHED HOUSING,22/02/2019,11/04/2019,11/04/2019,RGS,101,48,0,48,LOGAN,MACALISTER
4207,2,2 BR APARTMENT,5/07/2018,5/07/2018,5/07/2018,RGS,101,0,0,0,LOGAN,MACALISTER
4017,3,3 BR DUPLEX,10/07/2018,11/07/2018,11/07/2018,RGS,105,1,0,1,BRISBANE,SANDGATE
4017,3,3 BR DUPLEX,10/07/2018,29/08/2018,29/08/2018,RGS,105,50,0,50,BRISBANE,SANDGATE
4114,2,2 BR APARTMENT,10/07/2018,10/07/2018,10/07/2018,RGS,101,0,0,0,LOGAN,WOODRIDGE
4510,2,2 BR APARTMENT,23/11/2018,10/12/2018,10/12/2018,RGS,103,17,0,17,MORETON BAY,MORAYFIELD
4510,2,2 BR APARTMENT,30/01/2019,30/01/2019,30/01/2019,RGS,103,0,0,0,MORETON BAY,MORAYFIELD
4510,2,2 BR APARTMENT,25/07/2018,25/07/2018,25/07/2018,RGS,103,0,0,0,MORETON BAY,MORAYFIELD
4114,2,2 BR ATTACHED HOUSING,16/07/2018,16/07/2018,16/07/2018,RGS,101,0,0,0,LOGAN,WOODRIDGE
4304,2,2 BR DUPLEX,16/07/2018,31/07/2018,31/07/2018,RGS,102,15,0,15,IPSWICH,BUNDAMBA
4053,1,1 BR APARTMENT,18/07/2018,15/10/2018,15/10/2018,RGS,105,89,0,89,BRISBANE,STAFFORD
4053,1,1 BR APARTMENT,8/03/2019,15/04/2019,29/05/2019,RGS,105,38,44,82,BRISBANE,STAFFORD
4869,4,4 BR DETACHED HOUSE,29/05/2019,29/05/2019,29/05/2019,RGS,202,0,0,0,CAIRNS,MULGRAVE
4207,2,2 BR APARTMENT,14/01/2019,31/01/2019,31/01/2019,RGS,101,17,0,17,LOGAN,MACALISTER
4207,2,2 BR APARTMENT,19/07/2018,3/08/2018,3/08/2018,RGS,101,15,0,15,LOGAN,MACALISTER
4012,2,2 BR APARTMENT,20/07/2018,23/08/2018,23/08/2018,RGS,105,34,0,34,BRISBANE,NUDGEE
4012,2,2 BR APARTMENT,9/01/2019,21/02/2019,21/02/2019,RGS,105,43,0,43,BRISBANE,NUDGEE
4122,1,1 BR APARTMENT,26/07/2018,30/07/2018,30/07/2018,RGS,107,4,0,4,BRISBANE,GREENSLOPES
4170,2,2 BR DUPLEX,26/07/2018,31/07/2018,31/07/2018,RGS,109,5,0,5,BRISBANE,BULIMBA
4209,4,4 BR DETACHED HOUSE,3/05/2019,14/05/2019,14/05/2019,RGS,204,11,0,11,GOLD COAST,COOMERA
4510,2,2 BR ATTACHED HOUSING,10/08/2018,10/08/2018,10/08/2018,RGS,103,0,0,0,MORETON BAY,MORAYFIELD
4510,2,2 BR ATTACHED HOUSING,24/10/2018,20/11/2018,20/11/2018,RGS,103,27,0,27,MORETON BAY,MORAYFIELD
4301,2,2 BR APARTMENT,27/08/2018,31/08/2018,31/08/2018,RGS,102,4,0,4,IPSWICH,BUNDAMBA
4301,2,2 BR APARTMENT,8/08/2018,8/08/2018,8/08/2018,RGS,102,0,0,0,IPSWICH,BUNDAMBA
4301,2,2 BR APARTMENT,13/05/2019,15/05/2019,20/05/2019,RGS,102,2,5,7,IPSWICH,BUNDAMBA
4207,3,3 BR DETACHED HOUSE,10/08/2018,17/08/2018,17/08/2018,RGS,101,7,0,7,LOGAN,MACALISTER
4207,3,3 BR DETACHED HOUSE,16/01/2019,11/02/2019,11/02/2019,RGS,101,26,0,26,LOGAN,MACALISTER
4030,1,1 BR APARTMENT,20/12/2018,20/12/2018,22/01/2019,RGS,108,0,33,33,BRISBANE,CLAYFIELD
4030,1,1 BR APARTMENT,20/12/2018,20/12/2018,4/03/2019,RGS,108,0,74,74,BRISBANE,CLAYFIELD
4030,1,1 BR APARTMENT,20/12/2018,20/12/2018,8/04/2019,RGS,108,0,109,109,BRISBANE,CLAYFIELD
4030,1,1 BR APARTMENT,20/12/2018,20/12/2018,22/01/2019,RGS,108,0,33,33,BRISBANE,CLAYFIELD
4030,1,1 BR APARTMENT,20/12/2018,20/12/2018,15/01/2019,RGS,108,0,26,26,BRISBANE,CLAYFIELD
4030,1,1 BR APARTMENT,20/12/2018,20/12/2018,22/01/2019,RGS,108,0,33,33,BRISBANE,CLAYFIELD
4030,1,1 BR APARTMENT,20/12/2018,20/12/2018,15/01/2019,RGS,108,0,26,26,BRISBANE,CLAYFIELD
4030,1,1 BR APARTMENT,20/12/2018,20/12/2018,12/02/2019,RGS,108,0,54,54,BRISBANE,CLAYFIELD
4030,1,1 BR APARTMENT,20/12/2018,20/12/2018,22/01/2019,RGS,108,0,33,33,BRISBANE,CLAYFIELD
4030,1,1 BR APARTMENT,20/12/2018,20/12/2018,1/02/2019,RGS,108,0,43,43,BRISBANE,CLAYFIELD
4030,1,1 BR APARTMENT,20/12/2018,20/12/2018,6/02/2019,RGS,108,0,48,48,BRISBANE,CLAYFIELD
4030,1,1 BR APARTMENT,20/12/2018,20/12/2018,15/01/2019,RGS,108,0,26,26,BRISBANE,CLAYFIELD
4030,1,1 BR APARTMENT,20/12/2018,20/12/2018,28/03/2019,RGS,108,0,98,98,BRISBANE,CLAYFIELD
4030,1,1 BR APARTMENT,20/12/2018,20/12/2018,22/01/2019,RGS,108,0,33,33,BRISBANE,CLAYFIELD
4030,1,1 BR APARTMENT,20/12/2018,20/12/2018,15/01/2019,RGS,108,0,26,26,BRISBANE,CLAYFIELD
4030,1,1 BR APARTMENT,20/12/2018,20/12/2018,28/05/2019,RGS,108,0,159,159,BRISBANE,CLAYFIELD
4030,1,1 BR APARTMENT,20/12/2018,20/12/2018,21/05/2019,RGS,108,0,152,152,BRISBANE,CLAYFIELD
4030,1,1 BR APARTMENT,20/12/2018,20/12/2018,21/01/2019,RGS,108,0,32,32,BRISBANE,CLAYFIELD
4030,1,1 BR APARTMENT,20/12/2018,20/12/2018,15/01/2019,RGS,108,0,26,26,BRISBANE,CLAYFIELD
4030,1,1 BR APARTMENT,20/12/2018,20/12/2018,21/01/2019,RGS,108,0,32,32,BRISBANE,CLAYFIELD
4030,1,1 BR APARTMENT,20/12/2018,20/12/2018,22/01/2019,RGS,108,0,33,33,BRISBANE,CLAYFIELD
4030,1,1 BR APARTMENT,20/12/2018,20/12/2018,22/01/2019,RGS,108,0,33,33,BRISBANE,CLAYFIELD
4030,1,1 BR APARTMENT,20/12/2018,20/12/2018,15/01/2019,RGS,108,0,26,26,BRISBANE,CLAYFIELD
4305,2,2 BR DUPLEX,29/08/2018,30/08/2018,30/08/2018,RGS,102,1,0,1,IPSWICH,IPSWICH
4207,2,2 BR APARTMENT,5/09/2018,6/09/2018,6/09/2018,RGS,101,1,0,1,LOGAN,MACALISTER
4005,1,1 BR APARTMENT,7/09/2018,21/09/2018,21/09/2018,RGS,108,14,0,14,BRISBANE,MCCONNEL
4133,2,2 BR APARTMENT,21/09/2018,4/10/2018,4/10/2018,RGS,101,13,0,13,LOGAN,WATERFORD
4133,2,2 BR APARTMENT,11/03/2019,11/03/2019,11/03/2019,RGS,101,0,0,0,LOGAN,WATERFORD
4207,2,2 BR ATTACHED HOUSING,28/09/2018,5/10/2018,5/10/2018,RGS,101,7,0,7,LOGAN,MACALISTER
4300,3,3 BR DETACHED HOUSE,16/10/2018,17/10/2018,17/10/2018,RGS,102,1,0,1,IPSWICH,BUNDAMBA
4300,3,3 BR DETACHED HOUSE,2/01/2019,14/01/2019,14/01/2019,RGS,102,12,0,12,IPSWICH,BUNDAMBA
4077,3,3 BR DETACHED HOUSE,16/10/2018,18/10/2018,26/10/2018,RGS,104,2,8,10,BRISBANE,INALA
4170,2,2 BR APARTMENT,16/10/2018,25/10/2018,25/10/2018,RGS,109,9,0,9,BRISBANE,BULIMBA
4810,2,2 BR DETACHED HOUSE,25/10/2018,25/10/2018,26/10/2018,RGS,201,0,1,1,TOWNSVILLE,TOWNSVILLE
4207,2,2 BR ATTACHED HOUSING,29/10/2018,31/10/2018,31/10/2018,RGS,101,2,0,2,LOGAN,MACALISTER
4207,2,2 BR ATTACHED HOUSING,5/04/2019,8/04/2019,8/04/2019,RGS,101,3,0,3,LOGAN,MACALISTER
4207,3,3 BR DETACHED HOUSE,29/10/2018,1/11/2018,1/11/2018,RGS,101,3,0,3,LOGAN,MACALISTER
4505,3,3 BR DUPLEX,29/10/2018,19/12/2018,19/12/2018,RGS,103,51,0,51,MORETON BAY,KURWONGBAH
4505,3,3 BR DUPLEX,30/10/2018,2/01/2019,2/01/2019,RGS,103,64,0,64,MORETON BAY,KURWONGBAH
4207,2,2 BR APARTMENT,13/11/2018,19/11/2018,22/11/2018,RGS,101,6,3,9,LOGAN,MACALISTER
4300,2,2 BR ATTACHED HOUSING,5/12/2018,18/12/2018,21/12/2018,RGS,102,13,3,16,IPSWICH,BUNDAMBA
4505,3,3 BR DUPLEX,14/12/2018,17/12/2018,17/12/2018,RGS,103,3,0,3,MORETON BAY,KURWONGBAH
4170,1,1 BR APARTMENT,19/12/2018,11/01/2019,11/01/2019,RGS,109,23,0,23,BRISBANE,BULIMBA
4170,1,1 BR APARTMENT,14/03/2019,15/04/2019,15/04/2019,RGS,109,32,0,32,BRISBANE,BULIMBA
4720,2,2 BR DUPLEX,21/12/2018,21/12/2018,24/01/2019,RGS,211,0,34,34,CENTRAL HIGHLANDS,GREGORY
4720,2,2 BR DUPLEX,21/12/2018,21/12/2018,4/01/2019,RGS,211,0,14,14,CENTRAL HIGHLANDS,GREGORY
4304,3,3 BR DETACHED HOUSE,8/01/2019,10/01/2019,10/01/2019,RGS,102,2,0,2,IPSWICH,BUNDAMBA
4301,2,2 BR ATTACHED HOUSING,9/01/2019,10/01/2019,16/01/2019,RGS,102,1,6,7,IPSWICH,BUNDAMBA
4508,2,2 BR APARTMENT,15/01/2019,19/02/2019,19/02/2019,RGS,103,35,0,35,MORETON BAY,BANCROFT
4508,2,2 BR APARTMENT,3/04/2019,9/04/2019,18/06/2019,RGS,103,6,70,76,MORETON BAY,BANCROFT
4005,1,1 BR APARTMENT,16/01/2019,8/02/2019,8/02/2019,RGS,108,23,0,23,BRISBANE,MCCONNEL
4505,3,3 BR DUPLEX,16/01/2019,21/01/2019,21/01/2019,RGS,103,5,0,5,MORETON BAY,KURWONGBAH
4207,2,2 BR ATTACHED HOUSING,24/01/2019,24/01/2019,25/01/2019,RGS,101,0,1,1,LOGAN,MACALISTER
4207,2,2 BR ATTACHED HOUSING,5/02/2019,15/04/2019,2/05/2019,RGS,101,69,17,86,LOGAN,MACALISTER
4034,3,3 BR DETACHED HOUSE,1/02/2019,8/02/2019,8/02/2019,RGS,105,7,0,7,BRISBANE,NUDGEE
4076,2,2 BR APARTMENT,5/02/2019,15/02/2019,15/02/2019,RGS,104,10,0,10,BRISBANE,MOUNT OMMANEY
4170,3,3 BR DETACHED HOUSE,11/02/2019,12/02/2019,12/02/2019,RGS,109,1,0,1,BRISBANE,BULIMBA
4814,2,2 BR APARTMENT,12/02/2019,15/02/2019,18/02/2019,RGS,201,3,3,6,TOWNSVILLE,THURINGOWA
4814,2,2 BR APARTMENT,25/02/2019,25/02/2019,25/02/2019,RGS,201,0,0,0,TOWNSVILLE,THURINGOWA
4814,2,2 BR APARTMENT,22/02/2019,22/02/2019,25/02/2019,RGS,201,0,3,3,TOWNSVILLE,THURINGOWA
4814,3,3 BR DETACHED HOUSE,15/02/2019,15/02/2019,15/02/2019,RGS,201,0,0,0,TOWNSVILLE,TOWNSVILLE
4814,3,3 BR DETACHED HOUSE,19/02/2019,20/02/2019,25/02/2019,RGS,201,1,5,6,TOWNSVILLE,TOWNSVILLE
4810,2,2 BR ATTACHED HOUSING,12/02/2019,15/02/2019,22/02/2019,RGS,201,3,7,10,TOWNSVILLE,TOWNSVILLE
4810,2,2 BR ATTACHED HOUSING,15/02/2019,20/02/2019,26/02/2019,RGS,201,5,6,11,TOWNSVILLE,TOWNSVILLE
4812,2,2 BR APARTMENT,14/02/2019,15/02/2019,18/02/2019,RGS,201,1,3,4,TOWNSVILLE,TOWNSVILLE
4810,1,1 BR APARTMENT,14/02/2019,15/02/2019,18/02/2019,RGS,201,1,3,4,TOWNSVILLE,TOWNSVILLE
4810,2,2 BR APARTMENT,14/02/2019,15/02/2019,26/02/2019,RGS,201,1,11,12,TOWNSVILLE,TOWNSVILLE
4810,1,1 BR APARTMENT,14/02/2019,15/02/2019,20/02/2019,RGS,201,1,5,6,TOWNSVILLE,TOWNSVILLE
4810,1,1 BR APARTMENT,25/02/2019,25/02/2019,14/03/2019,RGS,201,0,17,17,TOWNSVILLE,TOWNSVILLE
4810,1,1 BR APARTMENT,14/02/2019,15/02/2019,22/02/2019,RGS,201,1,7,8,TOWNSVILLE,TOWNSVILLE
4812,2,2 BR APARTMENT,15/02/2019,15/02/2019,17/02/2019,RGS,201,0,2,2,TOWNSVILLE,TOWNSVILLE
4814,3,3 BR DETACHED HOUSE,15/02/2019,28/02/2019,28/02/2019,RGS,201,13,0,13,TOWNSVILLE,THURINGOWA
4812,2,2 BR APARTMENT,15/02/2019,20/02/2019,21/02/2019,RGS,201,5,1,6,TOWNSVILLE,TOWNSVILLE
4815,3,3 BR DETACHED HOUSE,15/02/2019,15/02/2019,22/02/2019,RGS,201,0,7,7,TOWNSVILLE,THURINGOWA
4810,2,2 BR APARTMENT,15/02/2019,20/02/2019,22/02/2019,RGS,201,5,2,7,TOWNSVILLE,TOWNSVILLE
4817,2,2 BR DETACHED HOUSE,13/05/2019,15/05/2019,15/05/2019,RGS,201,2,0,2,TOWNSVILLE,THURINGOWA
4817,2,2 BR DETACHED HOUSE,15/02/2019,20/02/2019,20/02/2019,RGS,201,5,0,5,TOWNSVILLE,THURINGOWA
4811,3,3 BR DETACHED HOUSE,20/02/2019,20/02/2019,25/02/2019,RGS,201,0,5,5,TOWNSVILLE,MUNDINGBURRA
4810,2,2 BR DETACHED HOUSE,20/02/2019,26/02/2019,1/03/2019,RGS,201,6,3,9,TOWNSVILLE,TOWNSVILLE
4817,3,3 BR DETACHED HOUSE,26/02/2019,26/02/2019,1/03/2019,RGS,201,0,3,3,TOWNSVILLE,THURINGOWA
4814,3,3 BR DETACHED HOUSE,27/02/2019,6/03/2019,11/03/2019,RGS,201,7,5,12,TOWNSVILLE,TOWNSVILLE
4814,2,2 BR ATTACHED HOUSING,27/02/2019,27/02/2019,6/03/2019,RGS,201,0,7,7,TOWNSVILLE,THURINGOWA
4815,3,3 BR DETACHED HOUSE,1/03/2019,1/03/2019,7/03/2019,RGS,201,0,6,6,TOWNSVILLE,THURINGOWA
4817,3,3 BR DUAL OCCUPANCY,4/03/2019,5/03/2019,14/03/2019,RGS,201,1,9,10,TOWNSVILLE,THURINGOWA
4817,3,3 BR DUAL OCCUPANCY,1/04/2019,17/04/2019,3/05/2019,RGS,201,16,16,32,TOWNSVILLE,THURINGOWA
4815,3,3 BR DETACHED HOUSE,4/03/2019,5/03/2019,12/03/2019,RGS,201,1,7,8,TOWNSVILLE,THURINGOWA
4817,4,4 BR DETACHED HOUSE,11/03/2019,11/03/2019,15/03/2019,RGS,201,0,4,4,TOWNSVILLE,THURINGOWA
4812,2,2 BR ATTACHED HOUSING,12/03/2019,12/03/2019,2/05/2019,RGS,201,0,51,51,TOWNSVILLE,MUNDINGBURRA
4077,3,3 BR DETACHED HOUSE,18/03/2019,2/04/2019,2/04/2019,RGS,104,15,0,15,BRISBANE,INALA
4304,2,2 BR DETACHED HOUSE,18/03/2019,5/04/2019,5/04/2019,RGS,102,18,0,18,IPSWICH,BUNDAMBA
4304,2,2 BR DETACHED HOUSE,18/03/2019,15/04/2019,12/06/2019,RGS,102,28,58,86,IPSWICH,BUNDAMBA
4207,3,3 BR DETACHED HOUSE,18/03/2019,15/04/2019,15/04/2019,RGS,101,28,0,28,LOGAN,MACALISTER
4812,2,2 BR DUPLEX,22/03/2019,15/04/2019,15/04/2019,RGS,201,24,0,24,TOWNSVILLE,TOWNSVILLE
4172,3,3 BR DETACHED HOUSE,22/03/2019,9/05/2019,9/05/2019,RGS,109,48,0,48,BRISBANE,BULIMBA
4812,3,3 BR DETACHED HOUSE,25/03/2019,17/04/2019,18/04/2019,RGS,201,23,1,24,TOWNSVILLE,TOWNSVILLE
4508,3,3 BR DETACHED HOUSE,2/04/2019,2/04/2019,2/04/2019,RGS,103,0,0,0,MORETON BAY,BANCROFT
4178,3,3 BR DETACHED HOUSE,8/04/2019,8/04/2019,8/04/2019,RGS,109,0,0,0,BRISBANE,LYTTON
4119,2,2 BR ATTACHED HOUSING,10/04/2019,20/06/2019,20/06/2019,RGS,101,71,0,71,LOGAN,WATERFORD
4815,2,2 BR DETACHED HOUSE,11/04/2019,11/04/2019,15/04/2019,RGS,201,0,4,4,TOWNSVILLE,THURINGOWA
4508,3,3 BR DETACHED HOUSE,15/04/2019,17/04/2019,17/04/2019,RGS,103,2,0,2,MORETON BAY,BANCROFT
4034,3,3 BR DETACHED HOUSE,17/04/2019,18/04/2019,18/04/2019,RGS,105,1,0,1,BRISBANE,NUDGEE
4350,4,4 BR DETACHED HOUSE,23/04/2019,26/04/2019,26/04/2019,RGS,207,3,0,3,TOOWOOMBA,TOOWOOMBA NORTH
4508,4,4 BR DETACHED HOUSE,2/05/2019,3/05/2019,3/05/2019,RGS,103,1,0,1,MORETON BAY,BANCROFT
4133,3,3 BR ATTACHED HOUSING,10/05/2019,10/05/2019,10/05/2019,RGS,101,0,0,0,LOGAN,WATERFORD
4207,2,2 BR APARTMENT,10/05/2019,15/05/2019,14/06/2019,RGS,101,5,30,35,LOGAN,MACALISTER
4128,2,2 BR ATTACHED HOUSING,13/05/2019,15/05/2019,6/06/2019,RGS,101,2,22,24,LOGAN,SPRINGWOOD
4127,2,2 BR APARTMENT,13/05/2019,15/05/2019,18/06/2019,RGS,101,2,34,36,LOGAN,WATERFORD
4127,1,1 BR SENIOR UNIT,20/05/2019,22/05/2019,22/05/2019,SNR,101,2,0,2,LOGAN,SPRINGWOOD
4127,1,1 BR SENIOR UNIT,20/05/2019,22/05/2019,22/05/2019,SNR,101,2,0,2,LOGAN,SPRINGWOOD
4173,2,2 BR APARTMENT,13/05/2019,14/05/2019,14/05/2019,RGS,109,1,0,1,BRISBANE,LYTTON
4170,2,2 BR APARTMENT,29/05/2019,5/06/2019,12/06/2019,RGS,109,7,7,14,BRISBANE,BULIMBA
4508,2,2 BR ATTACHED HOUSING,31/05/2019,18/06/2019,18/06/2019,RGS,103,18,0,18,MORETON BAY,BANCROFT
4300,2,2 BR APARTMENT,31/05/2019,7/06/2019,7/06/2019,RGS,102,7,0,7,IPSWICH,BUNDAMBA
4169,1,1 BR APARTMENT,4/05/2018,12/07/2018,12/07/2018,CBH,108,69,0,69,BRISBANE,SOUTH BRISBANE
4169,1,1 BR APARTMENT,17/07/2018,20/07/2018,20/07/2018,CBH,108,3,0,3,BRISBANE,SOUTH BRISBANE
4169,1,1 BR APARTMENT,26/07/2018,31/07/2018,31/07/2018,CBH,108,5,0,5,BRISBANE,SOUTH BRISBANE
4211,1,1 BR APARTMENT,19/06/2018,19/06/2018,5/07/2018,CAH,204,0,16,16,GOLD COAST,GAVEN
4211,1,1 BR APARTMENT,19/06/2018,19/06/2018,5/07/2018,CAH,204,0,16,16,GOLD COAST,GAVEN
4211,1,1 BR APARTMENT,19/06/2018,19/06/2018,5/07/2018,CAH,204,0,16,16,GOLD COAST,GAVEN
4740,4,4 BR DETACHED HOUSE,18/07/2018,18/07/2018,19/07/2018,CRH,203,0,1,1,MACKAY,MACKAY
4814,3,3 BR DETACHED HOUSE,26/06/2018,10/07/2018,10/07/2018,CRH,201,14,0,14,TOWNSVILLE,TOWNSVILLE
4561,2,2 BR DUPLEX,5/06/2018,12/06/2018,11/07/2018,CRH,205,7,29,36,SUNSHINE COAST,NICKLIN
4812,2,2 BR APARTMENT,26/06/2018,4/07/2018,6/07/2018,CRH,201,8,2,10,TOWNSVILLE,TOWNSVILLE
4701,2,2 BR APARTMENT,3/07/2018,12/07/2018,24/07/2018,CRH,206,9,12,21,ROCKHAMPTON,ROCKHAMPTON
4506,2,2 BR DUPLEX,5/06/2018,8/06/2018,6/07/2018,CRH,103,3,28,31,MORETON BAY,MORAYFIELD
4151,2,2 BR APARTMENT,25/06/2018,27/06/2018,12/07/2018,CRH,107,2,15,17,BRISBANE,GREENSLOPES
4573,3,3 BR APARTMENT,26/06/2018,13/07/2018,13/07/2018,CRH,205,17,0,17,SUNSHINE COAST,MAROOCHYDORE
4575,3,3 BR DETACHED HOUSE,21/06/2018,27/07/2018,27/07/2018,CRH,205,36,0,36,SUNSHINE COAST,KAWANA
4305,2,2 BR DUPLEX,4/07/2018,30/07/2018,31/07/2018,CRH,102,26,1,27,IPSWICH,IPSWICH WEST
4215,1,1 BR APARTMENT,14/05/2018,22/05/2018,12/07/2018,CRH,204,8,51,59,GOLD COAST,BONNEY
4701,1,1 BR APARTMENT,22/03/2018,1/05/2018,12/07/2018,CRH,206,40,72,112,ROCKHAMPTON,ROCKHAMPTON
4218,1,1 BR APARTMENT,13/06/2018,15/06/2018,12/07/2018,CRH,204,2,27,29,GOLD COAST,MERMAID BEACH
4701,2,2 BR APARTMENT,5/07/2018,12/07/2018,19/07/2018,CRH,206,7,7,14,ROCKHAMPTON,ROCKHAMPTON
4105,2,2 BR APARTMENT,2/07/2018,3/07/2018,3/07/2018,CRH,107,1,0,1,BRISBANE,TOOHEY
4105,2,2 BR APARTMENT,2/07/2018,3/07/2018,10/07/2018,CRH,107,1,7,8,BRISBANE,TOOHEY
4557,2,2 BR CLUSTER HOUSING,11/07/2018,17/07/2018,17/07/2018,CRH,205,6,0,6,SUNSHINE COAST,BUDERIM
4503,3,3 BR DETACHED HOUSE,16/05/2018,5/06/2018,3/07/2018,CRH,103,20,28,48,MORETON BAY,MURRUMBA
4217,1,1 BR CLUSTER HOUSING,29/06/2018,19/07/2018,19/07/2018,CRH,204,20,0,20,GOLD COAST,SURFERS PARADISE
4020,2,2 BR CLUSTER HOUSING,6/06/2018,19/06/2018,3/07/2018,CRH,110,13,14,27,MORETON BAY,REDCLIFFE
4670,3,3 BR DETACHED HOUSE,26/06/2018,29/06/2018,11/07/2018,CRH,208,3,12,15,BUNDABERG,BUNDABERG
4810,1,1 BR APARTMENT,27/06/2018,3/07/2018,10/07/2018,CRH,201,6,7,13,TOWNSVILLE,TOWNSVILLE
4700,2,2 BR APARTMENT,9/07/2018,18/07/2018,19/07/2018,CRH,206,9,1,10,ROCKHAMPTON,ROCKHAMPTON
4700,2,2 BR APARTMENT,27/06/2018,28/06/2018,13/07/2018,CRH,206,1,15,16,ROCKHAMPTON,ROCKHAMPTON
4750,2,2 BR DUPLEX,11/07/2018,19/07/2018,20/07/2018,CRH,203,8,1,9,MACKAY,WHITSUNDAY
4868,2,2 BR DUPLEX,23/01/2018,20/04/2018,2/07/2018,CRH,202,87,73,160,CAIRNS,MULGRAVE
4178,2,2 BR DETACHED HOUSE,13/12/2017,23/07/2018,23/07/2018,CRH,109,222,0,222,BRISBANE,LYTTON
4158,3,3 BR DETACHED HOUSE,15/12/2017,26/07/2018,26/07/2018,CRH,106,223,0,223,REDLAND,CAPALABA
4551,3,3 BR DETACHED HOUSE,14/06/2018,3/07/2018,3/07/2018,CRH,205,19,0,19,SUNSHINE COAST,CALOUNDRA
4305,2,2 BR APARTMENT,21/06/2018,4/07/2018,4/07/2018,CRH,102,13,0,13,IPSWICH,IPSWICH
4304,3,3 BR DETACHED HOUSE,28/06/2018,9/07/2018,30/07/2018,CRH,102,11,21,32,IPSWICH,IPSWICH
4179,2,2 BR ATTACHED HOUSING,12/06/2018,9/07/2018,10/08/2018,STC,109,27,32,59,BRISBANE,LYTTON
4178,2,2 BR ATTACHED HOUSING,22/05/2018,8/08/2018,8/08/2018,STC,109,78,0,78,BRISBANE,LYTTON
4101,1,1 BR APARTMENT,1/08/2018,1/08/2018,1/08/2018,STC,108,0,0,0,BRISBANE,SOUTH BRISBANE
4101,1,1 BR APARTMENT,13/08/2018,29/08/2018,29/08/2018,CBH,108,16,0,16,BRISBANE,SOUTH BRISBANE
4102,1,1 BR APARTMENT,26/07/2018,26/07/2018,2/08/2018,CBH,107,0,7,7,BRISBANE,SOUTH BRISBANE
4102,1,1 BR APARTMENT,3/08/2018,7/08/2018,20/08/2018,CBH,107,4,13,17,BRISBANE,SOUTH BRISBANE
4171,3,3 BR DETACHED HOUSE,19/07/2018,13/08/2018,24/08/2018,CRS,109,25,11,36,BRISBANE,BULIMBA
4006,1,1 BR APARTMENT,17/07/2018,13/08/2018,13/08/2018,CBH,108,27,0,27,BRISBANE,MCCONNEL
4510,3,3 BR DETACHED HOUSE,3/08/2018,9/08/2018,17/08/2018,CRS,103,6,8,14,MORETON BAY,MORAYFIELD
4510,3,3 BR DETACHED HOUSE,26/06/2018,14/08/2018,28/08/2018,CRS,103,49,14,63,MORETON BAY,MORAYFIELD
4163,1,1 BR APARTMENT,21/06/2018,9/07/2018,17/08/2018,STC,106,18,39,57,REDLAND,OODGEROO
4870,1,1 BR APARTMENT,16/08/2018,16/08/2018,16/08/2018,CBH,202,0,0,0,CAIRNS,CAIRNS
4303,3,3 BR DETACHED HOUSE,10/01/2018,19/01/2018,2/08/2018,CRS,102,9,195,204,IPSWICH,BUNDAMBA
4300,3,3 BR DETACHED HOUSE,30/05/2018,15/06/2018,20/08/2018,STR,102,16,66,82,IPSWICH,BUNDAMBA
4680,3,3 BR DETACHED HOUSE,19/07/2018,19/07/2018,13/08/2018,CRS,212,0,25,25,GLADSTONE,GLADSTONE
4680,3,3 BR DETACHED HOUSE,19/07/2018,19/07/2018,20/08/2018,CLH,212,0,32,32,GLADSTONE,GLADSTONE
4570,2,2 BR ATTACHED HOUSING,6/08/2018,6/08/2018,6/08/2018,CRS,205,0,0,0,GYMPIE,GYMPIE
4114,3,3 BR DETACHED HOUSE,8/08/2018,8/08/2018,8/08/2018,CRS,101,0,0,0,LOGAN,WOODRIDGE
4740,3,3 BR DETACHED HOUSE,9/07/2018,19/07/2018,20/08/2018,STC,203,10,32,42,MACKAY,MACKAY
4740,3,3 BR DETACHED HOUSE,19/07/2018,23/07/2018,6/08/2018,CLH,203,4,14,18,MACKAY,MACKAY
4740,3,3 BR DETACHED HOUSE,13/08/2018,27/08/2018,28/08/2018,CLH,203,14,1,15,MACKAY,MACKAY
4880,3,3 BR DETACHED HOUSE,20/08/2018,31/08/2018,31/08/2018,CLH,202,11,0,11,MAREEBA,COOK
4465,3,3 BR DETACHED HOUSE,10/08/2018,13/08/2018,14/08/2018,CLH,207,3,1,4,MARANOA,WARREGO
4020,2,2 BR APARTMENT,23/05/2018,31/08/2018,31/08/2018,CLH,110,100,0,100,MORETON BAY,REDCLIFFE
4455,2,2 BR DETACHED HOUSE,28/03/2018,19/04/2018,20/08/2018,CLH,207,22,123,145,MARANOA,WARREGO
4455,3,3 BR DETACHED HOUSE,3/08/2018,3/08/2018,23/08/2018,CLH,207,0,20,20,MARANOA,WARREGO
4455,3,3 BR DETACHED HOUSE,29/11/2017,29/11/2017,10/08/2018,CLH,207,0,254,254,MARANOA,WARREGO
4455,3,3 BR DETACHED HOUSE,2/08/2018,2/08/2018,10/08/2018,CLH,207,0,8,8,MARANOA,WARREGO
4455,1,1 BR SENIOR UNIT,23/03/2018,19/04/2018,10/08/2018,CLH,207,27,113,140,MARANOA,WARREGO
4455,3,3 BR DETACHED HOUSE,13/03/2018,19/04/2018,1/08/2018,CLH,207,37,104,141,MARANOA,WARREGO
4455,2,2 BR DUAL OCCUPANCY,1/11/2017,11/12/2017,14/08/2018,CLH,207,40,246,286,MARANOA,WARREGO
4812,1,1 BR APARTMENT,9/08/2018,16/08/2018,28/08/2018,CRS,201,7,12,19,TOWNSVILLE,TOWNSVILLE
4160,3,3 BR DETACHED HOUSE,15/06/2018,11/07/2018,15/08/2018,STC,106,26,35,61,REDLAND,CAPALABA
4880,1,1 BR SENIOR UNIT,10/04/2018,12/04/2018,10/08/2018,CLT,202,2,120,122,MAREEBA,COOK
4370,1,1 BR SENIOR UNIT,19/04/2018,30/04/2018,24/08/2018,CLT,207,11,116,127,SOUTHERN DOWNS,SOUTHERN DOWNS
4650,1,1 BR APARTMENT,6/08/2018,16/08/2018,23/08/2018,CLT,213,10,7,17,FRASER COAST,MARYBOROUGH
4152,4,4 BR DETACHED HOUSE,6/07/2018,9/07/2018,22/08/2018,CLH,107,3,44,47,BRISBANE,CHATSWORTH
4820,3,3 BR DETACHED HOUSE,12/07/2018,16/07/2018,3/08/2018,CLT,201,4,18,22,CHARTERS TOWERS,TRAEGER
4662,1,1 BR SENIOR UNIT,10/07/2018,2/08/2018,3/08/2018,CLT,213,23,1,24,FRASER COAST,MARYBOROUGH
4405,1,1 BR SENIOR UNIT,20/02/2018,15/08/2018,15/08/2018,CLT,207,176,0,176,WESTERN DOWNS,WARREGO
4740,1,1 BR SENIOR UNIT,20/07/2018,3/08/2018,16/08/2018,CLT,203,14,13,27,MACKAY,MACKAY
4422,2,2 BR DETACHED HOUSE,1/11/2017,14/12/2017,10/08/2018,CLT,207,43,239,282,WESTERN DOWNS,WARREGO
4350,1,1 BR APARTMENT,10/05/2017,10/05/2017,14/08/2018,CLT,207,0,461,461,TOOWOOMBA,TOOWOOMBA NORTH
4670,1,1 BR SENIOR UNIT,17/08/2018,23/08/2018,27/08/2018,CLT,208,6,4,10,BUNDABERG,BUNDABERG
4169,1,1 BR APARTMENT,7/08/2018,20/08/2018,20/08/2018,CLT,108,13,0,13,BRISBANE,SOUTH BRISBANE
4744,3,3 BR APARTMENT,1/11/2017,14/12/2017,31/08/2018,CLT,203,43,260,303,ISAAC,BURDEKIN
4659,1,1 BR SENIOR UNIT,10/07/2018,2/08/2018,2/08/2018,CLT,213,23,0,23,FRASER COAST,MARYBOROUGH
4455,2,2 BR SENIOR UNIT,20/04/2018,20/04/2018,10/08/2018,CLT,207,0,112,112,MARANOA,WARREGO
4754,2,2 BR SENIOR UNIT,1/11/2017,14/12/2017,1/08/2018,CLT,203,43,230,273,MACKAY,MIRANI
4415,2,2 BR DUPLEX,30/01/2018,12/02/2018,10/08/2018,CLT,207,13,179,192,WESTERN DOWNS,CALLIDE
4226,3,3 BR DETACHED HOUSE,19/07/2018,30/07/2018,14/08/2018,CLT,204,11,15,26,GOLD COAST,MERMAID BEACH
4677,2,2 BR SENIOR UNIT,1/11/2017,14/12/2017,20/08/2018,CLT,212,43,249,292,GLADSTONE,BURNETT
4756,2,2 BR APARTMENT,1/11/2017,14/12/2017,1/08/2018,CLT,203,43,230,273,MACKAY,MIRANI
4756,2,2 BR APARTMENT,1/11/2017,14/12/2017,1/08/2018,CLT,203,43,230,273,MACKAY,MIRANI
4870,1,1 BR SENIOR UNIT,10/08/2018,13/08/2018,22/08/2018,CLT,202,3,9,12,CAIRNS,CAIRNS
4737,3,3 BR DUAL OCCUPANCY,23/07/2018,8/08/2018,8/08/2018,CLT,203,16,0,16,MACKAY,MIRANI
4030,1,1 BR APARTMENT,21/08/2018,31/08/2018,31/08/2018,CBH,108,10,0,10,BRISBANE,CLAYFIELD
4670,1,1 BR APARTMENT,17/07/2018,20/07/2018,3/08/2018,CBH,208,3,14,17,BUNDABERG,BUNDABERG
4720,2,2 BR SENIOR UNIT,23/05/2018,26/07/2018,2/08/2018,CLT,211,64,7,71,CENTRAL HIGHLANDS,GREGORY
4720,2,2 BR SENIOR UNIT,23/05/2018,21/06/2018,30/08/2018,CLT,211,29,70,99,CENTRAL HIGHLANDS,GREGORY
4883,4,4 BR DETACHED HOUSE,23/07/2018,23/07/2018,1/08/2018,CRS,202,0,9,9,TABLELANDS,HILL
4655,1,1 BR APARTMENT,15/05/2018,7/08/2018,8/08/2018,CBH,213,84,1,85,FRASER COAST,HERVEY BAY
4655,1,1 BR APARTMENT,11/07/2018,8/08/2018,10/08/2018,CBH,213,28,2,30,FRASER COAST,HERVEY BAY
4680,3,3 BR DETACHED HOUSE,4/06/2018,11/06/2018,20/08/2018,CRS,212,7,70,77,GLADSTONE,GLADSTONE
4680,3,3 BR DETACHED HOUSE,29/05/2018,11/06/2018,23/08/2018,CRS,212,13,73,86,GLADSTONE,GLADSTONE
4680,1,1 BR APARTMENT,4/06/2018,16/07/2018,1/08/2018,CBH,212,42,16,58,GLADSTONE,GLADSTONE
4680,1,1 BR APARTMENT,2/03/2018,12/03/2018,20/08/2018,CBH,212,10,161,171,GLADSTONE,GLADSTONE
4680,1,1 BR APARTMENT,2/03/2018,12/03/2018,20/08/2018,CBH,212,10,161,171,GLADSTONE,GLADSTONE
4350,4,4 BR DETACHED HOUSE,19/09/2016,27/09/2016,10/08/2018,CRS,207,8,682,690,TOOWOOMBA,TOOWOOMBA SOUTH
4215,1,1 BR APARTMENT,23/02/2018,6/03/2018,14/08/2018,CBH,204,11,161,172,GOLD COAST,BONNEY
4860,2,2 BR DUAL OCCUPANCY,24/07/2018,24/07/2018,8/08/2018,CLT,202,0,15,15,CASSOWARY COAST,HILL
4870,1,1 BR APARTMENT,18/07/2018,19/07/2018,20/08/2018,CBH,202,1,32,33,CAIRNS,CAIRNS
4501,2,2 BR APARTMENT,14/08/2018,16/08/2018,22/08/2018,CRS,103,2,6,8,MORETON BAY,KURWONGBAH
4019,1,1 BR APARTMENT,6/06/2018,22/06/2018,21/08/2018,CBH,110,16,60,76,MORETON BAY,REDCLIFFE
4350,1,1 BR APARTMENT,8/09/2009,15/09/2009,10/08/2018,CBH,207,7,3251,3258,TOOWOOMBA,TOOWOOMBA SOUTH
4220,2,2 BR APARTMENT,27/07/2018,3/08/2018,14/08/2018,CBH,204,7,11,18,GOLD COAST,BURLEIGH
4740,1,1 BR APARTMENT,12/07/2018,12/07/2018,16/08/2018,CBH,203,0,35,35,MACKAY,MACKAY
4740,1,1 BR APARTMENT,12/07/2018,16/07/2018,13/08/2018,CBH,203,4,28,32,MACKAY,MACKAY
4740,1,1 BR APARTMENT,23/07/2018,23/07/2018,7/08/2018,CBH,203,0,15,15,MACKAY,MACKAY
4216,2,2 BR DUPLEX,2/08/2018,7/08/2018,14/08/2018,CLH,204,5,7,12,GOLD COAST,BONNEY
4812,1,1 BR APARTMENT,26/07/2018,31/07/2018,9/08/2018,CBH,201,5,9,14,TOWNSVILLE,MUNDINGBURRA
4812,1,1 BR APARTMENT,14/08/2018,17/08/2018,17/08/2018,CBH,201,3,0,3,TOWNSVILLE,MUNDINGBURRA
4030,1,1 BR APARTMENT,14/08/2018,29/08/2018,29/08/2018,CBH,108,15,0,15,BRISBANE,CLAYFIELD
4740,2,2 BR CLUSTER HOUSING,9/08/2018,10/08/2018,20/08/2018,STR,203,1,10,11,MACKAY,MACKAY
4812,1,1 BR APARTMENT,2/08/2018,2/08/2018,2/08/2018,CSO,201,0,0,0,TOWNSVILLE,MUNDINGBURRA
4812,1,1 BR APARTMENT,10/08/2018,10/08/2018,10/08/2018,CSO,201,0,0,0,TOWNSVILLE,MUNDINGBURRA
4812,1,1 BR APARTMENT,2/08/2018,2/08/2018,2/08/2018,CSO,201,0,0,0,TOWNSVILLE,MUNDINGBURRA
4725,2,2 BR DUPLEX,10/08/2018,10/08/2018,10/08/2018,CLH,211,0,0,0,BARCALDINE,GREGORY
4680,3,3 BR DETACHED HOUSE,4/06/2018,16/07/2018,20/08/2018,CRS,212,42,35,77,GLADSTONE,GLADSTONE
4454,3,3 BR DETACHED HOUSE,1/11/2017,14/12/2017,9/08/2018,CLT,207,43,238,281,MARANOA,WARREGO
4703,1,1 BR APARTMENT,10/07/2018,25/07/2018,17/08/2018,CBH,206,15,23,38,LIVINGSTONE,KEPPEL
4878,2,2 BR APARTMENT,10/08/2018,13/08/2018,28/08/2018,CLH,202,3,15,18,CAIRNS,BARRON RIVER
4670,1,1 BR APARTMENT,1/08/2018,3/08/2018,23/08/2018,CBH,208,2,20,22,BUNDABERG,BUNDABERG
4814,1,1 BR APARTMENT,15/08/2018,16/08/2018,21/08/2018,CBH,201,1,5,6,TOWNSVILLE,MUNDINGBURRA
4814,1,1 BR APARTMENT,7/08/2018,7/08/2018,10/08/2018,CBH,201,0,3,3,TOWNSVILLE,MUNDINGBURRA
4680,1,1 BR APARTMENT,17/04/2018,2/05/2018,2/08/2018,CLH,212,15,92,107,GLADSTONE,GLADSTONE
4000,1,1 BR APARTMENT,23/07/2018,2/08/2018,2/08/2018,CBG,108,10,0,10,BRISBANE,MCCONNEL
4000,1,1 BR APARTMENT,25/07/2018,7/08/2018,7/08/2018,CBG,108,13,0,13,BRISBANE,MCCONNEL
4814,1,1 BR APARTMENT,10/08/2018,15/08/2018,23/08/2018,CLH,201,5,8,13,TOWNSVILLE,MUNDINGBURRA
4743,3,3 BR DETACHED HOUSE,20/07/2018,30/07/2018,28/08/2018,CLT,203,10,29,39,ISAAC,BURDEKIN
4059,1,1 BR APARTMENT,9/08/2018,9/08/2018,9/08/2018,CAH,108,0,0,0,BRISBANE,MCCONNEL
4207,2,2 BR APARTMENT,10/08/2018,10/08/2018,10/08/2018,CAO,101,0,0,0,LOGAN,MACALISTER
4680,4,4 BR DETACHED HOUSE,19/07/2018,19/07/2018,20/08/2018,CLH,212,0,32,32,GLADSTONE,GLADSTONE
4868,1,1 BR APARTMENT,1/08/2018,2/08/2018,2/08/2018,CSO,202,1,0,1,CAIRNS,MULGRAVE
4006,1,1 BR APARTMENT,13/07/2018,10/08/2018,10/08/2018,CBH,108,28,0,28,BRISBANE,MCCONNEL
4802,1,1 BR APARTMENT,7/08/2018,20/08/2018,20/08/2018,CAH,203,13,0,13,WHITSUNDAY,WHITSUNDAY
4105,1,1 BR APARTMENT,31/07/2018,3/08/2018,10/08/2018,CBH,107,3,7,10,BRISBANE,TOOHEY
4870,1,1 BR APARTMENT,22/08/2018,23/08/2018,23/08/2018,CBH,202,1,0,1,CAIRNS,CAIRNS
4870,1,1 BR APARTMENT,19/07/2018,23/07/2018,28/08/2018,CBH,202,4,36,40,CAIRNS,CAIRNS
4815,4,4 BR DETACHED HOUSE,2/08/2018,13/08/2018,13/08/2018,CRS,201,11,0,11,TOWNSVILLE,THURINGOWA
4103,1,1 BR APARTMENT,25/07/2018,26/07/2018,20/08/2018,CLH,107,1,25,26,BRISBANE,SOUTH BRISBANE
4220,1,1 BR APARTMENT,8/03/2018,16/03/2018,14/08/2018,CLH,204,8,151,159,GOLD COAST,BURLEIGH
4215,1,1 BR APARTMENT,30/07/2018,31/07/2018,2/08/2018,CLH,204,1,2,3,GOLD COAST,BONNEY
4215,1,1 BR APARTMENT,6/08/2018,9/08/2018,29/08/2018,CLH,204,3,20,23,GOLD COAST,BONNEY
4215,1,1 BR APARTMENT,1/03/2018,13/03/2018,14/08/2018,CLH,204,12,154,166,GOLD COAST,BONNEY
4455,2,2 BR DUPLEX,11/12/2015,11/12/2015,2/08/2018,CLT,207,0,965,965,MARANOA,WARREGO
4020,1,1 BR APARTMENT,17/07/2018,19/07/2018,22/08/2018,CLH,110,2,34,36,MORETON BAY,REDCLIFFE
4220,2,2 BR APARTMENT,9/02/2018,6/03/2018,14/08/2018,CLH,204,25,161,186,GOLD COAST,BURLEIGH
4510,1,1 BR APARTMENT,6/07/2018,10/07/2018,10/08/2018,CBH,103,4,31,35,MORETON BAY,MORAYFIELD
4207,2,2 BR APARTMENT,9/08/2018,9/08/2018,9/08/2018,CAO,101,0,0,0,LOGAN,MACALISTER
4207,2,2 BR APARTMENT,9/08/2018,9/08/2018,9/08/2018,CAO,101,0,0,0,LOGAN,MACALISTER
4157,2,2 BR APARTMENT,21/06/2018,16/08/2018,16/08/2018,CLH,106,56,0,56,REDLAND,CAPALABA
4810,2,2 BR APARTMENT,3/08/2018,15/08/2018,27/08/2018,CLH,201,12,12,24,TOWNSVILLE,TOWNSVILLE
4210,2,2 BR APARTMENT,10/05/2018,17/05/2018,14/08/2018,CLH,204,7,89,96,GOLD COAST,THEODORE
4210,2,2 BR APARTMENT,23/02/2018,6/03/2018,14/08/2018,CLH,204,11,161,172,GOLD COAST,THEODORE
4171,1,1 BR APARTMENT,17/07/2018,23/07/2018,3/08/2018,CLH,109,6,11,17,BRISBANE,BULIMBA
4105,2,2 BR APARTMENT,25/07/2018,26/07/2018,1/08/2018,CLH,107,1,6,7,BRISBANE,MILLER
4810,1,1 BR APARTMENT,8/08/2018,10/08/2018,21/08/2018,CLH,201,2,11,13,TOWNSVILLE,TOWNSVILLE
4810,1,1 BR APARTMENT,31/07/2018,1/08/2018,3/08/2018,CLH,201,1,2,3,TOWNSVILLE,TOWNSVILLE
4350,2,2 BR APARTMENT,25/03/2015,7/04/2015,29/08/2018,CLH,207,13,1240,1253,TOOWOOMBA,TOOWOOMBA NORTH
4350,2,2 BR APARTMENT,15/08/2018,17/08/2018,24/08/2018,CLH,207,2,7,9,TOOWOOMBA,TOOWOOMBA NORTH
4350,2,2 BR APARTMENT,6/04/2016,13/04/2016,15/08/2018,CLH,207,7,854,861,TOOWOOMBA,TOOWOOMBA NORTH
4159,2,2 BR APARTMENT,5/06/2018,4/07/2018,8/08/2018,CLH,106,29,35,64,REDLAND,CAPALABA
4159,2,2 BR APARTMENT,20/06/2018,27/08/2018,27/08/2018,CLH,106,68,0,68,REDLAND,CAPALABA
4570,2,2 BR APARTMENT,13/07/2018,6/08/2018,6/08/2018,CLH,205,24,0,24,GYMPIE,GYMPIE
4655,2,2 BR APARTMENT,4/07/2018,23/08/2018,23/08/2018,CLH,213,50,0,50,FRASER COAST,HERVEY BAY
4810,1,1 BR APARTMENT,27/07/2018,1/08/2018,1/08/2018,CLH,201,5,0,5,TOWNSVILLE,TOWNSVILLE
4560,2,2 BR APARTMENT,1/08/2018,1/08/2018,1/08/2018,CLH,205,0,0,0,SUNSHINE COAST,NICKLIN
4670,1,1 BR APARTMENT,1/08/2018,3/08/2018,9/08/2018,CLH,208,2,6,8,BUNDABERG,BUNDABERG
4350,2,2 BR APARTMENT,1/08/2018,3/08/2018,17/08/2018,CLH,207,2,14,16,TOOWOOMBA,TOOWOOMBA NORTH
4101,1,1 BR APARTMENT,3/08/2018,13/08/2018,13/08/2018,CSO,108,10,0,10,BRISBANE,SOUTH BRISBANE
4101,1,1 BR APARTMENT,2/08/2018,13/08/2018,13/08/2018,CSO,108,11,0,11,BRISBANE,SOUTH BRISBANE
4810,1,1 BR APARTMENT,10/07/2018,13/07/2018,17/08/2018,CLH,201,3,35,38,TOWNSVILLE,TOWNSVILLE
4215,2,2 BR APARTMENT,13/03/2018,19/03/2018,14/08/2018,CLH,204,6,148,154,GOLD COAST,BONNEY
4805,1,1 BR APARTMENT,1/08/2018,14/08/2018,14/08/2018,CLH,203,13,0,13,WHITSUNDAY,BURDEKIN
4807,1,1 BR APARTMENT,26/07/2018,31/07/2018,15/08/2018,CLH,201,5,15,20,BURDEKIN,BURDEKIN
4800,1,1 BR APARTMENT,18/06/2018,18/06/2018,9/08/2018,CLH,203,0,52,52,WHITSUNDAY,WHITSUNDAY
4610,1,1 BR APARTMENT,7/08/2018,23/08/2018,23/08/2018,CLH,213,16,0,16,SOUTH BURNETT,NANANGO
4701,1,1 BR APARTMENT,25/06/2018,18/07/2018,3/08/2018,CLH,206,23,16,39,ROCKHAMPTON,ROCKHAMPTON
4301,2,2 BR APARTMENT,23/05/2018,30/05/2018,20/08/2018,CLH,102,7,82,89,IPSWICH,BUNDAMBA
4670,2,2 BR APARTMENT,17/07/2018,31/07/2018,8/08/2018,CRH,208,14,8,22,BUNDABERG,BUNDABERG
4670,2,2 BR DUPLEX,8/08/2018,23/08/2018,23/08/2018,CRH,208,15,0,15,BUNDABERG,BUNDABERG
4157,2,2 BR ATTACHED HOUSING,19/07/2018,10/08/2018,10/08/2018,CRH,106,22,0,22,REDLAND,CAPALABA
4178,1,1 BR APARTMENT,13/06/2018,27/08/2018,27/08/2018,CRH,109,75,0,75,BRISBANE,LYTTON
4810,2,2 BR APARTMENT,26/07/2018,1/08/2018,7/08/2018,CRH,201,6,6,12,TOWNSVILLE,TOWNSVILLE
4700,2,2 BR ATTACHED HOUSING,18/07/2018,25/07/2018,3/08/2018,CRH,206,7,9,16,ROCKHAMPTON,ROCKHAMPTON
4860,2,2 BR APARTMENT,5/07/2018,5/07/2018,1/08/2018,CRH,202,0,27,27,CASSOWARY COAST,HILL
4860,2,2 BR DUPLEX,1/08/2018,1/08/2018,20/08/2018,CRH,202,0,19,19,CASSOWARY COAST,HILL
4873,2,2 BR DUPLEX,1/08/2018,1/08/2018,6/08/2018,CRH,202,0,5,5,DOUGLAS,COOK
4873,2,2 BR DUPLEX,15/06/2018,15/06/2018,6/08/2018,CRH,202,0,52,52,DOUGLAS,COOK
4868,2,2 BR DUPLEX,8/08/2018,9/08/2018,20/08/2018,CRH,202,1,11,12,CAIRNS,MULGRAVE
4868,2,2 BR DUPLEX,8/08/2018,9/08/2018,20/08/2018,CRH,202,1,11,12,CAIRNS,MULGRAVE
4870,1,1 BR APARTMENT,27/08/2018,28/08/2018,30/08/2018,CBH,202,1,2,3,CAIRNS,CAIRNS
4573,1,1 BR APARTMENT,27/07/2018,6/08/2018,6/08/2018,CLH,205,10,0,10,SUNSHINE COAST,MAROOCHYDORE
4350,1,1 BR APARTMENT,28/03/2014,28/03/2014,10/08/2018,CLH,207,0,1596,1596,TOOWOOMBA,TOOWOOMBA NORTH
4740,2,2 BR DUPLEX,13/08/2018,27/08/2018,29/08/2018,CBH,203,14,2,16,MACKAY,MACKAY
4350,4,4 BR DETACHED HOUSE,17/08/2018,24/08/2018,24/08/2018,CLH,207,7,0,7,TOOWOOMBA,TOOWOOMBA SOUTH
4720,2,2 BR DUPLEX,15/05/2018,29/05/2018,14/08/2018,CLH,211,14,77,91,CENTRAL HIGHLANDS,GREGORY
4737,2,2 BR CLUSTER HOUSING,24/07/2018,30/07/2018,17/08/2018,CLH,203,6,18,24,MACKAY,MIRANI
4006,1,1 BR APARTMENT,9/08/2018,9/08/2018,9/08/2018,CAH,108,0,0,0,BRISBANE,MCCONNEL
4350,2,2 BR ATTACHED HOUSING,24/07/2017,24/07/2017,15/08/2018,CLT,207,0,387,387,TOOWOOMBA,TOOWOOMBA SOUTH
4350,1,1 BR ATTACHED HOUSING,18/03/2015,25/03/2015,14/08/2018,CLT,207,7,1238,1245,TOOWOOMBA,TOOWOOMBA SOUTH
4702,2,2 BR CLUSTER HOUSING,1/08/2018,1/08/2018,30/08/2018,CLT,211,0,29,29,CENTRAL HIGHLANDS,GREGORY
4350,3,3 BR DETACHED HOUSE,23/10/2017,27/10/2017,10/08/2018,CRH,207,4,287,291,TOOWOOMBA,TOOWOOMBA NORTH
4032,3,3 BR DETACHED HOUSE,10/08/2018,10/08/2018,13/08/2018,CRH,105,0,3,3,BRISBANE,STAFFORD
4221,1,1 BR APARTMENT,30/07/2018,31/07/2018,2/08/2018,CAH,204,1,2,3,GOLD COAST,BURLEIGH
4221,1,1 BR APARTMENT,31/07/2018,3/08/2018,14/08/2018,CAH,204,3,11,14,GOLD COAST,BURLEIGH
4006,1,1 BR APARTMENT,6/08/2018,6/08/2018,6/08/2018,CAH,108,0,0,0,BRISBANE,BRISBANE CENTRAL
4700,2,2 BR APARTMENT,11/07/2018,7/08/2018,9/08/2018,CLT,206,27,2,29,ROCKHAMPTON,ROCKHAMPTON
4163,1,1 BR APARTMENT,22/08/2018,22/08/2018,24/08/2018,CAH,106,0,2,2,REDLAND,OODGEROO
4802,2,2 BR DUPLEX,19/07/2018,20/08/2018,20/08/2018,CRH,203,32,0,32,WHITSUNDAY,WHITSUNDAY
4560,1,1 BR APARTMENT,27/07/2018,6/08/2018,6/08/2018,CLT,205,10,0,10,SUNSHINE COAST,NICKLIN
4211,1,1 BR APARTMENT,31/07/2018,2/08/2018,3/08/2018,CAH,204,2,1,3,GOLD COAST,GAVEN
4505,2,2 BR DETACHED HOUSE,17/07/2018,24/07/2018,8/08/2018,CRH,103,7,15,22,MORETON BAY,KURWONGBAH
4304,3,3 BR DETACHED HOUSE,30/07/2018,20/08/2018,20/08/2018,CRH,102,21,0,21,IPSWICH,IPSWICH
4810,1,1 BR APARTMENT,20/07/2018,27/07/2018,3/08/2018,CRH,201,7,7,14,TOWNSVILLE,TOWNSVILLE
4810,1,1 BR APARTMENT,17/08/2018,24/08/2018,27/08/2018,CRH,201,7,3,10,TOWNSVILLE,TOWNSVILLE
4157,2,2 BR DUPLEX,20/08/2018,27/08/2018,27/08/2018,CRH,106,7,0,7,REDLAND,CAPALABA
4740,3,3 BR DETACHED HOUSE,7/08/2018,13/08/2018,20/08/2018,CRH,203,6,7,13,MACKAY,MACKAY
4300,2,2 BR APARTMENT,2/07/2018,17/07/2018,20/08/2018,CRH,102,15,34,49,IPSWICH,BUNDAMBA
4700,2,2 BR APARTMENT,9/08/2018,20/08/2018,28/08/2018,CRH,206,11,8,19,ROCKHAMPTON,ROCKHAMPTON
4700,2,2 BR APARTMENT,2/08/2018,6/08/2018,20/08/2018,CRH,206,4,14,18,ROCKHAMPTON,ROCKHAMPTON
4215,3,3 BR DUPLEX,8/03/2018,29/03/2018,14/08/2018,CRH,204,21,138,159,GOLD COAST,BONNEY
4350,3,3 BR DETACHED HOUSE,15/09/2017,15/09/2017,10/08/2018,CRH,207,0,329,329,TOOWOOMBA,TOOWOOMBA NORTH
4212,2,2 BR ATTACHED HOUSING,1/03/2018,6/03/2018,14/08/2018,CRH,204,5,161,166,GOLD COAST,THEODORE
4350,1,1 BR APARTMENT,26/10/2017,6/11/2017,10/08/2018,CRH,207,11,277,288,TOOWOOMBA,TOOWOOMBA NORTH
4503,2,2 BR APARTMENT,26/06/2018,4/07/2018,1/08/2018,CRH,103,8,28,36,MORETON BAY,MURRUMBA
4114,1,1 BR APARTMENT,8/08/2018,8/08/2018,8/08/2018,CRH,101,0,0,0,LOGAN,WOODRIDGE
4122,3,3 BR DETACHED HOUSE,13/08/2018,13/08/2018,22/08/2018,CRH,107,0,9,9,BRISBANE,MANSFIELD
4122,2,2 BR APARTMENT,29/08/2018,29/08/2018,30/08/2018,CRH,107,0,1,1,BRISBANE,GREENSLOPES
4810,1,1 BR CLUSTER HOUSING,27/07/2018,10/08/2018,10/08/2018,CRH,201,14,0,14,TOWNSVILLE,TOWNSVILLE
4212,2,2 BR ATTACHED HOUSING,14/05/2018,22/05/2018,14/08/2018,CRH,204,8,84,92,GOLD COAST,THEODORE
4860,3,3 BR DETACHED HOUSE,27/06/2018,29/06/2018,1/08/2018,CRH,202,2,33,35,CASSOWARY COAST,HILL
4825,1,1 BR APARTMENT,12/06/2018,17/07/2018,3/08/2018,CRH,209,35,17,52,MOUNT ISA,TRAEGER
4870,3,3 BR DETACHED HOUSE,13/07/2018,13/07/2018,1/08/2018,CRH,202,0,19,19,CAIRNS,BARRON RIVER
4878,2,2 BR APARTMENT,17/08/2018,20/08/2018,30/08/2018,CRH,202,3,10,13,CAIRNS,BARRON RIVER
4215,2,2 BR CLUSTER HOUSING,13/06/2018,15/06/2018,14/08/2018,CRH,204,2,60,62,GOLD COAST,BONNEY
4158,2,2 BR APARTMENT,10/07/2018,22/08/2018,22/08/2018,CRH,106,43,0,43,REDLAND,CAPALABA
4810,1,1 BR APARTMENT,10/08/2018,10/08/2018,10/08/2018,CRH,201,0,0,0,TOWNSVILLE,TOWNSVILLE
4868,2,2 BR DUPLEX,1/08/2018,1/08/2018,20/08/2018,CRH,202,0,19,19,CAIRNS,MULGRAVE
4868,2,2 BR DUPLEX,1/08/2018,1/08/2018,20/08/2018,CRH,202,0,19,19,CAIRNS,MULGRAVE
4870,2,2 BR APARTMENT,28/06/2018,28/06/2018,2/08/2018,CRH,202,0,35,35,CAIRNS,CAIRNS
4209,3,3 BR APARTMENT,11/05/2018,14/05/2018,14/08/2018,CRH,204,3,92,95,GOLD COAST,COOMERA
4861,1,1 BR APARTMENT,10/08/2018,13/08/2018,27/08/2018,CLT,202,3,14,17,CAIRNS,HILL
4215,1,1 BR APARTMENT,7/08/2018,7/08/2018,9/08/2018,CRH,204,0,2,2,GOLD COAST,SOUTHPORT
4870,3,3 BR DETACHED HOUSE,9/08/2018,10/08/2018,20/08/2018,CRS,202,1,10,11,CAIRNS,CAIRNS
4650,3,3 BR DETACHED HOUSE,17/08/2018,23/08/2018,23/08/2018,CRH,213,6,0,6,FRASER COAST,MARYBOROUGH
4011,1,1 BR APARTMENT,23/08/2018,31/08/2018,31/08/2018,CRS,108,8,0,8,BRISBANE,CLAYFIELD
4032,3,3 BR DETACHED HOUSE,4/09/2018,4/09/2018,18/09/2018,CRS,105,0,14,14,BRISBANE,STAFFORD
4054,3,3 BR DETACHED HOUSE,21/08/2018,24/09/2018,24/09/2018,CRS,108,34,0,34,BRISBANE,FERNY GROVE
4017,3,3 BR DETACHED HOUSE,18/09/2018,18/09/2018,21/09/2018,CRS,105,0,3,3,BRISBANE,SANDGATE
4017,3,3 BR DETACHED HOUSE,21/09/2018,25/09/2018,25/09/2018,CRS,105,4,0,4,BRISBANE,SANDGATE
4179,3,3 BR DETACHED HOUSE,12/07/2018,7/08/2018,6/09/2018,STC,109,26,30,56,BRISBANE,LYTTON
4000,2,2 BR APARTMENT,31/08/2018,5/09/2018,6/09/2018,STR,108,5,1,6,BRISBANE,MCCONNEL
4000,2,2 BR APARTMENT,11/09/2018,24/09/2018,24/09/2018,STR,108,13,0,13,BRISBANE,MCCONNEL
4169,1,1 BR APARTMENT,25/07/2018,5/09/2018,5/09/2018,CBH,108,42,0,42,BRISBANE,SOUTH BRISBANE
4169,1,1 BR APARTMENT,26/06/2018,14/09/2018,14/09/2018,CBH,108,80,0,80,BRISBANE,SOUTH BRISBANE
4122,4,4 BR DETACHED HOUSE,27/08/2018,28/08/2018,4/09/2018,CRS,107,1,7,8,BRISBANE,MANSFIELD
4006,1,1 BR APARTMENT,20/09/2018,27/09/2018,27/09/2018,CBH,108,7,0,7,BRISBANE,MCCONNEL
4303,3,3 BR DETACHED HOUSE,2/08/2018,14/08/2018,3/09/2018,CRS,102,12,20,32,IPSWICH,BUNDAMBA
4570,3,3 BR DETACHED HOUSE,14/02/2018,25/09/2018,26/09/2018,CRS,205,223,1,224,GYMPIE,GYMPIE
4570,3,3 BR DETACHED HOUSE,12/12/2017,19/12/2017,25/09/2018,CLT,205,7,280,287,GYMPIE,GYMPIE
4570,5,5 BR DETACHED HOUSE,12/12/2017,20/12/2017,25/09/2018,CLT,205,8,279,287,GYMPIE,GYMPIE
4454,3,3 BR DETACHED HOUSE,1/11/2017,14/12/2017,21/09/2018,CLH,207,43,281,324,MARANOA,WARREGO
4503,3,3 BR DETACHED HOUSE,14/08/2018,14/09/2018,17/09/2018,CRS,103,31,3,34,MORETON BAY,MURRUMBA
4650,2,2 BR DETACHED HOUSE,12/09/2018,26/09/2018,26/09/2018,CLH,213,14,0,14,FRASER COAST,MARYBOROUGH
4455,4,4 BR DETACHED HOUSE,10/08/2018,13/08/2018,12/09/2018,CLH,207,3,30,33,MARANOA,WARREGO
4812,1,1 BR APARTMENT,27/08/2018,3/09/2018,6/09/2018,CRS,201,7,3,10,TOWNSVILLE,TOWNSVILLE
4812,2,2 BR DUPLEX,9/07/2018,21/08/2018,17/09/2018,CLT,201,43,27,70,TOWNSVILLE,TOWNSVILLE
4570,2,2 BR APARTMENT,29/06/2018,30/08/2018,27/09/2018,CLT,205,62,28,90,GYMPIE,GYMPIE
4570,2,2 BR APARTMENT,21/02/2018,7/09/2018,7/09/2018,CLT,205,198,0,198,GYMPIE,GYMPIE
4570,2,2 BR APARTMENT,6/08/2018,7/09/2018,7/09/2018,CLT,205,32,0,32,GYMPIE,GYMPIE
4005,2,2 BR APARTMENT,2/05/2018,3/09/2018,3/09/2018,CLT,108,124,0,124,BRISBANE,MCCONNEL
4701,3,3 BR DETACHED HOUSE,30/08/2018,17/09/2018,18/09/2018,CLH,206,18,1,19,ROCKHAMPTON,ROCKHAMPTON
4215,1,1 BR SENIOR UNIT,3/09/2018,3/09/2018,7/09/2018,CLT,204,0,4,4,GOLD COAST,SOUTHPORT
4605,1,1 BR CLUSTER HOUSING,7/08/2018,25/09/2018,25/09/2018,CLT,213,49,0,49,SOUTH BURNETT,NANANGO
4744,3,3 BR APARTMENT,30/08/2018,5/09/2018,11/09/2018,CLT,203,6,6,12,ISAAC,BURDEKIN
4744,3,3 BR APARTMENT,31/08/2018,11/09/2018,11/09/2018,CLT,203,11,0,11,ISAAC,BURDEKIN
4703,3,3 BR DETACHED HOUSE,3/08/2018,20/08/2018,4/09/2018,CLH,206,17,15,32,LIVINGSTONE,KEPPEL
4754,2,2 BR SENIOR UNIT,24/08/2018,31/08/2018,18/09/2018,CLT,203,7,18,25,MACKAY,MIRANI
4560,3,3 BR APARTMENT,25/07/2018,7/09/2018,7/09/2018,CLT,205,44,0,44,SUNSHINE COAST,NICKLIN
4825,4,4 BR CLUSTER HOUSING,11/04/2018,17/05/2018,4/09/2018,CLT,209,36,110,146,MOUNT ISA,TRAEGER
4870,1,1 BR SENIOR UNIT,7/09/2018,10/09/2018,27/09/2018,CLT,202,3,17,20,CAIRNS,CAIRNS
4560,4,4 BR DETACHED HOUSE,7/09/2018,7/09/2018,7/09/2018,CLT,205,0,0,0,SUNSHINE COAST,NINDERRY
4064,1,1 BR APARTMENT,20/09/2018,20/09/2018,20/09/2018,CAH,108,0,0,0,BRISBANE,COOPER
4030,1,1 BR APARTMENT,11/09/2018,20/09/2018,20/09/2018,CBH,108,9,0,9,BRISBANE,CLAYFIELD
4005,1,1 BR APARTMENT,30/07/2018,5/09/2018,5/09/2018,CBH,108,37,0,37,BRISBANE,MCCONNEL
4560,1,1 BR APARTMENT,28/03/2018,25/09/2018,27/09/2018,CBH,205,181,2,183,SUNSHINE COAST,NICKLIN
4017,4,4 BR DETACHED HOUSE,22/05/2018,24/05/2018,20/09/2018,CRS,105,2,119,121,BRISBANE,SANDGATE
4700,1,1 BR APARTMENT,30/07/2018,6/08/2018,10/09/2018,CBH,206,7,35,42,ROCKHAMPTON,ROCKHAMPTON
4700,1,1 BR APARTMENT,23/08/2018,18/09/2018,26/09/2018,CBH,206,26,8,34,ROCKHAMPTON,ROCKHAMPTON
4305,1,1 BR APARTMENT,17/08/2018,3/09/2018,17/09/2018,CBH,102,17,14,31,IPSWICH,IPSWICH WEST
4700,1,1 BR APARTMENT,16/08/2018,24/08/2018,5/09/2018,CLH,206,8,12,20,ROCKHAMPTON,ROCKHAMPTON
4017,1,1 BR APARTMENT,22/05/2018,24/09/2018,24/09/2018,CBH,105,125,0,125,BRISBANE,SANDGATE
4017,1,1 BR APARTMENT,14/08/2018,12/09/2018,12/09/2018,CBH,105,29,0,29,BRISBANE,SANDGATE
4017,1,1 BR APARTMENT,8/05/2018,18/06/2018,19/09/2018,CBH,105,41,93,134,BRISBANE,SANDGATE
4053,3,3 BR DETACHED HOUSE,14/08/2018,21/08/2018,25/09/2018,CRS,105,7,35,42,BRISBANE,STAFFORD
4802,3,3 BR DUPLEX,20/08/2018,3/09/2018,6/09/2018,CLT,203,14,3,17,WHITSUNDAY,WHITSUNDAY
4680,3,3 BR DETACHED HOUSE,12/06/2018,25/09/2018,25/09/2018,CRS,212,105,0,105,GLADSTONE,GLADSTONE
4680,3,3 BR DETACHED HOUSE,12/06/2018,25/09/2018,25/09/2018,CRS,212,105,0,105,GLADSTONE,GLADSTONE
4012,2,2 BR APARTMENT,11/09/2018,11/09/2018,21/09/2018,CRS,105,0,10,10,BRISBANE,NUDGEE
4012,2,2 BR APARTMENT,21/09/2018,25/09/2018,25/09/2018,CRS,105,4,0,4,BRISBANE,NUDGEE
4680,1,1 BR APARTMENT,23/08/2018,28/08/2018,6/09/2018,CBH,212,5,9,14,GLADSTONE,GLADSTONE
4680,1,1 BR APARTMENT,17/04/2018,14/05/2018,4/09/2018,CBH,212,27,113,140,GLADSTONE,GLADSTONE
4680,1,1 BR APARTMENT,20/08/2018,3/09/2018,6/09/2018,CBH,212,14,3,17,GLADSTONE,GLADSTONE
4560,4,4 BR DETACHED HOUSE,13/07/2018,7/09/2018,7/09/2018,CLT,205,56,0,56,SUNSHINE COAST,NICKLIN
4800,4,4 BR DETACHED HOUSE,27/08/2018,28/08/2018,3/09/2018,CRS,203,1,6,7,WHITSUNDAY,WHITSUNDAY
4870,1,1 BR APARTMENT,30/08/2018,31/08/2018,21/09/2018,CBH,202,1,21,22,CAIRNS,CAIRNS
4868,3,3 BR DETACHED HOUSE,26/07/2018,1/08/2018,18/09/2018,CLH,202,6,48,54,CAIRNS,MULGRAVE
4501,2,2 BR APARTMENT,14/08/2018,14/08/2018,17/09/2018,CRS,103,0,34,34,MORETON BAY,KURWONGBAH
4019,1,1 BR APARTMENT,8/06/2018,4/07/2018,7/09/2018,CBH,110,26,65,91,MORETON BAY,REDCLIFFE
4558,1,1 BR APARTMENT,22/08/2018,7/09/2018,7/09/2018,CBH,205,16,0,16,SUNSHINE COAST,MAROOCHYDORE
4740,1,1 BR APARTMENT,11/09/2018,12/09/2018,21/09/2018,CBH,203,1,9,10,MACKAY,MACKAY
4740,1,1 BR APARTMENT,9/08/2018,16/08/2018,4/09/2018,CBH,203,7,19,26,MACKAY,MACKAY
4812,2,2 BR CLUSTER HOUSING,5/09/2018,11/09/2018,17/09/2018,CLH,201,6,6,12,TOWNSVILLE,TOWNSVILLE
4812,1,1 BR APARTMENT,11/09/2018,17/09/2018,17/09/2018,CBH,201,6,0,6,TOWNSVILLE,MUNDINGBURRA
4006,1,1 BR APARTMENT,21/08/2018,17/09/2018,17/09/2018,CBH,108,27,0,27,BRISBANE,MCCONNEL
4030,1,1 BR APARTMENT,21/05/2018,26/09/2018,26/09/2018,CBH,108,128,0,128,BRISBANE,CLAYFIELD
4812,1,1 BR APARTMENT,14/09/2018,17/09/2018,28/09/2018,CSO,201,3,11,14,TOWNSVILLE,MUNDINGBURRA
4812,1,1 BR APARTMENT,10/08/2018,10/08/2018,17/09/2018,CSO,201,0,38,38,TOWNSVILLE,MUNDINGBURRA
4221,2,2 BR APARTMENT,29/08/2018,30/08/2018,12/09/2018,CLH,204,1,13,14,GOLD COAST,BURLEIGH
4179,2,2 BR APARTMENT,7/06/2018,20/09/2018,20/09/2018,CLH,109,105,0,105,BRISBANE,LYTTON
4812,2,2 BR APARTMENT,14/08/2018,21/08/2018,6/09/2018,STR,201,7,16,23,TOWNSVILLE,TOWNSVILLE
4812,2,2 BR APARTMENT,28/08/2018,31/08/2018,6/09/2018,STR,201,3,6,9,TOWNSVILLE,TOWNSVILLE
4700,1,1 BR APARTMENT,27/08/2018,12/09/2018,13/09/2018,CLH,206,16,1,17,ROCKHAMPTON,ROCKHAMPTON
4020,2,2 BR APARTMENT,24/07/2018,3/08/2018,17/09/2018,CLH,110,10,45,55,MORETON BAY,REDCLIFFE
4701,2,2 BR APARTMENT,6/09/2018,26/09/2018,26/09/2018,CLH,206,20,0,20,ROCKHAMPTON,ROCKHAMPTON
4703,1,1 BR APARTMENT,10/09/2018,21/09/2018,26/09/2018,CBH,206,11,5,16,LIVINGSTONE,KEPPEL
4670,1,1 BR APARTMENT,29/08/2018,31/08/2018,12/09/2018,CBH,208,2,12,14,BUNDABERG,BUNDABERG
4814,1,1 BR APARTMENT,31/08/2018,7/09/2018,27/09/2018,CBH,201,7,20,27,TOWNSVILLE,MUNDINGBURRA
4510,1,1 BR APARTMENT,23/05/2018,5/06/2018,18/09/2018,CBH,103,13,105,118,MORETON BAY,MORAYFIELD
4211,1,1 BR APARTMENT,14/08/2018,18/09/2018,26/09/2018,CAH,204,35,8,43,GOLD COAST,GAVEN
4211,1,1 BR APARTMENT,18/09/2018,18/09/2018,25/09/2018,CAH,204,0,7,7,GOLD COAST,GAVEN
4161,2,2 BR APARTMENT,28/08/2018,20/09/2018,20/09/2018,CLH,106,23,0,23,REDLAND,CAPALABA
4805,1,1 BR APARTMENT,23/08/2018,6/09/2018,12/09/2018,CLH,203,14,6,20,WHITSUNDAY,BURDEKIN
4105,2,2 BR APARTMENT,6/09/2018,6/09/2018,6/09/2018,CAH,107,0,0,0,BRISBANE,MILLER
4020,1,1 BR APARTMENT,17/07/2018,31/07/2018,7/09/2018,CSO,110,14,38,52,MORETON BAY,REDCLIFFE
4020,1,1 BR APARTMENT,15/08/2018,29/08/2018,17/09/2018,CBH,110,14,19,33,MORETON BAY,REDCLIFFE
4104,1,1 BR APARTMENT,21/09/2018,21/09/2018,24/09/2018,CLH,107,0,3,3,BRISBANE,MILLER
4104,1,1 BR APARTMENT,18/09/2018,18/09/2018,19/09/2018,CLH,107,0,1,1,BRISBANE,MILLER
4868,1,1 BR APARTMENT,27/08/2018,28/08/2018,4/09/2018,CSO,202,1,7,8,CAIRNS,MULGRAVE
4868,1,1 BR APARTMENT,4/09/2018,4/09/2018,14/09/2018,CSO,202,0,10,10,CAIRNS,MULGRAVE
4215,2,2 BR APARTMENT,29/08/2018,6/09/2018,7/09/2018,CBH,204,8,1,9,GOLD COAST,SOUTHPORT
4556,2,2 BR APARTMENT,27/06/2018,12/09/2018,13/09/2018,STC,205,77,1,78,SUNSHINE COAST,BUDERIM
4012,1,1 BR APARTMENT,25/06/2018,26/06/2018,21/09/2018,CLH,105,1,87,88,BRISBANE,NUDGEE
4870,3,3 BR ATTACHED HOUSING,15/06/2018,15/06/2018,20/09/2018,CLH,202,0,97,97,CAIRNS,CAIRNS
4812,1,1 BR APARTMENT,16/08/2018,28/08/2018,7/09/2018,CBH,201,12,10,22,TOWNSVILLE,TOWNSVILLE
4812,1,1 BR APARTMENT,28/08/2018,6/09/2018,6/09/2018,CBH,201,9,0,9,TOWNSVILLE,TOWNSVILLE
4215,1,1 BR APARTMENT,7/09/2018,12/09/2018,13/09/2018,CLH,204,5,1,6,GOLD COAST,BONNEY
4305,2,2 BR APARTMENT,17/08/2018,3/09/2018,20/09/2018,CLH,102,17,17,34,IPSWICH,IPSWICH WEST
4810,2,2 BR APARTMENT,14/08/2018,20/08/2018,14/09/2018,CLH,201,6,25,31,TOWNSVILLE,TOWNSVILLE
4810,2,2 BR APARTMENT,17/08/2018,31/08/2018,18/09/2018,CLH,201,14,18,32,TOWNSVILLE,TOWNSVILLE
4102,1,1 BR APARTMENT,7/09/2018,11/09/2018,21/09/2018,CLH,107,4,10,14,BRISBANE,SOUTH BRISBANE
4655,1,1 BR APARTMENT,7/09/2018,26/09/2018,28/09/2018,CLH,213,19,2,21,FRASER COAST,HERVEY BAY
4650,2,2 BR APARTMENT,10/09/2018,18/09/2018,19/09/2018,CLH,213,8,1,9,FRASER COAST,MARYBOROUGH
4519,2,2 BR APARTMENT,18/04/2018,20/06/2018,25/09/2018,CLH,205,63,97,160,SUNSHINE COAST,CALOUNDRA
4810,1,1 BR APARTMENT,24/09/2018,28/09/2018,28/09/2018,CLH,201,4,0,4,TOWNSVILLE,TOWNSVILLE
4165,2,2 BR APARTMENT,5/09/2018,6/09/2018,6/09/2018,CLH,106,1,0,1,REDLAND,REDLANDS
4701,2,2 BR APARTMENT,9/08/2018,22/08/2018,25/09/2018,CLH,206,13,34,47,ROCKHAMPTON,ROCKHAMPTON
4812,2,2 BR APARTMENT,17/08/2018,29/08/2018,10/09/2018,CLH,201,12,12,24,TOWNSVILLE,TOWNSVILLE
4012,1,1 BR APARTMENT,25/06/2018,26/06/2018,21/09/2018,CLH,105,1,87,88,BRISBANE,NUDGEE
4012,1,1 BR APARTMENT,21/09/2018,24/09/2018,24/09/2018,CLH,105,3,0,3,BRISBANE,NUDGEE
4012,1,1 BR APARTMENT,4/09/2018,4/09/2018,17/09/2018,CLH,105,0,13,13,BRISBANE,NUDGEE
4101,1,1 BR APARTMENT,31/08/2018,24/09/2018,24/09/2018,CSO,108,24,0,24,BRISBANE,SOUTH BRISBANE
4573,1,1 BR APARTMENT,7/08/2018,7/08/2018,12/09/2018,CLH,205,0,36,36,SUNSHINE COAST,MAROOCHYDORE
4870,1,1 BR APARTMENT,28/08/2018,30/08/2018,18/09/2018,CLH,202,2,19,21,CAIRNS,CAIRNS
4810,1,1 BR APARTMENT,6/09/2018,26/09/2018,26/09/2018,CLH,201,20,0,20,TOWNSVILLE,TOWNSVILLE
4510,1,1 BR APARTMENT,6/09/2018,6/09/2018,12/09/2018,CLH,103,0,6,6,MORETON BAY,MORAYFIELD
4032,2,2 BR APARTMENT,26/06/2018,7/09/2018,25/09/2018,CRH,105,73,18,91,BRISBANE,STAFFORD
4059,1,1 BR APARTMENT,14/08/2018,5/09/2018,5/09/2018,CRH,108,22,0,22,BRISBANE,MCCONNEL
4051,2,2 BR APARTMENT,11/09/2018,21/09/2018,21/09/2018,CRH,108,10,0,10,BRISBANE,STAFFORD
4883,2,2 BR DUPLEX,23/08/2018,27/08/2018,6/09/2018,CRH,202,4,10,14,TABLELANDS,HILL
4655,3,3 BR DETACHED HOUSE,16/08/2018,19/09/2018,19/09/2018,CRH,213,34,0,34,FRASER COAST,HERVEY BAY
4670,2,2 BR ATTACHED HOUSING,28/08/2018,31/08/2018,6/09/2018,CRH,208,3,6,9,BUNDABERG,BUNDABERG
4178,2,2 BR ATTACHED HOUSING,21/08/2018,7/09/2018,7/09/2018,CRS,109,17,0,17,BRISBANE,LYTTON
4109,3,3 BR DETACHED HOUSE,8/08/2018,13/08/2018,4/09/2018,CRH,107,5,22,27,BRISBANE,TOOHEY
4030,1,1 BR APARTMENT,27/08/2018,11/09/2018,11/09/2018,CRH,108,15,0,15,BRISBANE,CLAYFIELD
4873,3,3 BR DETACHED HOUSE,14/08/2018,14/08/2018,6/09/2018,CRH,202,0,23,23,DOUGLAS,COOK
4870,3,3 BR DETACHED HOUSE,11/09/2018,11/09/2018,27/09/2018,CRH,202,0,16,16,CAIRNS,CAIRNS
4810,2,2 BR APARTMENT,28/08/2018,5/09/2018,5/09/2018,CLH,201,8,0,8,TOWNSVILLE,TOWNSVILLE
4560,3,3 BR DETACHED HOUSE,18/04/2018,26/09/2018,26/09/2018,CRH,205,161,0,161,SUNSHINE COAST,NICKLIN
4870,1,1 BR APARTMENT,4/07/2018,4/07/2018,10/09/2018,CBH,202,0,68,68,CAIRNS,CAIRNS
4133,2,2 BR APARTMENT,27/09/2018,27/09/2018,27/09/2018,CAO,101,0,0,0,LOGAN,WATERFORD
4815,4,4 BR DETACHED HOUSE,10/08/2018,14/08/2018,14/09/2018,CLH,201,4,31,35,TOWNSVILLE,THURINGOWA
4350,1,1 BR APARTMENT,11/08/2011,24/08/2011,10/09/2018,CLH,207,13,2574,2587,TOOWOOMBA,TOOWOOMBA NORTH
4006,1,1 BR APARTMENT,13/09/2018,13/09/2018,13/09/2018,CAH,108,0,0,0,BRISBANE,MCCONNEL
4006,1,1 BR APARTMENT,13/09/2018,13/09/2018,13/09/2018,CAH,108,0,0,0,BRISBANE,MCCONNEL
4810,2,2 BR APARTMENT,13/09/2018,21/09/2018,28/09/2018,CLH,201,8,7,15,TOWNSVILLE,TOWNSVILLE
4304,2,2 BR DUPLEX,9/07/2018,30/07/2018,3/09/2018,CLH,102,21,35,56,IPSWICH,IPSWICH
4022,3,3 BR CLUSTER HOUSING,6/07/2018,31/07/2018,6/09/2018,CLH,110,25,37,62,MORETON BAY,BANCROFT
4006,1,1 BR APARTMENT,13/09/2018,13/09/2018,13/09/2018,CAH,108,0,0,0,BRISBANE,MCCONNEL
4209,2,2 BR APARTMENT,30/08/2018,12/09/2018,13/09/2018,CAH,204,13,1,14,GOLD COAST,COOMERA
4032,3,3 BR DETACHED HOUSE,13/08/2018,14/08/2018,18/09/2018,CRH,105,1,35,36,BRISBANE,STAFFORD
4163,3,3 BR APARTMENT,24/09/2018,27/09/2018,27/09/2018,CAH,106,3,0,3,REDLAND,OODGEROO
4169,1,1 BR APARTMENT,13/09/2018,13/09/2018,13/09/2018,CAH,108,0,0,0,BRISBANE,SOUTH BRISBANE
4881,1,1 BR CLUSTER HOUSING,14/08/2018,14/08/2018,24/09/2018,CLT,202,0,41,41,MAREEBA,BARRON RIVER
4006,1,1 BR APARTMENT,13/09/2018,13/09/2018,13/09/2018,CAH,108,0,0,0,BRISBANE,BRISBANE CENTRAL
4700,1,1 BR APARTMENT,10/09/2018,26/09/2018,26/09/2018,CLT,206,16,0,16,ROCKHAMPTON,ROCKHAMPTON
4507,1,1 BR SENIOR UNIT,30/08/2018,10/09/2018,12/09/2018,CLT,103,11,2,13,MORETON BAY,PUMICESTONE
4800,2,2 BR APARTMENT,1/08/2018,9/08/2018,3/09/2018,CRH,203,8,25,33,WHITSUNDAY,WHITSUNDAY
4032,4,4 BR DETACHED HOUSE,11/09/2018,11/09/2018,25/09/2018,CRH,105,0,14,14,BRISBANE,STAFFORD
4032,4,4 BR DETACHED HOUSE,25/09/2018,26/09/2018,26/09/2018,CRH,105,1,0,1,BRISBANE,STAFFORD
4304,2,2 BR DETACHED HOUSE,17/08/2018,3/09/2018,17/09/2018,CRH,102,17,14,31,IPSWICH,IPSWICH
4169,2,2 BR APARTMENT,20/07/2018,13/09/2018,13/09/2018,CRH,108,55,0,55,BRISBANE,SOUTH BRISBANE
4670,2,2 BR DUPLEX,31/08/2018,6/09/2018,17/09/2018,CRH,208,6,11,17,BUNDABERG,BUNDABERG
4860,3,3 BR DETACHED HOUSE,5/04/2018,6/04/2018,14/09/2018,CRH,202,1,161,162,CASSOWARY COAST,HILL
4655,4,4 BR DETACHED HOUSE,3/09/2018,11/09/2018,12/09/2018,CRH,213,8,1,9,FRASER COAST,HERVEY BAY
4556,3,3 BR DETACHED HOUSE,22/08/2018,12/09/2018,12/09/2018,CRH,205,21,0,21,SUNSHINE COAST,BUDERIM
4565,3,3 BR DETACHED HOUSE,10/08/2018,10/08/2018,7/09/2018,CRH,205,0,28,28,NOOSA,NOOSA
4558,4,4 BR DETACHED HOUSE,23/08/2018,23/08/2018,26/09/2018,CRH,205,0,34,34,SUNSHINE COAST,MAROOCHYDORE
4215,2,2 BR APARTMENT,28/08/2018,29/08/2018,6/09/2018,CRH,204,1,8,9,GOLD COAST,BONNEY
4556,4,4 BR DETACHED HOUSE,11/06/2018,26/09/2018,26/09/2018,CRH,205,107,0,107,SUNSHINE COAST,BUDERIM
4700,2,2 BR APARTMENT,9/08/2018,4/09/2018,5/09/2018,CRH,206,26,1,27,ROCKHAMPTON,ROCKHAMPTON
4701,1,1 BR APARTMENT,22/08/2018,24/08/2018,3/09/2018,CRH,206,2,10,12,ROCKHAMPTON,ROCKHAMPTON
4031,1,1 BR APARTMENT,4/09/2018,4/09/2018,17/09/2018,CRH,105,0,13,13,BRISBANE,STAFFORD
4868,2,2 BR APARTMENT,13/09/2018,18/09/2018,19/09/2018,CRH,202,5,1,6,CAIRNS,MULGRAVE
4161,3,3 BR DETACHED HOUSE,10/08/2018,10/09/2018,10/09/2018,CRH,106,31,0,31,REDLAND,CAPALABA
4506,4,4 BR DETACHED HOUSE,11/07/2018,24/07/2018,4/09/2018,CRH,103,13,42,55,MORETON BAY,MORAYFIELD
4215,2,2 BR APARTMENT,14/08/2018,30/08/2018,6/09/2018,CRH,204,16,7,23,GOLD COAST,SOUTHPORT
4701,1,1 BR APARTMENT,31/08/2018,12/09/2018,20/09/2018,CRH,206,12,8,20,ROCKHAMPTON,ROCKHAMPTON
4031,1,1 BR APARTMENT,12/09/2018,12/09/2018,12/09/2018,CRH,105,0,0,0,BRISBANE,CLAYFIELD
4105,2,2 BR APARTMENT,29/08/2018,30/08/2018,12/09/2018,CRH,107,1,13,14,BRISBANE,TOOHEY
4305,3,3 BR DETACHED HOUSE,30/07/2018,3/09/2018,5/09/2018,CRH,102,35,2,37,IPSWICH,IPSWICH WEST
4012,1,1 BR APARTMENT,10/09/2018,10/09/2018,11/09/2018,CRH,105,0,1,1,BRISBANE,NUDGEE
4122,2,2 BR APARTMENT,30/08/2018,31/08/2018,21/09/2018,CRH,107,1,21,22,BRISBANE,GREENSLOPES
4105,2,2 BR APARTMENT,14/08/2018,16/08/2018,4/09/2018,CRH,107,2,19,21,BRISBANE,TOOHEY
4105,2,2 BR APARTMENT,29/08/2018,30/08/2018,4/09/2018,CRH,107,1,5,6,BRISBANE,TOOHEY
4650,3,3 BR DETACHED HOUSE,29/08/2018,13/09/2018,13/09/2018,CRH,213,15,0,15,FRASER COAST,MARYBOROUGH
4558,1,1 BR APARTMENT,7/08/2018,7/09/2018,7/09/2018,CRH,205,31,0,31,SUNSHINE COAST,SURFERS PARADISE
4810,1,1 BR APARTMENT,24/09/2018,28/09/2018,28/09/2018,CRH,201,4,0,4,TOWNSVILLE,TOWNSVILLE
4215,2,2 BR APARTMENT,29/08/2018,6/09/2018,13/09/2018,CRH,204,8,7,15,GOLD COAST,BONNEY
4208,3,3 BR APARTMENT,29/08/2018,7/09/2018,21/09/2018,CRH,204,9,14,23,GOLD COAST,COOMERA
4650,2,2 BR DUPLEX,29/08/2018,19/09/2018,19/09/2018,CLT,213,21,0,21,FRASER COAST,MARYBOROUGH
4701,2,2 BR DUPLEX,8/08/2018,4/09/2018,6/09/2018,CRH,206,27,2,29,ROCKHAMPTON,KEPPEL
4551,4,4 BR DETACHED HOUSE,6/09/2018,6/09/2018,7/09/2018,CRH,205,0,1,1,SUNSHINE COAST,KAWANA
4860,3,3 BR DETACHED HOUSE,28/08/2018,29/08/2018,14/09/2018,CRH,202,1,16,17,CASSOWARY COAST,HILL
4810,1,1 BR APARTMENT,29/08/2018,29/08/2018,13/09/2018,CRH,201,0,15,15,TOWNSVILLE,TOWNSVILLE
4810,1,1 BR APARTMENT,24/08/2018,30/08/2018,5/09/2018,CRH,201,6,6,12,TOWNSVILLE,TOWNSVILLE
4550,3,3 BR DETACHED HOUSE,12/09/2018,12/09/2018,12/09/2018,CRH,205,0,0,0,SUNSHINE COAST,CALOUNDRA
4053,2,2 BR APARTMENT,16/08/2018,17/09/2018,17/09/2018,CRH,105,32,0,32,BRISBANE,STAFFORD
4868,3,3 BR DETACHED HOUSE,16/08/2018,20/08/2018,18/09/2018,CRH,202,4,29,33,CAIRNS,MULGRAVE
4870,3,3 BR DETACHED HOUSE,16/08/2018,20/08/2018,11/09/2018,CRH,202,4,22,26,CAIRNS,CAIRNS
4034,2,2 BR APARTMENT,17/08/2018,17/09/2018,17/09/2018,CRH,105,31,0,31,BRISBANE,NUDGEE
4868,3,3 BR DETACHED HOUSE,20/08/2018,20/08/2018,11/09/2018,CRH,202,0,22,22,CAIRNS,MULGRAVE
4031,1,1 BR APARTMENT,3/09/2018,18/09/2018,18/09/2018,CRH,105,15,0,15,BRISBANE,STAFFORD
4814,3,3 BR DETACHED HOUSE,26/09/2018,26/09/2018,27/09/2018,CRH,201,0,1,1,TOWNSVILLE,MUNDINGBURRA
4812,1,1 BR APARTMENT,26/09/2018,27/09/2018,27/09/2018,CRH,201,1,0,1,TOWNSVILLE,TOWNSVILLE
4810,1,1 BR APARTMENT,26/09/2018,27/09/2018,27/09/2018,CRH,201,1,0,1,TOWNSVILLE,TOWNSVILLE
4005,1,1 BR APARTMENT,18/09/2018,8/10/2018,8/10/2018,CBH,108,20,0,20,BRISBANE,MCCONNEL
4169,1,1 BR APARTMENT,11/09/2018,2/10/2018,2/10/2018,CBH,108,21,0,21,BRISBANE,SOUTH BRISBANE
4034,2,2 BR APARTMENT,16/07/2018,2/08/2018,5/10/2018,STC,105,17,64,81,BRISBANE,NUDGEE
4006,1,1 BR APARTMENT,11/09/2018,2/10/2018,2/10/2018,CBH,108,21,0,21,BRISBANE,MCCONNEL
4006,1,1 BR APARTMENT,12/09/2018,16/10/2018,16/10/2018,CBH,108,34,0,34,BRISBANE,MCCONNEL
4000,1,1 BR APARTMENT,21/08/2018,19/10/2018,19/10/2018,CBH,108,59,0,59,BRISBANE,MCCONNEL
4870,4,4 BR DETACHED HOUSE,29/10/2018,29/10/2018,29/10/2018,STC,202,0,0,0,CAIRNS,CAIRNS
4870,1,1 BR APARTMENT,29/10/2018,30/10/2018,31/10/2018,STC,202,1,1,2,CAIRNS,CAIRNS
4870,3,3 BR DETACHED HOUSE,25/10/2018,29/10/2018,29/10/2018,STC,202,4,0,4,CAIRNS,CAIRNS
4870,3,3 BR DETACHED HOUSE,9/10/2018,9/10/2018,9/10/2018,STC,202,0,0,0,CAIRNS,CAIRNS
4870,3,3 BR DETACHED HOUSE,10/10/2018,10/10/2018,10/10/2018,STC,202,0,0,0,CAIRNS,CAIRNS
4870,3,3 BR DETACHED HOUSE,29/10/2018,29/10/2018,29/10/2018,STC,202,0,0,0,CAIRNS,CAIRNS
4879,3,3 BR DETACHED HOUSE,12/10/2018,12/10/2018,12/10/2018,STC,202,0,0,0,CAIRNS,BARRON RIVER
4870,2,2 BR APARTMENT,19/03/2018,20/03/2018,11/10/2018,CLH,202,1,205,206,CAIRNS,CAIRNS
4850,3,3 BR DETACHED HOUSE,17/09/2018,17/09/2018,10/10/2018,CLH,201,0,23,23,HINCHINBROOK,HINCHINBROOK
4880,2,2 BR DUPLEX,9/08/2018,24/09/2018,9/10/2018,CLH,202,46,15,61,MAREEBA,COOK
4880,3,3 BR DETACHED HOUSE,5/10/2018,9/10/2018,19/10/2018,CLT,202,4,10,14,MAREEBA,COOK
4650,3,3 BR DETACHED HOUSE,24/09/2018,2/10/2018,10/10/2018,CLT,213,8,8,16,FRASER COAST,MARYBOROUGH
4220,2,2 BR APARTMENT,24/10/2018,24/10/2018,30/10/2018,CBH,204,0,6,6,GOLD COAST,MERMAID BEACH
4020,1,1 BR APARTMENT,14/09/2018,25/09/2018,2/10/2018,STC,110,11,7,18,MORETON BAY,REDCLIFFE
4880,1,1 BR SENIOR UNIT,13/08/2018,13/08/2018,10/10/2018,CLT,202,0,58,58,MAREEBA,COOK
4872,1,1 BR SENIOR UNIT,20/08/2018,21/08/2018,29/10/2018,CLT,202,1,69,70,MAREEBA,HILL
4722,1,1 BR SENIOR UNIT,1/11/2017,14/12/2017,23/10/2018,CLT,211,43,313,356,CENTRAL HIGHLANDS,GREGORY
4655,1,1 BR APARTMENT,25/09/2018,4/10/2018,5/10/2018,CLT,213,9,1,10,FRASER COAST,HERVEY BAY
4151,2,2 BR APARTMENT,23/08/2018,24/08/2018,11/10/2018,CLH,107,1,48,49,BRISBANE,GREENSLOPES
4850,3,3 BR CLUSTER HOUSING,14/09/2018,24/09/2018,10/10/2018,CLT,201,10,16,26,HINCHINBROOK,HINCHINBROOK
4740,1,1 BR SENIOR UNIT,2/10/2018,11/10/2018,25/10/2018,CLT,203,9,14,23,MACKAY,MACKAY
4740,1,1 BR SENIOR UNIT,12/10/2018,25/10/2018,26/10/2018,CLT,203,13,1,14,MACKAY,MACKAY
4670,1,1 BR SENIOR UNIT,12/09/2018,18/09/2018,2/10/2018,CLT,208,6,14,20,BUNDABERG,BUNDABERG
4670,1,1 BR SENIOR UNIT,8/10/2018,11/10/2018,11/10/2018,CLT,208,3,0,3,BUNDABERG,BUNDABERG
4670,1,1 BR SENIOR UNIT,4/09/2018,11/09/2018,5/10/2018,CLT,208,7,24,31,BUNDABERG,BUNDABERG
4744,3,3 BR APARTMENT,1/11/2017,14/12/2017,24/10/2018,CLT,203,43,314,357,ISAAC,BURDEKIN
4829,3,3 BR DETACHED HOUSE,11/09/2018,23/10/2018,23/10/2018,CLT,211,42,0,42,DIAMANTINA,GREGORY
4560,1,1 BR APARTMENT,21/09/2018,21/09/2018,5/10/2018,CLT,205,0,14,14,SUNSHINE COAST,NICKLIN
4560,2,2 BR APARTMENT,12/09/2018,12/09/2018,3/10/2018,CLT,205,0,21,21,SUNSHINE COAST,NICKLIN
4659,1,1 BR SENIOR UNIT,2/10/2018,10/10/2018,10/10/2018,CLT,213,8,0,8,FRASER COAST,MARYBOROUGH
4850,2,2 BR SENIOR UNIT,23/08/2018,6/09/2018,10/10/2018,CLT,201,14,34,48,HINCHINBROOK,HINCHINBROOK
4064,1,1 BR APARTMENT,19/10/2018,19/10/2018,19/10/2018,CAH,108,0,0,0,BRISBANE,COOPER
4670,1,1 BR APARTMENT,26/09/2018,26/09/2018,15/10/2018,CBH,208,0,19,19,BUNDABERG,BUNDABERG
4005,1,1 BR APARTMENT,15/10/2018,30/10/2018,30/10/2018,CBH,108,15,0,15,BRISBANE,MCCONNEL
4720,2,2 BR SENIOR UNIT,25/10/2018,25/10/2018,25/10/2018,CLT,211,0,0,0,CENTRAL HIGHLANDS,GREGORY
4655,1,1 BR APARTMENT,18/09/2018,11/10/2018,11/10/2018,CBH,213,23,0,23,FRASER COAST,HERVEY BAY
4655,1,1 BR APARTMENT,18/09/2018,2/10/2018,3/10/2018,CBH,213,14,1,15,FRASER COAST,HERVEY BAY
4700,1,1 BR APARTMENT,20/09/2018,28/09/2018,19/10/2018,CBH,206,8,21,29,ROCKHAMPTON,ROCKHAMPTON
4700,1,1 BR APARTMENT,20/09/2018,28/09/2018,25/10/2018,CBH,206,8,27,35,ROCKHAMPTON,ROCKHAMPTON
4700,1,1 BR APARTMENT,20/09/2018,21/09/2018,5/10/2018,CBH,206,1,14,15,ROCKHAMPTON,ROCKHAMPTON
4700,1,1 BR APARTMENT,20/09/2018,26/09/2018,23/10/2018,CBH,206,6,27,33,ROCKHAMPTON,ROCKHAMPTON
4701,4,4 BR APARTMENT,10/10/2018,11/10/2018,23/10/2018,CRS,206,1,12,13,ROCKHAMPTON,ROCKHAMPTON
4700,1,1 BR APARTMENT,2/10/2018,18/10/2018,24/10/2018,CLH,206,16,6,22,ROCKHAMPTON,ROCKHAMPTON
4017,1,1 BR APARTMENT,25/10/2018,25/10/2018,26/10/2018,CBH,105,0,1,1,BRISBANE,SANDGATE
4053,3,3 BR DETACHED HOUSE,25/09/2018,3/10/2018,3/10/2018,CRS,105,8,0,8,BRISBANE,STAFFORD
4680,3,3 BR DETACHED HOUSE,26/09/2018,25/10/2018,25/10/2018,CRS,212,29,0,29,GLADSTONE,GLADSTONE
4680,3,3 BR DETACHED HOUSE,4/09/2018,23/10/2018,24/10/2018,CRS,212,49,1,50,GLADSTONE,GLADSTONE
4655,1,1 BR APARTMENT,12/09/2018,25/09/2018,3/10/2018,CLT,213,13,8,21,FRASER COAST,HERVEY BAY
4655,1,1 BR APARTMENT,10/10/2018,29/10/2018,29/10/2018,CLT,213,19,0,19,FRASER COAST,HERVEY BAY
4012,2,2 BR APARTMENT,10/10/2018,22/10/2018,22/10/2018,CRS,105,12,0,12,BRISBANE,NUDGEE
4680,1,1 BR APARTMENT,6/09/2018,10/09/2018,15/10/2018,CBH,212,4,35,39,GLADSTONE,GLADSTONE
4850,2,2 BR DUAL OCCUPANCY,23/08/2018,6/09/2018,3/10/2018,CLT,201,14,27,41,HINCHINBROOK,HINCHINBROOK
4215,1,1 BR APARTMENT,26/09/2018,22/10/2018,22/10/2018,CBH,204,26,0,26,GOLD COAST,BONNEY
4720,3,3 BR DUPLEX,17/09/2018,25/09/2018,23/10/2018,CLT,211,8,28,36,CENTRAL HIGHLANDS,GREGORY
4000,1,1 BR APARTMENT,19/10/2018,19/10/2018,19/10/2018,CBH,108,0,0,0,BRISBANE,BRISBANE CENTRAL
4703,1,1 BR APARTMENT,25/09/2018,3/10/2018,23/10/2018,CBH,206,8,20,28,LIVINGSTONE,KEPPEL
4610,3,3 BR DETACHED HOUSE,14/09/2018,16/10/2018,16/10/2018,CRS,213,32,0,32,SOUTH BURNETT,NANANGO
4558,1,1 BR APARTMENT,18/09/2018,28/09/2018,3/10/2018,CBH,205,10,5,15,SUNSHINE COAST,MAROOCHYDORE
4220,1,1 BR APARTMENT,2/10/2018,16/10/2018,29/10/2018,CBH,204,14,13,27,GOLD COAST,BURLEIGH
4740,1,1 BR APARTMENT,5/10/2018,8/10/2018,22/10/2018,CBH,203,3,14,17,MACKAY,MACKAY
4007,1,1 BR APARTMENT,17/09/2018,3/10/2018,24/10/2018,CBH,108,16,21,37,BRISBANE,CLAYFIELD
4006,1,1 BR APARTMENT,20/09/2018,8/10/2018,8/10/2018,CBH,108,18,0,18,BRISBANE,MCCONNEL
4006,1,1 BR APARTMENT,27/08/2018,15/10/2018,15/10/2018,CBH,108,49,0,49,BRISBANE,MCCONNEL
4812,1,1 BR APARTMENT,31/08/2018,14/09/2018,22/10/2018,CSO,201,14,38,52,TOWNSVILLE,MUNDINGBURRA
4812,1,1 BR APARTMENT,31/08/2018,14/09/2018,4/10/2018,CSO,201,14,20,34,TOWNSVILLE,MUNDINGBURRA
4740,2,2 BR APARTMENT,2/10/2018,9/10/2018,15/10/2018,CLH,203,7,6,13,MACKAY,MACKAY
4670,1,1 BR APARTMENT,8/10/2018,12/10/2018,17/10/2018,CBH,208,4,5,9,BUNDABERG,BUNDABERG
4814,1,1 BR APARTMENT,2/10/2018,5/10/2018,19/10/2018,CBH,201,3,14,17,TOWNSVILLE,MUNDINGBURRA
4510,1,1 BR APARTMENT,20/09/2018,20/09/2018,8/10/2018,CBH,103,0,18,18,MORETON BAY,MORAYFIELD
4510,1,1 BR APARTMENT,20/09/2018,4/10/2018,16/10/2018,CBH,103,14,12,26,MORETON BAY,MORAYFIELD
4285,2,2 BR APARTMENT,20/09/2018,3/10/2018,8/10/2018,CAO,102,13,5,18,SCENIC RIM,SCENIC RIM
4000,1,1 BR APARTMENT,28/09/2018,28/09/2018,3/10/2018,CBG,108,0,5,5,BRISBANE,MCCONNEL
4000,1,1 BR APARTMENT,28/09/2018,28/09/2018,3/10/2018,CBG,108,0,5,5,BRISBANE,MCCONNEL
4000,1,1 BR APARTMENT,28/09/2018,28/09/2018,3/10/2018,CBG,108,0,5,5,BRISBANE,MCCONNEL
4000,1,1 BR APARTMENT,20/09/2018,21/09/2018,29/10/2018,CBG,108,1,38,39,BRISBANE,MCCONNEL
4814,1,1 BR APARTMENT,12/10/2018,18/10/2018,31/10/2018,CLH,201,6,13,19,TOWNSVILLE,MUNDINGBURRA
4211,1,1 BR APARTMENT,18/09/2018,18/09/2018,12/10/2018,CAH,204,0,24,24,GOLD COAST,GAVEN
4805,1,1 BR APARTMENT,19/10/2018,22/10/2018,23/10/2018,CLH,203,3,1,4,WHITSUNDAY,BURDEKIN
4105,2,2 BR APARTMENT,25/10/2018,25/10/2018,26/10/2018,CAH,107,0,1,1,BRISBANE,MILLER
4105,1,1 BR APARTMENT,19/10/2018,19/10/2018,22/10/2018,CAH,107,0,3,3,BRISBANE,MILLER
4006,1,1 BR APARTMENT,26/10/2018,26/10/2018,26/10/2018,CAH,108,0,0,0,BRISBANE,MCCONNEL
4006,1,1 BR APARTMENT,4/10/2018,4/10/2018,4/10/2018,CAH,108,0,0,0,BRISBANE,MCCONNEL
4006,1,1 BR APARTMENT,16/10/2018,17/10/2018,17/10/2018,CAH,108,1,0,1,BRISBANE,MCCONNEL
4006,1,1 BR APARTMENT,16/10/2018,17/10/2018,17/10/2018,CAH,108,1,0,1,BRISBANE,MCCONNEL
4006,1,1 BR APARTMENT,16/10/2018,17/10/2018,17/10/2018,CAH,108,1,0,1,BRISBANE,MCCONNEL
4006,1,1 BR APARTMENT,19/10/2018,19/10/2018,19/10/2018,CAH,108,0,0,0,BRISBANE,MCCONNEL
4059,2,2 BR APARTMENT,19/10/2018,19/10/2018,19/10/2018,CAH,108,0,0,0,BRISBANE,MCCONNEL
4059,1,1 BR APARTMENT,19/10/2018,19/10/2018,19/10/2018,CAH,108,0,0,0,BRISBANE,MCCONNEL
4020,1,1 BR APARTMENT,7/09/2018,14/09/2018,10/10/2018,CSO,110,7,26,33,MORETON BAY,REDCLIFFE
4020,1,1 BR APARTMENT,21/08/2018,31/08/2018,4/10/2018,CSO,110,10,34,44,MORETON BAY,REDCLIFFE
4020,1,1 BR APARTMENT,7/09/2018,14/09/2018,10/10/2018,CSO,110,7,26,33,MORETON BAY,REDCLIFFE
4006,2,2 BR APARTMENT,26/10/2018,26/10/2018,26/10/2018,CAH,108,0,0,0,BRISBANE,MCCONNEL
4178,1,1 BR APARTMENT,28/08/2018,3/10/2018,3/10/2018,CLH,109,36,0,36,BRISBANE,LYTTON
4104,2,2 BR APARTMENT,5/10/2018,8/10/2018,16/10/2018,CLH,107,3,8,11,BRISBANE,MILLER
4670,4,4 BR DETACHED HOUSE,15/10/2018,23/10/2018,26/10/2018,CRS,208,8,3,11,BUNDABERG,BUNDABERG
4802,2,2 BR APARTMENT,5/10/2018,12/10/2018,16/10/2018,CAH,203,7,4,11,WHITSUNDAY,WHITSUNDAY
4802,2,2 BR APARTMENT,17/09/2018,20/09/2018,5/10/2018,CAH,203,3,15,18,WHITSUNDAY,WHITSUNDAY
4802,1,1 BR APARTMENT,3/09/2018,17/09/2018,2/10/2018,CAH,203,14,15,29,WHITSUNDAY,WHITSUNDAY
4105,1,1 BR APARTMENT,8/10/2018,9/10/2018,18/10/2018,CBH,107,1,9,10,BRISBANE,TOOHEY
4105,1,1 BR APARTMENT,28/09/2018,4/10/2018,10/10/2018,CBH,107,6,6,12,BRISBANE,TOOHEY
4051,2,2 BR APARTMENT,18/09/2018,19/10/2018,19/10/2018,CLH,108,31,0,31,BRISBANE,FERNY GROVE
4870,2,2 BR ATTACHED HOUSING,13/07/2018,13/07/2018,11/10/2018,CLH,202,0,90,90,CAIRNS,CAIRNS
4030,1,1 BR APARTMENT,16/10/2018,17/10/2018,17/10/2018,CAH,108,1,0,1,BRISBANE,CLAYFIELD
4455,2,2 BR DUPLEX,1/11/2017,14/12/2017,12/10/2018,CLT,207,43,302,345,MARANOA,WARREGO
4659,1,1 BR SENIOR UNIT,2/07/2018,10/10/2018,10/10/2018,CLN,213,100,0,100,FRASER COAST,MARYBOROUGH
4170,1,1 BR APARTMENT,18/09/2018,25/09/2018,11/10/2018,CLH,109,7,16,23,BRISBANE,BULIMBA
4701,1,1 BR APARTMENT,20/09/2018,20/09/2018,4/10/2018,CLH,206,0,14,14,ROCKHAMPTON,ROCKHAMPTON
4010,1,1 BR APARTMENT,18/10/2018,24/10/2018,24/10/2018,CLH,108,6,0,6,BRISBANE,CLAYFIELD
4701,1,1 BR APARTMENT,26/09/2018,4/10/2018,12/10/2018,CLH,206,8,8,16,ROCKHAMPTON,ROCKHAMPTON
4102,1,1 BR APARTMENT,5/10/2018,8/10/2018,16/10/2018,CLH,107,3,8,11,BRISBANE,SOUTH BRISBANE
4102,1,1 BR APARTMENT,14/09/2018,17/09/2018,3/10/2018,CLH,107,3,16,19,BRISBANE,SOUTH BRISBANE
4550,2,2 BR APARTMENT,27/09/2018,8/10/2018,19/10/2018,CRS,205,11,11,22,SUNSHINE COAST,CALOUNDRA
4350,2,2 BR APARTMENT,23/02/2017,10/03/2017,17/10/2018,CLH,207,15,586,601,TOOWOOMBA,TOOWOOMBA NORTH
4869,1,1 BR APARTMENT,11/10/2018,11/10/2018,12/10/2018,CLH,202,0,1,1,CAIRNS,MULGRAVE
4300,2,2 BR APARTMENT,10/09/2018,3/10/2018,22/10/2018,CLH,102,23,19,42,IPSWICH,BUNDAMBA
4503,2,2 BR ATTACHED HOUSING,1/08/2018,21/08/2018,5/10/2018,CLH,103,20,45,65,MORETON BAY,MURRUMBA
4655,1,1 BR APARTMENT,9/10/2018,16/10/2018,16/10/2018,CLH,213,7,0,7,FRASER COAST,HERVEY BAY
4869,2,2 BR APARTMENT,18/09/2018,19/09/2018,11/10/2018,CLH,202,1,22,23,CAIRNS,MULGRAVE
4655,2,2 BR APARTMENT,9/10/2018,19/10/2018,19/10/2018,CLH,213,10,0,10,FRASER COAST,HERVEY BAY
4573,1,1 BR APARTMENT,26/09/2018,26/09/2018,3/10/2018,CRS,205,0,7,7,SUNSHINE COAST,MAROOCHYDORE
4215,2,2 BR APARTMENT,20/09/2018,24/10/2018,26/10/2018,CLH,204,34,2,36,GOLD COAST,BONNEY
4807,1,1 BR APARTMENT,2/10/2018,3/10/2018,11/10/2018,CLH,201,1,8,9,BURDEKIN,BURDEKIN
4700,2,2 BR APARTMENT,27/09/2018,17/10/2018,19/10/2018,CLH,206,20,2,22,ROCKHAMPTON,ROCKHAMPTON
4032,2,2 BR APARTMENT,25/09/2018,25/09/2018,11/10/2018,CRH,105,0,16,16,BRISBANE,STAFFORD
4152,2,2 BR APARTMENT,26/10/2018,29/10/2018,29/10/2018,CRH,109,3,0,3,BRISBANE,CHATSWORTH
4570,3,3 BR DETACHED HOUSE,29/08/2018,2/10/2018,2/10/2018,CRH,205,34,0,34,GYMPIE,GYMPIE
4570,1,1 BR APARTMENT,6/08/2018,24/08/2018,19/10/2018,CRH,205,18,56,74,GYMPIE,GYMPIE
4570,1,1 BR APARTMENT,6/08/2018,5/10/2018,5/10/2018,CRH,205,60,0,60,GYMPIE,GYMPIE
4350,4,4 BR DETACHED HOUSE,15/08/2018,16/08/2018,11/10/2018,CRH,207,1,56,57,TOOWOOMBA,TOOWOOMBA SOUTH
4883,2,2 BR APARTMENT,10/10/2018,10/10/2018,12/10/2018,CRH,202,0,2,2,TABLELANDS,HILL
4650,2,2 BR ATTACHED HOUSING,25/09/2018,16/10/2018,26/10/2018,CRH,213,21,10,31,FRASER COAST,MARYBOROUGH
4670,2,2 BR DUPLEX,26/09/2018,3/10/2018,9/10/2018,CRH,208,7,6,13,BUNDABERG,BUNDABERG
4740,2,2 BR DETACHED HOUSE,2/10/2018,3/10/2018,9/10/2018,CRH,203,1,6,7,MACKAY,MACKAY
4810,2,2 BR APARTMENT,2/10/2018,8/10/2018,11/10/2018,CRH,201,6,3,9,TOWNSVILLE,TOWNSVILLE
4011,2,2 BR DETACHED HOUSE,2/08/2018,18/10/2018,18/10/2018,CRH,108,77,0,77,BRISBANE,CLAYFIELD
4007,2,2 BR APARTMENT,8/10/2018,24/10/2018,24/10/2018,CRH,108,16,0,16,BRISBANE,CLAYFIELD
4502,2,2 BR APARTMENT,18/09/2018,2/10/2018,17/10/2018,CRH,103,14,15,29,MORETON BAY,KURWONGBAH
4505,2,2 BR DUPLEX,24/07/2018,31/07/2018,10/10/2018,CRH,103,7,71,78,MORETON BAY,KURWONGBAH
4505,2,2 BR DUPLEX,10/10/2018,10/10/2018,10/10/2018,CRH,103,0,0,0,MORETON BAY,KURWONGBAH
4860,3,3 BR DUPLEX,28/08/2018,29/08/2018,9/10/2018,CRH,202,1,41,42,CASSOWARY COAST,HILL
4860,3,3 BR DETACHED HOUSE,15/10/2018,16/10/2018,24/10/2018,CRH,202,1,8,9,CASSOWARY COAST,HILL
4122,4,4 BR DETACHED HOUSE,24/09/2018,25/09/2018,12/10/2018,CRH,107,1,17,18,BRISBANE,GREENSLOPES
4870,1,1 BR APARTMENT,5/09/2018,6/09/2018,4/10/2018,CRH,202,1,28,29,CAIRNS,CAIRNS
4868,3,3 BR DETACHED HOUSE,28/09/2018,3/10/2018,23/10/2018,CRH,202,5,20,25,CAIRNS,MULGRAVE
4215,3,3 BR DETACHED HOUSE,12/10/2018,12/10/2018,24/10/2018,CRH,204,0,12,12,GOLD COAST,SOUTHPORT
4014,1,1 BR APARTMENT,20/09/2018,20/09/2018,11/10/2018,CLH,105,0,21,21,BRISBANE,NUDGEE
4850,1,1 BR APARTMENT,12/09/2018,13/09/2018,10/10/2018,CLH,201,1,27,28,HINCHINBROOK,HINCHINBROOK
4305,2,2 BR APARTMENT,31/08/2018,17/09/2018,3/10/2018,CLH,102,17,16,33,IPSWICH,IPSWICH
4740,2,2 BR DUPLEX,3/10/2018,17/10/2018,26/10/2018,CBH,203,14,9,23,MACKAY,MACKAY
4810,2,2 BR APARTMENT,28/09/2018,2/10/2018,2/10/2018,CLH,201,4,0,4,TOWNSVILLE,TOWNSVILLE
4805,2,2 BR DUPLEX,9/10/2018,11/10/2018,12/10/2018,CLH,203,2,1,3,WHITSUNDAY,BURDEKIN
4740,2,2 BR DUAL OCCUPANCY,10/10/2018,24/10/2018,24/10/2018,CBH,203,14,0,14,MACKAY,MACKAY
4670,2,2 BR ATTACHED HOUSING,25/10/2018,25/10/2018,25/10/2018,CRH,208,0,0,0,BUNDABERG,BUNDABERG
4670,2,2 BR ATTACHED HOUSING,25/10/2018,26/10/2018,30/10/2018,CRH,208,1,4,5,BUNDABERG,BUNDABERG
4022,3,3 BR CLUSTER HOUSING,14/08/2018,23/08/2018,10/10/2018,CLH,110,9,48,57,MORETON BAY,BANCROFT
4006,1,1 BR APARTMENT,4/10/2018,4/10/2018,4/10/2018,CAH,108,0,0,0,BRISBANE,MCCONNEL
4304,2,2 BR APARTMENT,5/09/2018,24/09/2018,24/10/2018,CAH,102,19,30,49,IPSWICH,IPSWICH
4350,2,2 BR ATTACHED HOUSING,18/03/2016,29/03/2016,31/10/2018,CLT,207,11,946,957,TOOWOOMBA,TOOWOOMBA SOUTH
4051,1,1 BR APARTMENT,27/09/2018,17/10/2018,17/10/2018,CAH,108,20,0,20,BRISBANE,FERNY GROVE
4740,2,2 BR ATTACHED HOUSING,21/09/2018,28/09/2018,5/10/2018,CRH,203,7,7,14,MACKAY,MACKAY
4869,4,4 BR DETACHED HOUSE,2/08/2018,6/08/2018,24/10/2018,CRH,202,4,79,83,CAIRNS,MULGRAVE
4880,1,1 BR DUPLEX,13/08/2018,14/08/2018,10/10/2018,CLT,202,1,57,58,MAREEBA,COOK
4810,1,1 BR APARTMENT,3/10/2018,11/10/2018,19/10/2018,CLT,201,8,8,16,TOWNSVILLE,TOWNSVILLE
4880,2,2 BR DUPLEX,26/09/2018,26/09/2018,9/10/2018,CRH,202,0,13,13,MAREEBA,COOK
4570,3,3 BR DETACHED HOUSE,10/10/2018,12/10/2018,12/10/2018,CRH,205,2,0,2,GYMPIE,GYMPIE
4012,2,2 BR ATTACHED HOUSING,21/06/2018,26/06/2018,25/10/2018,CRH,105,5,121,126,BRISBANE,NUDGEE
4013,3,3 BR DETACHED HOUSE,18/09/2018,20/09/2018,3/10/2018,CRH,105,2,13,15,BRISBANE,NUDGEE
4701,2,2 BR DETACHED HOUSE,8/10/2018,17/10/2018,17/10/2018,CRH,206,9,0,9,ROCKHAMPTON,KEPPEL
4812,2,2 BR APARTMENT,12/10/2018,19/10/2018,25/10/2018,CRH,201,7,6,13,TOWNSVILLE,TOWNSVILLE
4701,2,2 BR APARTMENT,12/10/2018,24/10/2018,25/10/2018,CRH,206,12,1,13,ROCKHAMPTON,ROCKHAMPTON
4740,2,2 BR DUPLEX,10/10/2018,12/10/2018,30/10/2018,CRH,203,2,18,20,MACKAY,MACKAY
4051,2,2 BR APARTMENT,18/09/2018,26/09/2018,8/10/2018,CRH,108,8,12,20,BRISBANE,EVERTON
4570,3,3 BR DETACHED HOUSE,23/08/2018,31/08/2018,3/10/2018,CRH,205,8,33,41,GYMPIE,GYMPIE
4215,2,2 BR DUPLEX,12/10/2018,12/10/2018,17/10/2018,CRH,204,0,5,5,GOLD COAST,SOUTHPORT
4870,2,2 BR APARTMENT,26/09/2018,27/09/2018,16/10/2018,CRH,202,1,19,20,CAIRNS,CAIRNS
4870,2,2 BR APARTMENT,11/09/2018,11/09/2018,4/10/2018,CRH,202,0,23,23,CAIRNS,CAIRNS
4815,2,2 BR APARTMENT,18/09/2018,24/09/2018,3/10/2018,CRH,201,6,9,15,TOWNSVILLE,THURINGOWA
4503,3,3 BR APARTMENT,14/08/2018,15/08/2018,23/10/2018,CRH,103,1,69,70,MORETON BAY,MURRUMBA
4122,4,4 BR DETACHED HOUSE,24/09/2018,5/10/2018,22/10/2018,CRH,107,11,17,28,BRISBANE,MANSFIELD
4105,3,3 BR APARTMENT,12/09/2018,13/09/2018,4/10/2018,CRH,107,1,21,22,BRISBANE,TOOHEY
4109,3,3 BR DETACHED HOUSE,24/09/2018,25/09/2018,29/10/2018,CRH,107,1,34,35,BRISBANE,STRETTON
4105,2,2 BR APARTMENT,29/08/2018,30/08/2018,8/10/2018,CRH,107,1,39,40,BRISBANE,TOOHEY
4670,3,3 BR DETACHED HOUSE,28/08/2018,3/09/2018,2/10/2018,CRH,208,6,29,35,BUNDABERG,BUNDABERG
4105,2,2 BR APARTMENT,27/09/2018,5/10/2018,5/10/2018,CRH,107,8,0,8,BRISBANE,TOOHEY
4650,3,3 BR DETACHED HOUSE,10/10/2018,16/10/2018,26/10/2018,CRH,213,6,10,16,FRASER COAST,MARYBOROUGH
4558,1,1 BR APARTMENT,3/10/2018,3/10/2018,3/10/2018,CRH,205,0,0,0,SUNSHINE COAST,SURFERS PARADISE
4208,3,3 BR DUPLEX,6/08/2018,7/08/2018,25/10/2018,CRH,204,1,79,80,GOLD COAST,COOMERA
4215,2,2 BR CLUSTER HOUSING,20/09/2018,16/10/2018,24/10/2018,CRH,204,26,8,34,GOLD COAST,BONNEY
4870,2,2 BR APARTMENT,18/09/2018,19/09/2018,23/10/2018,CRH,202,1,34,35,CAIRNS,CAIRNS
4121,3,3 BR APARTMENT,28/09/2018,4/10/2018,18/10/2018,CRH,107,6,14,20,BRISBANE,MILLER
4510,2,2 BR CLUSTER HOUSING,16/10/2018,16/10/2018,23/10/2018,CRH,103,0,7,7,MORETON BAY,MORAYFIELD
4215,1,1 BR APARTMENT,12/10/2018,12/10/2018,17/10/2018,CRH,204,0,5,5,GOLD COAST,BONNEY
4870,1,1 BR CLUSTER HOUSING,14/08/2018,14/08/2018,12/10/2018,CRH,202,0,59,59,CAIRNS,CAIRNS
4508,3,3 BR DETACHED HOUSE,18/09/2018,27/09/2018,8/10/2018,CRH,103,9,11,20,MORETON BAY,BANCROFT
4217,1,1 BR APARTMENT,12/10/2018,12/10/2018,26/10/2018,CRH,204,0,14,14,GOLD COAST,SURFERS PARADISE
4019,1,1 BR DETACHED HOUSE,18/07/2018,19/07/2018,9/10/2018,CRH,110,1,82,83,MORETON BAY,REDCLIFFE
4215,2,2 BR APARTMENT,7/08/2018,9/08/2018,25/10/2018,CRH,204,2,77,79,GOLD COAST,BONNEY
4031,1,1 BR APARTMENT,20/09/2018,25/10/2018,26/10/2018,CRH,105,35,1,36,BRISBANE,STAFFORD
4305,2,2 BR ATTACHED HOUSING,4/09/2018,10/09/2018,10/10/2018,CRH,102,6,30,36,IPSWICH,IPSWICH
4869,3,3 BR DETACHED HOUSE,17/09/2018,25/09/2018,16/10/2018,CRH,202,8,21,29,CAIRNS,MULGRAVE
4226,2,2 BR APARTMENT,20/09/2018,20/09/2018,25/10/2018,CRH,204,0,35,35,GOLD COAST,SURFERS PARADISE
4031,1,1 BR ATTACHED HOUSING,26/09/2018,25/10/2018,26/10/2018,CRH,105,29,1,30,BRISBANE,STAFFORD
4051,2,2 BR APARTMENT,27/09/2018,16/10/2018,16/10/2018,CRH,108,19,0,19,BRISBANE,STAFFORD
4121,2,2 BR APARTMENT,28/09/2018,4/10/2018,22/10/2018,CRH,107,6,18,24,BRISBANE,MILLER
4077,3,3 BR DETACHED HOUSE,3/10/2018,31/10/2018,31/10/2018,CRH,104,28,0,28,BRISBANE,INALA
4870,3,3 BR DETACHED HOUSE,8/10/2018,9/10/2018,18/10/2018,CRH,202,1,9,10,CAIRNS,CAIRNS
4012,2,2 BR APARTMENT,15/10/2018,19/10/2018,22/10/2018,CRH,105,4,3,7,BRISBANE,NUDGEE
4012,2,2 BR APARTMENT,23/10/2018,24/10/2018,24/10/2018,CRH,105,1,0,1,BRISBANE,NUDGEE
4053,4,4 BR DETACHED HOUSE,12/11/2018,13/11/2018,13/11/2018,STC,105,1,0,1,BRISBANE,STAFFORD
4012,2,2 BR ATTACHED HOUSING,13/09/2018,12/10/2018,20/11/2018,STC,105,29,39,68,BRISBANE,NUDGEE
4171,3,3 BR DETACHED HOUSE,8/11/2018,9/11/2018,27/11/2018,CLT,109,1,18,19,BRISBANE,BULIMBA
4101,1,1 BR APARTMENT,31/10/2018,1/11/2018,20/11/2018,CBH,108,1,19,20,BRISBANE,SOUTH BRISBANE
4172,3,3 BR DETACHED HOUSE,22/10/2018,29/10/2018,15/11/2018,CRS,109,7,17,24,BRISBANE,BULIMBA
4031,2,2 BR APARTMENT,19/10/2018,14/11/2018,14/11/2018,CLT,105,26,0,26,BRISBANE,CLAYFIELD
4006,1,1 BR APARTMENT,24/09/2018,1/11/2018,1/11/2018,CBH,108,38,0,38,BRISBANE,MCCONNEL
4870,1,1 BR APARTMENT,31/10/2018,1/11/2018,26/11/2018,CBH,202,1,25,26,CAIRNS,CAIRNS
4132,3,3 BR DETACHED HOUSE,10/05/2018,11/05/2018,20/11/2018,CRS,101,1,193,194,LOGAN,WOODRIDGE
4802,3,3 BR APARTMENT,26/10/2018,6/11/2018,6/11/2018,CLT,203,11,0,11,WHITSUNDAY,WHITSUNDAY
4720,2,2 BR DUPLEX,16/04/2018,24/04/2018,1/11/2018,STC,211,8,191,199,CENTRAL HIGHLANDS,GREGORY
4720,3,3 BR DETACHED HOUSE,27/04/2018,17/05/2018,1/11/2018,STC,211,20,168,188,CENTRAL HIGHLANDS,GREGORY
4740,3,3 BR DETACHED HOUSE,18/10/2018,29/10/2018,28/11/2018,STC,203,11,30,41,MACKAY,MACKAY
4740,3,3 BR DETACHED HOUSE,3/10/2018,12/10/2018,28/11/2018,STC,203,9,47,56,MACKAY,MACKAY
4740,3,3 BR DETACHED HOUSE,4/10/2018,6/11/2018,6/11/2018,CLH,203,33,0,33,MACKAY,MACKAY
4455,4,4 BR DETACHED HOUSE,10/01/2012,17/01/2012,12/11/2018,CLH,207,7,2491,2498,MARANOA,WARREGO
4812,2,2 BR ATTACHED HOUSING,1/11/2018,9/11/2018,9/11/2018,CRS,201,8,0,8,TOWNSVILLE,TOWNSVILLE
4114,3,3 BR DETACHED HOUSE,19/03/2018,20/11/2018,20/11/2018,CRS,101,246,0,246,LOGAN,WOODRIDGE
4861,1,1 BR SENIOR UNIT,11/09/2018,11/09/2018,22/11/2018,CLT,202,0,72,72,CAIRNS,HILL
4650,1,1 BR APARTMENT,19/09/2018,30/11/2018,30/11/2018,CLT,213,72,0,72,FRASER COAST,MARYBOROUGH
4572,1,1 BR APARTMENT,13/11/2018,13/11/2018,13/11/2018,CLT,205,0,0,0,SUNSHINE COAST,MAROOCHYDORE
4812,2,2 BR DUPLEX,17/10/2018,1/11/2018,23/11/2018,CLT,201,15,22,37,TOWNSVILLE,TOWNSVILLE
4415,2,2 BR DETACHED HOUSE,10/08/2018,13/08/2018,9/11/2018,CLT,207,3,88,91,WESTERN DOWNS,CALLIDE
4570,1,1 BR APARTMENT,2/10/2018,2/10/2018,16/11/2018,CLT,205,0,45,45,GYMPIE,GYMPIE
4740,1,1 BR SENIOR UNIT,15/11/2018,19/11/2018,20/11/2018,CLT,203,4,1,5,MACKAY,MACKAY
4714,1,1 BR APARTMENT,30/04/2018,18/06/2018,28/11/2018,CLT,206,49,163,212,ROCKHAMPTON,MIRANI
4740,1,1 BR SENIOR UNIT,19/10/2018,2/11/2018,2/11/2018,CLT,203,14,0,14,MACKAY,MACKAY
4421,1,1 BR SENIOR UNIT,1/02/2018,22/02/2018,9/11/2018,CLT,207,21,260,281,WESTERN DOWNS,WARREGO
4350,1,1 BR APARTMENT,3/01/2018,30/10/2018,26/11/2018,CLT,207,300,27,327,TOOWOOMBA,TOOWOOMBA NORTH
4670,1,1 BR SENIOR UNIT,23/11/2018,30/11/2018,30/11/2018,CLT,208,7,0,7,BUNDABERG,BUNDABERG
4670,1,1 BR SENIOR UNIT,5/11/2018,9/11/2018,20/11/2018,CLT,208,4,11,15,BUNDABERG,BUNDABERG
4169,1,1 BR APARTMENT,23/10/2018,6/11/2018,6/11/2018,CLT,108,14,0,14,BRISBANE,SOUTH BRISBANE
4744,3,3 BR APARTMENT,24/10/2018,6/11/2018,6/11/2018,CLT,203,13,0,13,ISAAC,BURDEKIN
4659,1,1 BR SENIOR UNIT,12/11/2018,15/11/2018,16/11/2018,CLT,213,3,1,4,FRASER COAST,MARYBOROUGH
4873,1,1 BR SENIOR UNIT,1/11/2018,2/11/2018,21/11/2018,CLT,202,1,19,20,DOUGLAS,COOK
4413,2,2 BR DUPLEX,26/05/2000,13/09/2002,9/11/2018,CLT,207,840,5901,6741,WESTERN DOWNS,CALLIDE
4728,2,2 BR APARTMENT,1/11/2017,14/12/2017,20/11/2018,CLT,211,43,341,384,BARCALDINE,GREGORY
4754,2,2 BR SENIOR UNIT,12/11/2018,20/11/2018,27/11/2018,CLT,203,8,7,15,MACKAY,MIRANI
4756,2,2 BR APARTMENT,10/10/2018,9/11/2018,9/11/2018,CLT,203,30,0,30,MACKAY,MIRANI
4361,4,4 BR DETACHED HOUSE,24/10/2008,24/10/2008,29/11/2018,CLH,207,0,3688,3688,TOOWOOMBA,CONDAMINE
4110,3,3 BR DETACHED HOUSE,29/11/2018,29/11/2018,29/11/2018,CLH,104,0,0,0,BRISBANE,ALGESTER
4570,3,3 BR CLUSTER HOUSING,19/10/2018,19/10/2018,16/11/2018,CRS,205,0,28,28,GYMPIE,GYMPIE
4570,1,1 BR APARTMENT,22/11/2018,22/11/2018,22/11/2018,CBH,205,0,0,0,GYMPIE,GYMPIE
4701,2,2 BR APARTMENT,23/10/2018,9/11/2018,9/11/2018,CRS,206,17,0,17,ROCKHAMPTON,ROCKHAMPTON
4700,1,1 BR APARTMENT,7/11/2018,7/11/2018,29/11/2018,CLH,206,0,22,22,ROCKHAMPTON,ROCKHAMPTON
4680,3,3 BR DETACHED HOUSE,29/10/2018,20/11/2018,26/11/2018,CRS,212,22,6,28,GLADSTONE,GLADSTONE
4655,1,1 BR APARTMENT,10/10/2018,14/11/2018,14/11/2018,CLT,213,35,0,35,FRASER COAST,HERVEY BAY
4860,3,3 BR DETACHED HOUSE,16/10/2018,18/10/2018,21/11/2018,CLT,202,2,34,36,CASSOWARY COAST,HILL
4680,1,1 BR APARTMENT,17/04/2018,2/05/2018,20/11/2018,CBH,212,15,202,217,GLADSTONE,GLADSTONE
4740,4,4 BR DETACHED HOUSE,31/10/2018,2/11/2018,20/11/2018,CRS,203,2,18,20,MACKAY,MACKAY
4558,1,1 BR APARTMENT,16/10/2018,16/10/2018,13/11/2018,CBH,205,0,28,28,SUNSHINE COAST,MAROOCHYDORE
4122,1,1 BR APARTMENT,11/10/2018,12/10/2018,1/11/2018,CBH,107,1,20,21,BRISBANE,MANSFIELD
4122,1,1 BR APARTMENT,1/11/2018,2/11/2018,20/11/2018,CBH,107,1,18,19,BRISBANE,MANSFIELD
4220,1,1 BR APARTMENT,16/10/2018,26/10/2018,30/11/2018,CBH,204,10,35,45,GOLD COAST,BURLEIGH
4220,1,1 BR APARTMENT,24/10/2018,26/10/2018,3/11/2018,CBH,204,2,8,10,GOLD COAST,BURLEIGH
4030,1,1 BR APARTMENT,16/10/2018,17/10/2018,6/11/2018,CBH,108,1,20,21,BRISBANE,CLAYFIELD
4812,1,1 BR APARTMENT,22/10/2018,1/11/2018,20/11/2018,CSO,201,10,19,29,TOWNSVILLE,MUNDINGBURRA
4812,1,1 BR APARTMENT,4/10/2018,5/10/2018,20/11/2018,CSO,201,1,46,47,TOWNSVILLE,MUNDINGBURRA
4812,1,1 BR APARTMENT,26/11/2018,26/11/2018,28/11/2018,CSO,201,0,2,2,TOWNSVILLE,MUNDINGBURRA
4812,1,1 BR APARTMENT,20/11/2018,20/11/2018,20/11/2018,CSO,201,0,0,0,TOWNSVILLE,MUNDINGBURRA
4159,1,1 BR APARTMENT,17/10/2018,1/11/2018,1/11/2018,CBH,106,15,0,15,REDLAND,CAPALABA
4210,4,4 BR DETACHED HOUSE,16/10/2018,24/10/2018,7/11/2018,CLH,204,8,14,22,GOLD COAST,THEODORE
4870,2,2 BR APARTMENT,11/10/2018,11/10/2018,21/11/2018,CLH,202,0,41,41,CAIRNS,CAIRNS
4814,1,1 BR APARTMENT,1/11/2018,6/11/2018,23/11/2018,CBH,201,5,17,22,TOWNSVILLE,MUNDINGBURRA
4814,1,1 BR APARTMENT,9/11/2018,9/11/2018,13/11/2018,CBH,201,0,4,4,TOWNSVILLE,MUNDINGBURRA
4510,1,1 BR APARTMENT,20/09/2018,20/09/2018,6/11/2018,CBH,103,0,47,47,MORETON BAY,MORAYFIELD
4680,1,1 BR APARTMENT,19/07/2018,19/07/2018,20/11/2018,CLH,212,0,124,124,GLADSTONE,GLADSTONE
4000,1,1 BR APARTMENT,5/10/2018,2/11/2018,2/11/2018,CBG,108,28,0,28,BRISBANE,MCCONNEL
4211,2,2 BR APARTMENT,29/08/2018,29/08/2018,19/11/2018,CAH,204,0,82,82,GOLD COAST,GAVEN
4211,1,1 BR APARTMENT,15/10/2018,7/11/2018,7/11/2018,CAH,204,23,0,23,GOLD COAST,GAVEN
4211,1,1 BR APARTMENT,29/08/2018,29/08/2018,14/11/2018,CAH,204,0,77,77,GOLD COAST,GAVEN
4211,1,1 BR APARTMENT,22/10/2018,22/10/2018,3/11/2018,CAH,204,0,12,12,GOLD COAST,GAVEN
4161,2,2 BR APARTMENT,3/10/2018,5/11/2018,5/11/2018,CLH,106,33,0,33,REDLAND,CAPALABA
4810,1,1 BR APARTMENT,1/11/2018,12/11/2018,22/11/2018,CLH,201,11,10,21,TOWNSVILLE,TOWNSVILLE
4105,2,2 BR APARTMENT,15/11/2018,19/11/2018,19/11/2018,CAH,107,4,0,4,BRISBANE,MILLER
4006,1,1 BR APARTMENT,8/11/2018,8/11/2018,8/11/2018,CAH,108,0,0,0,BRISBANE,MCCONNEL
4006,1,1 BR APARTMENT,1/11/2018,1/11/2018,1/11/2018,CAH,108,0,0,0,BRISBANE,MCCONNEL
4006,1,1 BR APARTMENT,22/11/2018,23/11/2018,23/11/2018,CAH,108,1,0,1,BRISBANE,MCCONNEL
4006,1,1 BR APARTMENT,1/11/2018,1/11/2018,1/11/2018,CAH,108,0,0,0,BRISBANE,MCCONNEL
4006,1,1 BR APARTMENT,23/11/2018,23/11/2018,23/11/2018,CAH,108,0,0,0,BRISBANE,MCCONNEL
4020,2,2 BR APARTMENT,10/10/2018,10/10/2018,6/11/2018,CSO,110,0,27,27,MORETON BAY,REDCLIFFE
4006,1,1 BR APARTMENT,8/11/2018,8/11/2018,27/11/2018,CAH,108,0,19,19,BRISBANE,MCCONNEL
4006,1,1 BR APARTMENT,22/11/2018,22/11/2018,22/11/2018,CAH,108,0,0,0,BRISBANE,MCCONNEL
4105,1,1 BR APARTMENT,15/11/2018,19/11/2018,30/11/2018,CBH,107,4,11,15,BRISBANE,TOOHEY
4105,1,1 BR APARTMENT,15/11/2018,19/11/2018,27/11/2018,CBH,107,4,8,12,BRISBANE,TOOHEY
4870,3,3 BR ATTACHED HOUSING,31/10/2018,1/11/2018,26/11/2018,CLH,202,1,25,26,CAIRNS,CAIRNS
4870,2,2 BR ATTACHED HOUSING,19/11/2018,21/11/2018,26/11/2018,CLH,202,2,5,7,CAIRNS,CAIRNS
4812,1,1 BR APARTMENT,12/11/2018,19/11/2018,19/11/2018,CBH,201,7,0,7,TOWNSVILLE,TOWNSVILLE
4051,1,1 BR APARTMENT,1/11/2018,2/11/2018,2/11/2018,CLH,108,1,0,1,BRISBANE,FERNY GROVE
4659,1,1 BR SENIOR UNIT,2/07/2018,10/10/2018,16/11/2018,CLN,213,100,37,137,FRASER COAST,MARYBOROUGH
4510,1,1 BR APARTMENT,2/10/2018,9/10/2018,13/11/2018,CBH,103,7,35,42,MORETON BAY,MORAYFIELD
4701,1,1 BR APARTMENT,5/11/2018,6/11/2018,19/11/2018,CLH,206,1,13,14,ROCKHAMPTON,ROCKHAMPTON
4350,2,2 BR APARTMENT,22/08/2017,22/08/2017,26/11/2018,CLH,207,0,461,461,TOOWOOMBA,TOOWOOMBA SOUTH
4810,1,1 BR APARTMENT,7/11/2018,14/11/2018,16/11/2018,CRS,201,7,2,9,TOWNSVILLE,TOWNSVILLE
4870,1,1 BR APARTMENT,26/10/2018,29/10/2018,21/11/2018,CLH,202,3,23,26,CAIRNS,CAIRNS
4304,2,2 BR APARTMENT,24/10/2018,9/11/2018,22/11/2018,CLH,102,16,13,29,IPSWICH,IPSWICH
4655,2,2 BR APARTMENT,11/07/2018,1/08/2018,16/11/2018,CLH,213,21,107,128,FRASER COAST,HERVEY BAY
4655,1,1 BR APARTMENT,6/11/2018,26/11/2018,27/11/2018,CLH,213,20,1,21,FRASER COAST,HERVEY BAY
4655,2,2 BR APARTMENT,26/10/2018,22/11/2018,22/11/2018,CLH,213,27,0,27,FRASER COAST,HERVEY BAY
4810,1,1 BR APARTMENT,31/10/2018,1/11/2018,7/11/2018,CLH,201,1,6,7,TOWNSVILLE,TOWNSVILLE
4012,1,1 BR APARTMENT,20/09/2018,25/10/2018,14/11/2018,CLH,105,35,20,55,BRISBANE,NUDGEE
4350,2,2 BR APARTMENT,19/08/2016,19/08/2016,1/11/2018,CLH,207,0,804,804,TOOWOOMBA,TOOWOOMBA NORTH
4101,1,1 BR APARTMENT,18/10/2018,7/11/2018,7/11/2018,CSO,108,20,0,20,BRISBANE,SOUTH BRISBANE
4207,3,3 BR DUPLEX,8/11/2018,8/11/2018,22/11/2018,CLH,101,0,14,14,LOGAN,MACALISTER
4870,1,1 BR APARTMENT,22/11/2018,23/11/2018,29/11/2018,CLH,202,1,6,7,CAIRNS,CAIRNS
4510,1,1 BR APARTMENT,31/10/2018,20/11/2018,20/11/2018,CLH,103,20,0,20,MORETON BAY,MORAYFIELD
4133,2,2 BR APARTMENT,9/10/2018,9/11/2018,9/11/2018,CAO,101,31,0,31,LOGAN,WATERFORD
4807,1,1 BR APARTMENT,24/09/2018,8/10/2018,13/11/2018,CLH,201,14,36,50,BURDEKIN,BURDEKIN
4170,1,1 BR APARTMENT,23/10/2018,23/10/2018,12/11/2018,CLH,109,0,20,20,BRISBANE,BULIMBA
4701,1,1 BR APARTMENT,5/11/2018,19/11/2018,27/11/2018,CLH,206,14,8,22,ROCKHAMPTON,ROCKHAMPTON
4010,2,2 BR APARTMENT,19/10/2018,26/10/2018,6/11/2018,CRH,108,7,11,18,BRISBANE,CLAYFIELD
4152,2,2 BR APARTMENT,29/10/2018,29/10/2018,23/11/2018,CRH,109,0,25,25,BRISBANE,CHATSWORTH
4013,2,2 BR APARTMENT,22/10/2018,22/10/2018,14/11/2018,CRH,105,0,23,23,BRISBANE,NUDGEE
4304,4,4 BR DETACHED HOUSE,26/09/2018,10/10/2018,5/11/2018,CRH,102,14,26,40,IPSWICH,BUNDAMBA
4650,2,2 BR ATTACHED HOUSING,5/10/2018,16/10/2018,15/11/2018,CRH,213,11,30,41,FRASER COAST,MARYBOROUGH
4650,3,3 BR DETACHED HOUSE,5/10/2018,26/10/2018,1/11/2018,CRH,213,21,6,27,FRASER COAST,MARYBOROUGH
4670,2,2 BR APARTMENT,7/11/2018,9/11/2018,14/11/2018,CRH,208,2,5,7,BUNDABERG,BUNDABERG
4750,3,3 BR DETACHED HOUSE,31/10/2018,1/11/2018,8/11/2018,CRH,203,1,7,8,MACKAY,WHITSUNDAY
4812,2,2 BR APARTMENT,9/11/2018,9/11/2018,9/11/2018,CRH,201,0,0,0,TOWNSVILLE,TOWNSVILLE
4152,3,3 BR DETACHED HOUSE,12/11/2018,13/11/2018,14/11/2018,CRH,107,1,1,2,BRISBANE,GREENSLOPES
4216,4,4 BR DETACHED HOUSE,5/11/2018,7/11/2018,19/11/2018,CRH,204,2,12,14,GOLD COAST,BROADWATER
4034,4,4 BR DETACHED HOUSE,2/11/2018,13/11/2018,14/11/2018,CRH,105,11,1,12,BRISBANE,ASPLEY
4680,2,2 BR APARTMENT,14/11/2018,15/11/2018,26/11/2018,CRH,212,1,11,12,GLADSTONE,GLADSTONE
4860,2,2 BR DUPLEX,16/10/2018,18/10/2018,6/11/2018,CRH,202,2,19,21,CASSOWARY COAST,MULGRAVE
4014,1,1 BR APARTMENT,7/11/2018,13/11/2018,16/11/2018,CLH,105,6,3,9,BRISBANE,NUDGEE
4133,2,2 BR APARTMENT,14/11/2018,14/11/2018,14/11/2018,CAO,101,0,0,0,LOGAN,WATERFORD
4860,2,2 BR APARTMENT,6/11/2018,8/11/2018,26/11/2018,CLH,202,2,18,20,CASSOWARY COAST,HILL
4825,2,2 BR APARTMENT,4/09/2018,4/10/2018,29/11/2018,CRH,209,30,56,86,MOUNT ISA,TRAEGER
4825,2,2 BR APARTMENT,4/09/2018,1/11/2018,29/11/2018,CRH,209,58,28,86,MOUNT ISA,TRAEGER
4053,2,2 BR APARTMENT,23/11/2018,23/11/2018,23/11/2018,CAH,108,0,0,0,BRISBANE,FERNY GROVE
4670,1,1 BR APARTMENT,16/08/2018,23/08/2018,30/11/2018,CLH,208,7,99,106,BUNDABERG,BUNDABERG
4132,3,3 BR CLUSTER HOUSING,8/11/2018,8/11/2018,16/11/2018,CAO,101,0,8,8,LOGAN,WOODRIDGE
4301,3,3 BR ATTACHED HOUSING,19/10/2018,9/11/2018,27/11/2018,CLH,102,21,18,39,IPSWICH,BUNDAMBA
4006,1,1 BR APARTMENT,1/11/2018,1/11/2018,1/11/2018,CAH,108,0,0,0,BRISBANE,BRISBANE CENTRAL
4006,1,1 BR APARTMENT,23/11/2018,23/11/2018,23/11/2018,CAH,108,0,0,0,BRISBANE,BRISBANE CENTRAL
4006,1,1 BR APARTMENT,1/11/2018,1/11/2018,1/11/2018,CAH,108,0,0,0,BRISBANE,BRISBANE CENTRAL
4006,1,1 BR APARTMENT,22/11/2018,22/11/2018,22/11/2018,CAH,108,0,0,0,BRISBANE,BRISBANE CENTRAL
4700,1,1 BR APARTMENT,22/10/2018,5/11/2018,8/11/2018,CLT,206,14,3,17,ROCKHAMPTON,ROCKHAMPTON
4507,2,2 BR SENIOR UNIT,9/11/2018,27/11/2018,27/11/2018,CLT,103,18,0,18,MORETON BAY,PUMICESTONE
4560,2,2 BR APARTMENT,5/10/2018,12/10/2018,22/11/2018,CLT,205,7,41,48,SUNSHINE COAST,NICKLIN
4211,1,1 BR APARTMENT,25/09/2018,26/09/2018,7/11/2018,CAH,204,1,42,43,GOLD COAST,GAVEN
4211,1,1 BR APARTMENT,13/11/2018,13/11/2018,13/11/2018,CAH,204,0,0,0,GOLD COAST,GAVEN
4053,3,3 BR DETACHED HOUSE,25/10/2018,25/10/2018,14/11/2018,CRH,105,0,20,20,BRISBANE,EVERTON
4116,4,4 BR DETACHED HOUSE,9/11/2018,12/11/2018,20/11/2018,CRH,107,3,8,11,BRISBANE,STRETTON
4740,3,3 BR DETACHED HOUSE,2/11/2018,5/11/2018,9/11/2018,CRH,203,3,4,7,MACKAY,MACKAY
4551,4,4 BR DETACHED HOUSE,2/10/2018,2/10/2018,14/11/2018,CRH,205,0,43,43,SUNSHINE COAST,KAWANA
4812,1,1 BR APARTMENT,12/10/2018,18/10/2018,26/11/2018,CRH,201,6,39,45,TOWNSVILLE,TOWNSVILLE
4510,4,4 BR DETACHED HOUSE,26/10/2018,6/11/2018,27/11/2018,CRH,103,11,21,32,MORETON BAY,MORAYFIELD
4215,2,2 BR DUPLEX,15/11/2018,21/11/2018,21/11/2018,CRH,204,6,0,6,GOLD COAST,SOUTHPORT
4880,1,1 BR APARTMENT,19/11/2018,21/11/2018,29/11/2018,CRH,202,2,8,10,MAREEBA,COOK
4870,2,2 BR APARTMENT,15/10/2018,16/10/2018,6/11/2018,CRH,202,1,21,22,CAIRNS,CAIRNS
4103,2,2 BR APARTMENT,26/10/2018,29/10/2018,1/11/2018,CRH,107,3,3,6,BRISBANE,MILLER
4870,2,2 BR APARTMENT,3/10/2018,4/10/2018,8/11/2018,CRH,202,1,35,36,CAIRNS,CAIRNS
4508,4,4 BR DETACHED HOUSE,4/09/2018,10/09/2018,9/11/2018,CRH,103,6,60,66,MORETON BAY,BANCROFT
4012,2,2 BR APARTMENT,13/11/2018,15/11/2018,16/11/2018,CRH,105,2,1,3,BRISBANE,NUDGEE
4868,2,2 BR APARTMENT,2/11/2018,6/11/2018,26/11/2018,CRH,202,4,20,24,CAIRNS,MULGRAVE
4215,2,2 BR APARTMENT,5/11/2018,7/11/2018,15/11/2018,CRH,204,2,8,10,GOLD COAST,SOUTHPORT
4114,2,2 BR APARTMENT,12/11/2018,12/11/2018,26/11/2018,CRH,101,0,14,14,LOGAN,WOODRIDGE
4132,4,4 BR DETACHED HOUSE,10/05/2018,11/05/2018,20/11/2018,CRH,101,1,193,194,LOGAN,WOODRIDGE
4132,4,4 BR DETACHED HOUSE,20/11/2018,20/11/2018,20/11/2018,CRH,101,0,0,0,LOGAN,WOODRIDGE
4113,3,3 BR DETACHED HOUSE,19/11/2018,20/11/2018,23/11/2018,CRH,107,1,3,4,BRISBANE,STRETTON
4113,2,2 BR ATTACHED HOUSING,31/10/2018,1/11/2018,29/11/2018,CRH,107,1,28,29,BRISBANE,STRETTON
4810,1,1 BR CLUSTER HOUSING,24/10/2018,31/10/2018,1/11/2018,CRH,201,7,1,8,TOWNSVILLE,TOWNSVILLE
4217,2,2 BR CLUSTER HOUSING,3/11/2018,7/11/2018,13/11/2018,CRH,204,4,6,10,GOLD COAST,SURFERS PARADISE
4217,2,2 BR CLUSTER HOUSING,13/11/2018,13/11/2018,13/11/2018,CRH,204,0,0,0,GOLD COAST,SURFERS PARADISE
4215,1,1 BR APARTMENT,5/11/2018,7/11/2018,21/11/2018,CRH,204,2,14,16,GOLD COAST,BONNEY
4020,2,2 BR CLUSTER HOUSING,16/10/2018,27/11/2018,27/11/2018,CRH,110,42,0,42,MORETON BAY,REDCLIFFE
4817,3,3 BR DUPLEX,11/10/2018,24/10/2018,8/11/2018,CRH,201,13,15,28,TOWNSVILLE,THURINGOWA
4701,2,2 BR DUPLEX,23/10/2018,23/10/2018,2/11/2018,CRH,206,0,10,10,ROCKHAMPTON,KEPPEL
4121,3,3 BR APARTMENT,28/09/2018,4/10/2018,19/11/2018,CRH,107,6,46,52,BRISBANE,MILLER
4510,3,3 BR DETACHED HOUSE,6/11/2018,14/11/2018,20/11/2018,CRH,103,8,6,14,MORETON BAY,MORAYFIELD
4868,2,2 BR ATTACHED HOUSING,14/11/2018,15/11/2018,29/11/2018,CRH,202,1,14,15,CAIRNS,MULGRAVE
4115,2,2 BR APARTMENT,14/08/2018,26/11/2018,26/11/2018,CRH,104,104,0,104,BRISBANE,ALGESTER
4305,2,2 BR ATTACHED HOUSING,5/09/2018,17/09/2018,5/11/2018,CRH,102,12,49,61,IPSWICH,IPSWICH
4305,3,3 BR ATTACHED HOUSING,21/09/2018,24/09/2018,5/11/2018,CRH,102,3,42,45,IPSWICH,IPSWICH WEST
4305,3,3 BR ATTACHED HOUSING,21/09/2018,24/09/2018,5/11/2018,CRH,102,3,42,45,IPSWICH,IPSWICH WEST
4510,4,4 BR DETACHED HOUSE,17/10/2018,17/10/2018,6/11/2018,CRH,103,0,20,20,MORETON BAY,MORAYFIELD
4814,3,3 BR DUPLEX,24/10/2018,29/10/2018,6/11/2018,CRH,201,5,8,13,TOWNSVILLE,MUNDINGBURRA
4814,3,3 BR DUPLEX,24/10/2018,29/10/2018,1/11/2018,CRH,201,5,3,8,TOWNSVILLE,MUNDINGBURRA
4075,3,3 BR DETACHED HOUSE,30/10/2018,29/11/2018,29/11/2018,CRH,104,30,0,30,BRISBANE,MOUNT OMMANEY
4152,3,3 BR DETACHED HOUSE,5/11/2018,9/11/2018,30/11/2018,CRH,107,4,21,25,BRISBANE,GREENSLOPES
4034,4,4 BR DETACHED HOUSE,7/11/2018,13/11/2018,14/11/2018,CRH,105,6,1,7,BRISBANE,NUDGEE
4870,2,2 BR APARTMENT,8/11/2018,9/11/2018,14/11/2018,CRH,202,1,5,6,CAIRNS,CAIRNS
4870,1,1 BR APARTMENT,19/11/2018,19/11/2018,28/11/2018,CRH,202,0,9,9,CAIRNS,CAIRNS
4870,2,2 BR APARTMENT,8/11/2018,9/11/2018,26/11/2018,CRH,202,1,17,18,CAIRNS,CAIRNS
4870,1,1 BR APARTMENT,8/11/2018,9/11/2018,29/11/2018,CRH,202,1,20,21,CAIRNS,CAIRNS
4869,2,2 BR DUPLEX,8/11/2018,28/11/2018,29/11/2018,CRH,202,20,1,21,CAIRNS,MULGRAVE
4870,2,2 BR DUPLEX,13/11/2018,14/11/2018,16/11/2018,CRH,202,1,2,3,CAIRNS,CAIRNS
4810,1,1 BR APARTMENT,14/11/2018,15/11/2018,16/11/2018,CRH,201,1,1,2,TOWNSVILLE,TOWNSVILLE
4053,3,3 BR ATTACHED HOUSING,15/11/2018,15/11/2018,16/11/2018,CRH,105,0,1,1,BRISBANE,EVERTON
4102,3,3 BR DETACHED HOUSE,20/11/2018,27/11/2018,29/11/2018,CRH,107,7,2,9,BRISBANE,SOUTH BRISBANE
4812,1,1 BR APARTMENT,21/11/2018,22/11/2018,30/11/2018,CRH,201,1,8,9,TOWNSVILLE,MUNDINGBURRA
4812,1,1 BR APARTMENT,21/11/2018,22/11/2018,27/11/2018,CRH,201,1,5,6,TOWNSVILLE,MUNDINGBURRA
4007,2,2 BR ATTACHED HOUSING,29/11/2018,20/12/2018,20/12/2018,STR,108,21,0,21,BRISBANE,CLAYFIELD
4169,1,1 BR APARTMENT,15/10/2018,4/12/2018,4/12/2018,CBH,108,50,0,50,BRISBANE,SOUTH BRISBANE
4169,1,1 BR APARTMENT,29/11/2018,13/12/2018,13/12/2018,CBH,108,14,0,14,BRISBANE,SOUTH BRISBANE
4006,1,1 BR APARTMENT,11/12/2018,20/12/2018,20/12/2018,CBH,108,9,0,9,BRISBANE,MCCONNEL
4006,1,1 BR APARTMENT,11/12/2018,20/12/2018,20/12/2018,CBH,108,9,0,9,BRISBANE,MCCONNEL
4870,3,3 BR DETACHED HOUSE,4/10/2018,22/10/2018,18/12/2018,STC,202,18,57,75,CAIRNS,CAIRNS
4870,3,3 BR DETACHED HOUSE,16/11/2018,26/11/2018,3/12/2018,CRH,202,10,7,17,CAIRNS,CAIRNS
4868,2,2 BR DUPLEX,8/11/2018,26/11/2018,24/12/2018,STC,202,18,28,46,CAIRNS,MULGRAVE
4870,2,2 BR APARTMENT,21/11/2018,22/11/2018,3/12/2018,CLH,202,1,11,12,CAIRNS,CAIRNS
4802,3,3 BR APARTMENT,10/12/2018,19/12/2018,19/12/2018,CLT,203,9,0,9,WHITSUNDAY,WHITSUNDAY
4869,2,2 BR CLUSTER HOUSING,24/09/2018,15/11/2018,24/12/2018,STC,202,52,39,91,CAIRNS,MULGRAVE
4680,3,3 BR DETACHED HOUSE,29/10/2018,26/11/2018,3/12/2018,CRS,212,28,7,35,GLADSTONE,GLADSTONE
4570,3,3 BR DETACHED HOUSE,27/11/2018,27/11/2018,24/12/2018,CRS,205,0,27,27,GYMPIE,GYMPIE
4701,4,4 BR DETACHED HOUSE,11/12/2018,20/12/2018,21/12/2018,CRS,206,9,1,10,ROCKHAMPTON,ROCKHAMPTON
4114,3,3 BR DETACHED HOUSE,20/11/2018,20/11/2018,14/12/2018,CRS,101,0,24,24,LOGAN,WOODRIDGE
4740,1,1 BR SENIOR UNIT,3/12/2018,6/12/2018,20/12/2018,CLT,203,3,14,17,MACKAY,MACKAY
4870,1,1 BR SENIOR UNIT,1/11/2018,2/11/2018,20/12/2018,CLT,202,1,48,49,CAIRNS,CAIRNS
4868,4,4 BR DETACHED HOUSE,8/11/2018,9/11/2018,13/12/2018,CLT,202,1,34,35,CAIRNS,MULGRAVE
4701,4,4 BR DETACHED HOUSE,19/11/2018,6/12/2018,6/12/2018,CLH,206,17,0,17,ROCKHAMPTON,KEPPEL
4030,1,1 BR APARTMENT,14/12/2018,21/12/2018,21/12/2018,CBH,108,7,0,7,BRISBANE,CLAYFIELD
4030,1,1 BR APARTMENT,11/12/2018,24/12/2018,24/12/2018,CBH,108,13,0,13,BRISBANE,CLAYFIELD
4000,1,1 BR APARTMENT,3/12/2018,3/12/2018,3/12/2018,CAH,108,0,0,0,BRISBANE,MCCONNEL
4006,1,1 BR APARTMENT,20/09/2018,6/11/2018,11/12/2018,CBH,108,47,35,82,BRISBANE,MCCONNEL
4700,1,1 BR APARTMENT,20/11/2018,21/11/2018,20/12/2018,CBH,206,1,29,30,ROCKHAMPTON,ROCKHAMPTON
4883,1,1 BR SENIOR UNIT,20/08/2018,21/08/2018,13/12/2018,CLT,202,1,114,115,TABLELANDS,HILL
4305,1,1 BR APARTMENT,12/11/2018,6/12/2018,6/12/2018,CBH,102,24,0,24,IPSWICH,IPSWICH WEST
4305,3,3 BR DETACHED HOUSE,28/11/2018,21/12/2018,21/12/2018,CRS,102,23,0,23,IPSWICH,IPSWICH WEST
4680,3,3 BR DETACHED HOUSE,29/10/2018,21/11/2018,3/12/2018,CRS,212,23,12,35,GLADSTONE,GLADSTONE
4557,4,4 BR DETACHED HOUSE,26/10/2018,14/11/2018,12/12/2018,CRS,205,19,28,47,SUNSHINE COAST,BUDERIM
4800,4,4 BR DETACHED HOUSE,26/11/2018,27/11/2018,7/12/2018,CRS,203,1,10,11,WHITSUNDAY,WHITSUNDAY
4000,1,1 BR APARTMENT,26/11/2018,7/12/2018,7/12/2018,CBH,108,11,0,11,BRISBANE,BRISBANE CENTRAL
4000,1,1 BR APARTMENT,10/12/2018,10/12/2018,10/12/2018,CBH,108,0,0,0,BRISBANE,BRISBANE CENTRAL
4740,1,1 BR APARTMENT,9/11/2018,14/11/2018,11/12/2018,CBH,203,5,27,32,MACKAY,MACKAY
4007,1,1 BR APARTMENT,2/11/2018,10/12/2018,10/12/2018,CBH,108,38,0,38,BRISBANE,CLAYFIELD
4007,1,1 BR APARTMENT,5/11/2018,7/12/2018,7/12/2018,CBH,108,32,0,32,BRISBANE,CLAYFIELD
4006,1,1 BR APARTMENT,14/12/2018,21/12/2018,21/12/2018,CBH,108,7,0,7,BRISBANE,MCCONNEL
4122,1,1 BR APARTMENT,6/12/2018,10/12/2018,24/12/2018,CLT,107,4,14,18,BRISBANE,MANSFIELD
4812,1,1 BR APARTMENT,14/12/2018,18/12/2018,18/12/2018,CSO,201,4,0,4,TOWNSVILLE,MUNDINGBURRA
4103,2,2 BR APARTMENT,2/03/2018,10/09/2018,18/12/2018,CLH,107,192,99,291,BRISBANE,MILLER
4730,2,2 BR SENIOR UNIT,23/10/2018,25/10/2018,4/12/2018,CLT,211,2,40,42,LONGREACH,GREGORY
4814,2,2 BR APARTMENT,6/11/2018,13/11/2018,10/12/2018,CLH,201,7,27,34,TOWNSVILLE,MUNDINGBURRA
4814,2,2 BR APARTMENT,14/09/2018,21/09/2018,4/12/2018,CLH,201,7,74,81,TOWNSVILLE,MUNDINGBURRA
4670,1,1 BR APARTMENT,6/12/2018,6/12/2018,20/12/2018,CBH,208,0,14,14,BUNDABERG,BUNDABERG
4814,1,1 BR APARTMENT,4/12/2018,7/12/2018,14/12/2018,CBH,201,3,7,10,TOWNSVILLE,MUNDINGBURRA
4104,1,1 BR APARTMENT,21/11/2018,22/11/2018,20/12/2018,CBH,107,1,28,29,BRISBANE,MILLER
4814,1,1 BR APARTMENT,18/12/2018,19/12/2018,20/12/2018,CLH,201,1,1,2,TOWNSVILLE,MUNDINGBURRA
4814,1,1 BR APARTMENT,27/11/2018,5/12/2018,13/12/2018,CLH,201,8,8,16,TOWNSVILLE,MUNDINGBURRA
4211,1,1 BR APARTMENT,5/12/2018,5/12/2018,6/12/2018,CAH,204,0,1,1,GOLD COAST,GAVEN
4211,1,1 BR APARTMENT,5/12/2018,5/12/2018,5/12/2018,CAH,204,0,0,0,GOLD COAST,GAVEN
4211,1,1 BR APARTMENT,12/12/2018,12/12/2018,12/12/2018,CAH,204,0,0,0,GOLD COAST,GAVEN
4211,1,1 BR APARTMENT,3/11/2018,12/12/2018,12/12/2018,CAH,204,39,0,39,GOLD COAST,GAVEN
4211,1,1 BR APARTMENT,3/07/2018,18/09/2018,3/12/2018,CAH,204,77,76,153,GOLD COAST,GAVEN
4059,1,1 BR APARTMENT,3/12/2018,3/12/2018,3/12/2018,CAH,108,0,0,0,BRISBANE,MCCONNEL
4051,1,1 BR APARTMENT,3/12/2018,3/12/2018,3/12/2018,CAH,108,0,0,0,BRISBANE,STAFFORD
4550,2,2 BR APARTMENT,19/10/2018,20/12/2018,20/12/2018,CLH,205,62,0,62,SUNSHINE COAST,CALOUNDRA
4550,2,2 BR APARTMENT,13/11/2018,13/11/2018,12/12/2018,CRS,205,0,29,29,SUNSHINE COAST,CALOUNDRA
4812,2,2 BR APARTMENT,5/12/2018,14/12/2018,19/12/2018,CRS,201,9,5,14,TOWNSVILLE,TOWNSVILLE
4868,1,1 BR APARTMENT,7/12/2018,10/12/2018,18/12/2018,CSO,202,3,8,11,CAIRNS,MULGRAVE
4802,2,2 BR APARTMENT,20/11/2018,4/12/2018,19/12/2018,CAH,203,14,15,29,WHITSUNDAY,WHITSUNDAY
4215,2,2 BR APARTMENT,28/11/2018,6/12/2018,12/12/2018,CRS,204,8,6,14,GOLD COAST,SOUTHPORT
4304,2,2 BR APARTMENT,22/11/2018,21/12/2018,21/12/2018,CLH,102,29,0,29,IPSWICH,IPSWICH
4103,1,1 BR APARTMENT,21/11/2018,22/11/2018,10/12/2018,CLH,107,1,18,19,BRISBANE,SOUTH BRISBANE
4215,1,1 BR APARTMENT,12/12/2018,21/12/2018,21/12/2018,CLH,204,9,0,9,GOLD COAST,BONNEY
4020,1,1 BR APARTMENT,20/11/2018,5/12/2018,19/12/2018,CLH,110,15,14,29,MORETON BAY,REDCLIFFE
4812,2,2 BR APARTMENT,31/10/2018,13/11/2018,10/12/2018,CLH,201,13,27,40,TOWNSVILLE,MUNDINGBURRA
4812,1,1 BR APARTMENT,19/12/2018,21/12/2018,21/12/2018,CLH,201,2,0,2,TOWNSVILLE,MUNDINGBURRA
4812,1,1 BR APARTMENT,14/09/2018,28/09/2018,20/12/2018,CLH,201,14,83,97,TOWNSVILLE,MUNDINGBURRA
4870,2,2 BR APARTMENT,22/11/2018,23/11/2018,18/12/2018,CLH,202,1,25,26,CAIRNS,CAIRNS
4670,1,1 BR APARTMENT,14/12/2018,19/12/2018,20/12/2018,CLH,208,5,1,6,BUNDABERG,BUNDABERG
4670,2,2 BR APARTMENT,6/12/2018,13/12/2018,18/12/2018,CLH,208,7,5,12,BUNDABERG,BUNDABERG
4051,2,2 BR APARTMENT,14/11/2018,4/12/2018,4/12/2018,CLH,108,20,0,20,BRISBANE,FERNY GROVE
4105,2,2 BR APARTMENT,29/11/2018,30/11/2018,4/12/2018,CLH,107,1,4,5,BRISBANE,MILLER
4019,1,1 BR APARTMENT,9/10/2018,7/12/2018,18/12/2018,CLH,110,59,11,70,MORETON BAY,REDCLIFFE
4701,2,2 BR APARTMENT,20/11/2018,5/12/2018,13/12/2018,CLH,206,15,8,23,ROCKHAMPTON,ROCKHAMPTON
4812,2,2 BR APARTMENT,6/12/2018,13/12/2018,13/12/2018,CLH,201,7,0,7,TOWNSVILLE,TOWNSVILLE
4503,2,2 BR ATTACHED HOUSING,20/09/2018,2/10/2018,12/12/2018,CLH,103,12,71,83,MORETON BAY,MURRUMBA
4503,2,2 BR ATTACHED HOUSING,27/11/2018,21/12/2018,21/12/2018,CLH,103,24,0,24,MORETON BAY,MURRUMBA
4655,2,2 BR APARTMENT,24/11/2017,8/02/2018,5/12/2018,CLH,213,76,300,376,FRASER COAST,HERVEY BAY
4670,1,1 BR APARTMENT,29/11/2018,19/12/2018,20/12/2018,CLH,208,20,1,21,BUNDABERG,BUNDABERG
4101,1,1 BR APARTMENT,7/11/2018,10/12/2018,10/12/2018,CSO,108,33,0,33,BRISBANE,SOUTH BRISBANE
4101,1,1 BR APARTMENT,10/12/2018,10/12/2018,10/12/2018,CSO,108,0,0,0,BRISBANE,SOUTH BRISBANE
4101,1,1 BR APARTMENT,14/12/2018,14/12/2018,14/12/2018,CSO,108,0,0,0,BRISBANE,SOUTH BRISBANE
4101,1,1 BR APARTMENT,14/11/2018,4/12/2018,4/12/2018,CSO,108,20,0,20,BRISBANE,SOUTH BRISBANE
4101,1,1 BR APARTMENT,29/10/2018,13/12/2018,13/12/2018,CSO,108,45,0,45,BRISBANE,SOUTH BRISBANE
4013,1,1 BR APARTMENT,18/09/2018,20/09/2018,12/12/2018,CLH,105,2,83,85,BRISBANE,NUDGEE
4133,2,2 BR APARTMENT,28/11/2018,28/11/2018,20/12/2018,CAO,101,0,22,22,LOGAN,WATERFORD
4133,2,2 BR APARTMENT,5/12/2018,5/12/2018,5/12/2018,CAO,101,0,0,0,LOGAN,WATERFORD
4810,1,1 BR APARTMENT,14/09/2018,28/09/2018,20/12/2018,CLH,201,14,83,97,TOWNSVILLE,TOWNSVILLE
4610,1,1 BR APARTMENT,20/11/2018,10/12/2018,10/12/2018,CLH,213,20,0,20,SOUTH BURNETT,NANANGO
4740,1,1 BR APARTMENT,21/11/2018,27/11/2018,4/12/2018,CLH,203,6,7,13,MACKAY,MACKAY
4740,1,1 BR APARTMENT,6/12/2018,7/12/2018,19/12/2018,CLH,203,1,12,13,MACKAY,MACKAY
4870,1,1 BR APARTMENT,26/11/2018,28/11/2018,18/12/2018,CRH,202,2,20,22,CAIRNS,CAIRNS
4030,2,2 BR APARTMENT,30/11/2018,4/12/2018,4/12/2018,CRH,108,4,0,4,BRISBANE,CLAYFIELD
4343,2,2 BR DUPLEX,13/09/2018,24/09/2018,6/12/2018,CRH,102,11,73,84,LOCKYER VALLEY,LOCKYER
4570,1,1 BR APARTMENT,16/11/2018,16/11/2018,4/12/2018,CRH,205,0,18,18,GYMPIE,GYMPIE
4670,2,2 BR DETACHED HOUSE,14/12/2018,21/12/2018,21/12/2018,CRH,208,7,0,7,BUNDABERG,BUNDABERG
4670,3,3 BR DETACHED HOUSE,19/11/2018,29/11/2018,20/12/2018,CRH,208,10,21,31,BUNDABERG,BUNDABERG
4802,2,2 BR DUPLEX,11/12/2018,20/12/2018,20/12/2018,CRH,203,9,0,9,WHITSUNDAY,WHITSUNDAY
4740,2,2 BR ATTACHED HOUSING,11/12/2018,12/12/2018,14/12/2018,CRH,203,1,2,3,MACKAY,MACKAY
4812,2,2 BR APARTMENT,5/12/2018,10/12/2018,18/12/2018,CRH,201,5,8,13,TOWNSVILLE,TOWNSVILLE
4812,2,2 BR APARTMENT,20/11/2018,26/11/2018,7/12/2018,CRH,201,6,11,17,TOWNSVILLE,TOWNSVILLE
4110,3,3 BR DETACHED HOUSE,23/11/2018,20/12/2018,20/12/2018,CRH,104,27,0,27,BRISBANE,ALGESTER
4012,2,2 BR DETACHED HOUSE,11/12/2018,12/12/2018,19/12/2018,CRH,105,1,7,8,BRISBANE,NUDGEE
4870,3,3 BR DETACHED HOUSE,19/11/2018,21/11/2018,13/12/2018,CRH,202,2,22,24,CAIRNS,CAIRNS
4017,2,2 BR DETACHED HOUSE,15/11/2018,16/11/2018,12/12/2018,CRH,105,1,26,27,BRISBANE,SANDGATE
4860,2,2 BR DUPLEX,29/11/2018,30/11/2018,21/12/2018,CRH,202,1,21,22,CASSOWARY COAST,HILL
4105,3,3 BR DETACHED HOUSE,26/11/2018,27/11/2018,14/12/2018,CRH,107,1,17,18,BRISBANE,TOOHEY
4215,3,3 BR DETACHED HOUSE,13/11/2018,14/11/2018,6/12/2018,CRH,204,1,22,23,GOLD COAST,SOUTHPORT
4810,2,2 BR APARTMENT,10/12/2018,18/12/2018,19/12/2018,CLH,201,8,1,9,TOWNSVILLE,TOWNSVILLE
4560,3,3 BR DETACHED HOUSE,14/11/2018,14/11/2018,12/12/2018,CRH,205,0,28,28,SUNSHINE COAST,NICKLIN
4870,1,1 BR APARTMENT,5/12/2018,6/12/2018,13/12/2018,CBH,202,1,7,8,CAIRNS,CAIRNS
4740,2,2 BR DUPLEX,29/11/2018,5/12/2018,14/12/2018,CBH,203,6,9,15,MACKAY,MACKAY
4560,2,2 BR APARTMENT,10/12/2018,10/12/2018,12/12/2018,CLH,205,0,2,2,SUNSHINE COAST,NICKLIN
4825,2,2 BR APARTMENT,4/09/2018,4/10/2018,12/12/2018,CRH,209,30,69,99,MOUNT ISA,TRAEGER
4805,2,2 BR DUPLEX,22/10/2018,17/12/2018,24/12/2018,CLH,203,56,7,63,WHITSUNDAY,BURDEKIN
4670,1,1 BR APARTMENT,30/11/2018,3/12/2018,3/12/2018,CLH,208,3,0,3,BUNDABERG,BUNDABERG
4740,2,2 BR DUAL OCCUPANCY,29/11/2018,5/12/2018,13/12/2018,CBH,203,6,8,14,MACKAY,MACKAY
4805,2,2 BR DUPLEX,29/11/2018,13/12/2018,18/12/2018,CBH,203,14,5,19,WHITSUNDAY,BURDEKIN
4209,2,2 BR APARTMENT,28/11/2018,6/12/2018,14/12/2018,CAH,204,8,8,16,GOLD COAST,COOMERA
4006,1,1 BR APARTMENT,24/12/2018,24/12/2018,24/12/2018,CAH,108,0,0,0,BRISBANE,MCCONNEL
4006,1,1 BR APARTMENT,3/12/2018,3/12/2018,3/12/2018,CAH,108,0,0,0,BRISBANE,MCCONNEL
4869,4,4 BR DETACHED HOUSE,14/11/2018,15/11/2018,20/12/2018,CLH,202,1,35,36,CAIRNS,MULGRAVE
4814,2,2 BR DUPLEX,27/08/2018,28/08/2018,4/12/2018,CLT,201,1,98,99,TOWNSVILLE,TOWNSVILLE
4163,3,3 BR APARTMENT,3/10/2018,19/12/2018,19/12/2018,CAH,106,77,0,77,REDLAND,OODGEROO
4810,1,1 BR APARTMENT,10/12/2018,10/12/2018,10/12/2018,CLT,201,0,0,0,TOWNSVILLE,TOWNSVILLE
4810,1,1 BR APARTMENT,6/11/2018,16/11/2018,4/12/2018,CLT,201,10,18,28,TOWNSVILLE,TOWNSVILLE
4810,1,1 BR APARTMENT,10/12/2018,14/12/2018,21/12/2018,CLT,201,4,7,11,TOWNSVILLE,TOWNSVILLE
4818,2,2 BR CLUSTER HOUSING,3/12/2018,7/12/2018,7/12/2018,CLT,201,4,0,4,TOWNSVILLE,HINCHINBROOK
4818,2,2 BR CLUSTER HOUSING,7/12/2018,7/12/2018,20/12/2018,CLT,201,0,13,13,TOWNSVILLE,HINCHINBROOK
4560,1,1 BR APARTMENT,15/11/2018,15/11/2018,12/12/2018,CLT,205,0,27,27,SUNSHINE COAST,NICKLIN
4655,3,3 BR DUAL OCCUPANCY,30/11/2018,7/12/2018,14/12/2018,CRH,213,7,7,14,FRASER COAST,HERVEY BAY
4076,3,3 BR DETACHED HOUSE,30/11/2018,13/12/2018,13/12/2018,CRH,104,13,0,13,BRISBANE,MOUNT OMMANEY
4880,2,2 BR DUPLEX,6/12/2018,7/12/2018,18/12/2018,CRH,202,1,11,12,MAREEBA,COOK
4109,3,3 BR DETACHED HOUSE,13/12/2018,14/12/2018,24/12/2018,CRH,107,1,10,11,BRISBANE,STRETTON
4215,2,2 BR APARTMENT,14/11/2018,15/11/2018,3/12/2018,CRH,204,1,18,19,GOLD COAST,BONNEY
4304,2,2 BR ATTACHED HOUSING,26/11/2018,14/12/2018,21/12/2018,CRH,102,18,7,25,IPSWICH,IPSWICH
4812,1,1 BR APARTMENT,26/11/2018,27/11/2018,4/12/2018,CRH,201,1,7,8,TOWNSVILLE,TOWNSVILLE
4551,3,3 BR APARTMENT,4/12/2018,4/12/2018,12/12/2018,CRH,205,0,8,8,SUNSHINE COAST,CALOUNDRA
4020,2,2 BR APARTMENT,4/12/2018,11/12/2018,18/12/2018,CRH,110,7,7,14,MORETON BAY,REDCLIFFE
4510,3,3 BR DETACHED HOUSE,6/11/2018,27/11/2018,19/12/2018,CRH,103,21,22,43,MORETON BAY,MORAYFIELD
4870,2,2 BR APARTMENT,14/11/2018,15/11/2018,10/12/2018,CRH,202,1,25,26,CAIRNS,CAIRNS
4812,1,1 BR APARTMENT,18/12/2018,21/12/2018,21/12/2018,CRH,201,3,0,3,TOWNSVILLE,TOWNSVILLE
4860,4,4 BR DETACHED HOUSE,19/11/2018,21/11/2018,3/12/2018,CRH,202,2,12,14,CASSOWARY COAST,HILL
4815,2,2 BR APARTMENT,13/12/2018,17/12/2018,18/12/2018,CRH,201,4,1,5,TOWNSVILLE,THURINGOWA
4510,3,3 BR DETACHED HOUSE,6/11/2018,14/11/2018,19/12/2018,CRH,103,8,35,43,MORETON BAY,MORAYFIELD
4031,1,1 BR APARTMENT,12/12/2018,12/12/2018,19/12/2018,CRH,105,0,7,7,BRISBANE,CLAYFIELD
4051,2,2 BR APARTMENT,29/11/2018,4/12/2018,4/12/2018,CRH,108,5,0,5,BRISBANE,STAFFORD
4510,3,3 BR ATTACHED HOUSING,20/12/2018,21/12/2018,21/12/2018,CRH,103,1,0,1,MORETON BAY,MORAYFIELD
4510,2,2 BR ATTACHED HOUSING,13/11/2018,14/11/2018,18/12/2018,CRH,103,1,34,35,MORETON BAY,MORAYFIELD
4217,1,1 BR APARTMENT,28/11/2018,30/11/2018,10/12/2018,CRH,204,2,10,12,GOLD COAST,SURFERS PARADISE
4701,2,2 BR APARTMENT,20/11/2018,5/12/2018,13/12/2018,CRH,206,15,8,23,ROCKHAMPTON,ROCKHAMPTON
4701,2,2 BR DUPLEX,3/12/2018,3/12/2018,3/12/2018,CRH,206,0,0,0,ROCKHAMPTON,KEPPEL
4701,2,2 BR DUPLEX,3/12/2018,11/12/2018,13/12/2018,CRH,206,8,2,10,ROCKHAMPTON,KEPPEL
4869,4,4 BR DETACHED HOUSE,29/10/2018,12/11/2018,24/12/2018,STC,202,14,42,56,CAIRNS,MULGRAVE
4032,2,2 BR CLUSTER HOUSING,16/11/2018,19/11/2018,12/12/2018,CRH,105,3,23,26,BRISBANE,STAFFORD
4818,4,4 BR DETACHED HOUSE,21/11/2018,3/12/2018,11/12/2018,CRH,201,12,8,20,TOWNSVILLE,HINCHINBROOK
4215,2,2 BR CLUSTER HOUSING,26/11/2018,12/12/2018,14/12/2018,CRH,204,16,2,18,GOLD COAST,BONNEY
4701,2,2 BR CLUSTER HOUSING,7/12/2018,11/12/2018,13/12/2018,CRH,206,4,2,6,ROCKHAMPTON,ROCKHAMPTON
4012,4,4 BR DETACHED HOUSE,6/12/2018,6/12/2018,10/12/2018,CRH,105,0,4,4,BRISBANE,NUDGEE
4012,4,4 BR DETACHED HOUSE,10/12/2018,12/12/2018,19/12/2018,CRH,105,2,7,9,BRISBANE,NUDGEE
4301,4,4 BR DETACHED HOUSE,5/09/2018,21/09/2018,6/12/2018,CRH,102,16,76,92,IPSWICH,BUNDAMBA
4560,3,3 BR DETACHED HOUSE,3/07/2018,7/12/2018,19/12/2018,CRH,205,157,12,169,SUNSHINE COAST,NICKLIN
4700,2,2 BR APARTMENT,1/11/2018,9/11/2018,7/12/2018,CRH,206,8,28,36,ROCKHAMPTON,ROCKHAMPTON
4750,2,2 BR DUPLEX,26/11/2018,27/11/2018,5/12/2018,CRH,203,1,8,9,MACKAY,WHITSUNDAY
4506,4,4 BR DETACHED HOUSE,27/11/2018,7/12/2018,18/12/2018,CRH,103,10,11,21,MORETON BAY,MORAYFIELD
4226,2,2 BR APARTMENT,3/11/2018,30/11/2018,3/12/2018,CRH,204,27,3,30,GOLD COAST,SURFERS PARADISE
4215,3,3 BR APARTMENT,17/10/2018,7/12/2018,12/12/2018,CRH,204,51,5,56,GOLD COAST,BONNEY
4883,2,2 BR APARTMENT,15/11/2018,3/12/2018,18/12/2018,CRH,202,18,15,33,TABLELANDS,HILL
4883,2,2 BR APARTMENT,15/11/2018,3/12/2018,18/12/2018,CRH,202,18,15,33,TABLELANDS,HILL
4105,3,3 BR DETACHED HOUSE,16/11/2018,26/11/2018,20/12/2018,CRH,107,10,24,34,BRISBANE,MILLER
4510,3,3 BR DUPLEX,26/11/2018,27/11/2018,18/12/2018,CRH,103,1,21,22,MORETON BAY,MORAYFIELD
4105,3,3 BR DETACHED HOUSE,5/12/2018,10/12/2018,18/12/2018,CRH,107,5,8,13,BRISBANE,TOOHEY
4868,4,4 BR APARTMENT,7/12/2018,7/12/2018,21/12/2018,CRH,202,0,14,14,CAIRNS,MULGRAVE
4814,3,3 BR DETACHED HOUSE,7/12/2018,7/12/2018,13/12/2018,CRS,201,0,6,6,TOWNSVILLE,THURINGOWA
4122,3,3 BR DETACHED HOUSE,21/12/2018,21/12/2018,21/12/2018,CRH,107,0,0,0,BRISBANE,MANSFIELD
4034,2,2 BR ATTACHED HOUSING,15/01/2019,15/01/2019,16/01/2019,STC,105,0,1,1,BRISBANE,NUDGEE
4101,1,1 BR APARTMENT,20/12/2018,17/01/2019,17/01/2019,STC,108,28,0,28,BRISBANE,SOUTH BRISBANE
4500,3,3 BR DETACHED HOUSE,8/01/2019,8/01/2019,15/01/2019,CRS,103,0,7,7,MORETON BAY,PINE RIVERS
4870,1,1 BR APARTMENT,3/12/2018,4/12/2018,18/01/2019,CBH,202,1,45,46,CAIRNS,CAIRNS
4132,3,3 BR DETACHED HOUSE,13/12/2018,13/12/2018,4/01/2019,CRS,101,0,22,22,LOGAN,WOODRIDGE
4869,2,2 BR CLUSTER HOUSING,9/01/2019,10/01/2019,10/01/2019,STC,202,1,0,1,CAIRNS,MULGRAVE
4880,3,3 BR DETACHED HOUSE,11/01/2019,14/01/2019,15/01/2019,CLH,202,3,1,4,MAREEBA,COOK
4650,3,3 BR DETACHED HOUSE,14/11/2018,26/11/2018,9/01/2019,STC,213,12,44,56,FRASER COAST,MARYBOROUGH
4564,3,3 BR DETACHED HOUSE,15/10/2018,22/01/2019,22/01/2019,STC,205,99,0,99,SUNSHINE COAST,MAROOCHYDORE
4701,1,1 BR APARTMENT,25/09/2018,10/10/2018,7/01/2019,STC,206,15,89,104,ROCKHAMPTON,ROCKHAMPTON
4701,2,2 BR ATTACHED HOUSING,29/08/2018,20/09/2018,7/01/2019,STC,206,22,109,131,ROCKHAMPTON,ROCKHAMPTON
4701,3,3 BR DETACHED HOUSE,13/08/2018,30/08/2018,7/01/2019,STC,206,17,130,147,ROCKHAMPTON,KEPPEL
4810,1,1 BR APARTMENT,21/12/2018,4/01/2019,16/01/2019,CBH,201,14,12,26,TOWNSVILLE,TOWNSVILLE
4880,1,1 BR SENIOR UNIT,13/08/2018,13/08/2018,18/01/2019,CLT,202,0,158,158,MAREEBA,COOK
4870,3,3 BR DETACHED HOUSE,4/12/2018,5/12/2018,18/01/2019,CLH,202,1,44,45,CAIRNS,CAIRNS
4650,1,1 BR APARTMENT,20/06/2018,16/11/2018,4/01/2019,CLT,213,149,49,198,FRASER COAST,MARYBOROUGH
4572,1,1 BR APARTMENT,13/12/2018,19/12/2018,11/01/2019,CLT,205,6,23,29,SUNSHINE COAST,MAROOCHYDORE
4178,3,3 BR DETACHED HOUSE,2/11/2018,3/01/2019,3/01/2019,CLT,109,62,0,62,BRISBANE,LYTTON
4151,2,2 BR APARTMENT,1/11/2018,19/11/2018,16/01/2019,CLH,107,18,58,76,BRISBANE,GREENSLOPES
4101,4,4 BR DETACHED HOUSE,2/08/2018,24/12/2018,15/01/2019,CLT,108,144,22,166,BRISBANE,SOUTH BRISBANE
4850,1,1 BR SENIOR UNIT,10/01/2019,11/01/2019,16/01/2019,CLT,201,1,5,6,HINCHINBROOK,HINCHINBROOK
4877,1,1 BR SENIOR UNIT,29/11/2018,30/11/2018,2/01/2019,CLT,202,1,33,34,DOUGLAS,COOK
4659,1,1 BR SENIOR UNIT,9/01/2019,24/01/2019,24/01/2019,CLT,213,15,0,15,FRASER COAST,MARYBOROUGH
4754,2,2 BR SENIOR UNIT,9/01/2019,21/01/2019,23/01/2019,CLT,203,12,2,14,MACKAY,MIRANI
4214,3,3 BR DETACHED HOUSE,14/12/2018,25/01/2019,30/01/2019,CLT,204,42,5,47,GOLD COAST,BONNEY
4671,1,1 BR SENIOR UNIT,14/12/2018,20/12/2018,21/01/2019,CLT,208,6,32,38,BUNDABERG,CALLIDE
4870,1,1 BR SENIOR UNIT,10/08/2018,13/08/2018,2/01/2019,CLT,202,3,142,145,CAIRNS,CAIRNS
4850,2,2 BR SENIOR UNIT,19/12/2018,20/12/2018,25/01/2019,CLT,201,1,36,37,HINCHINBROOK,HINCHINBROOK
4701,3,3 BR DUPLEX,5/12/2018,6/12/2018,8/01/2019,CLH,206,1,33,34,ROCKHAMPTON,ROCKHAMPTON
4030,1,1 BR APARTMENT,4/01/2019,11/01/2019,11/01/2019,CBH,108,7,0,7,BRISBANE,CLAYFIELD
4655,1,1 BR APARTMENT,10/01/2019,17/01/2019,17/01/2019,CBH,213,7,0,7,FRASER COAST,HERVEY BAY
4860,2,2 BR DUAL OCCUPANCY,12/12/2018,13/12/2018,18/01/2019,CLT,202,1,36,37,CASSOWARY COAST,HILL
4305,1,1 BR APARTMENT,13/12/2018,2/01/2019,2/01/2019,CBH,102,20,0,20,IPSWICH,IPSWICH WEST
4127,3,3 BR DETACHED HOUSE,22/11/2018,22/11/2018,9/01/2019,CLH,101,0,48,48,LOGAN,WATERFORD
4017,1,1 BR APARTMENT,11/12/2018,3/01/2019,3/01/2019,CBH,105,23,0,23,BRISBANE,SANDGATE
4680,3,3 BR DETACHED HOUSE,28/11/2018,3/12/2018,25/01/2019,CRS,212,5,53,58,GLADSTONE,GLADSTONE
4680,3,3 BR DETACHED HOUSE,5/11/2018,26/11/2018,25/01/2019,CRS,212,21,60,81,GLADSTONE,GLADSTONE
4680,1,1 BR APARTMENT,26/09/2018,8/10/2018,25/01/2019,CBH,212,12,109,121,GLADSTONE,GLADSTONE
4178,3,3 BR DETACHED HOUSE,24/01/2019,24/01/2019,24/01/2019,CRS,109,0,0,0,BRISBANE,LYTTON
4703,1,1 BR APARTMENT,22/01/2019,30/01/2019,30/01/2019,CBH,206,8,0,8,LIVINGSTONE,KEPPEL
4220,1,1 BR APARTMENT,7/01/2019,21/01/2019,21/01/2019,CBH,204,14,0,14,GOLD COAST,BURLEIGH
4220,1,1 BR APARTMENT,14/12/2018,21/12/2018,22/01/2019,CBH,204,7,32,39,GOLD COAST,BURLEIGH
4740,1,1 BR APARTMENT,20/12/2018,3/01/2019,16/01/2019,CBH,203,14,13,27,MACKAY,MACKAY
4812,1,1 BR APARTMENT,9/01/2019,15/01/2019,15/01/2019,CBH,201,6,0,6,TOWNSVILLE,MUNDINGBURRA
4157,1,1 BR APARTMENT,13/09/2018,14/01/2019,14/01/2019,CBH,106,123,0,123,REDLAND,CAPALABA
4740,1,1 BR APARTMENT,23/01/2019,23/01/2019,31/01/2019,CBH,203,0,8,8,MACKAY,MACKAY
4812,1,1 BR APARTMENT,14/01/2019,14/01/2019,29/01/2019,CSO,201,0,15,15,TOWNSVILLE,MUNDINGBURRA
4812,1,1 BR APARTMENT,18/01/2019,18/01/2019,18/01/2019,CSO,201,0,0,0,TOWNSVILLE,MUNDINGBURRA
4870,2,2 BR APARTMENT,25/01/2019,30/01/2019,31/01/2019,CLH,202,5,1,6,CAIRNS,CAIRNS
4020,2,2 BR APARTMENT,18/12/2018,8/01/2019,22/01/2019,CLH,110,21,14,35,MORETON BAY,REDCLIFFE
4104,1,1 BR APARTMENT,5/11/2018,7/11/2018,4/01/2019,CBH,107,2,58,60,BRISBANE,MILLER
4703,1,1 BR APARTMENT,20/12/2018,18/01/2019,18/01/2019,CBH,206,29,0,29,LIVINGSTONE,KEPPEL
4670,1,1 BR APARTMENT,8/01/2019,9/01/2019,17/01/2019,CBH,208,1,8,9,BUNDABERG,BUNDABERG
4670,1,1 BR APARTMENT,20/12/2018,21/12/2018,8/01/2019,CBH,208,1,18,19,BUNDABERG,BUNDABERG
4814,1,1 BR APARTMENT,18/12/2018,9/01/2019,11/01/2019,CBH,201,22,2,24,TOWNSVILLE,MUNDINGBURRA
4510,1,1 BR APARTMENT,31/10/2018,14/11/2018,9/01/2019,CBH,103,14,56,70,MORETON BAY,MORAYFIELD
4510,1,1 BR APARTMENT,4/12/2018,4/12/2018,8/01/2019,CBH,103,0,35,35,MORETON BAY,MORAYFIELD
4285,2,2 BR APARTMENT,18/12/2018,4/01/2019,25/01/2019,CAO,102,17,21,38,SCENIC RIM,SCENIC RIM
4215,1,1 BR APARTMENT,4/01/2019,11/01/2019,15/01/2019,CAH,204,7,4,11,GOLD COAST,BONNEY
4000,1,1 BR APARTMENT,10/12/2018,9/01/2019,9/01/2019,CBG,108,30,0,30,BRISBANE,MCCONNEL
4814,1,1 BR APARTMENT,21/12/2018,4/01/2019,24/01/2019,CLH,201,14,20,34,TOWNSVILLE,MUNDINGBURRA
4814,1,1 BR APARTMENT,3/01/2019,3/01/2019,14/01/2019,CLH,201,0,11,11,TOWNSVILLE,MUNDINGBURRA
4211,1,1 BR APARTMENT,12/12/2018,12/12/2018,7/01/2019,CAH,204,0,26,26,GOLD COAST,GAVEN
4006,1,1 BR APARTMENT,8/01/2019,8/01/2019,8/01/2019,CAH,108,0,0,0,BRISBANE,MCCONNEL
4006,1,1 BR APARTMENT,3/01/2019,3/01/2019,3/01/2019,CAH,108,0,0,0,BRISBANE,MCCONNEL
4020,1,1 BR APARTMENT,21/12/2018,22/01/2019,22/01/2019,CSO,110,32,0,32,MORETON BAY,REDCLIFFE
4012,1,1 BR APARTMENT,14/01/2019,14/01/2019,15/01/2019,CAH,105,0,1,1,BRISBANE,NUDGEE
4012,1,1 BR APARTMENT,3/01/2019,8/01/2019,9/01/2019,CAH,105,5,1,6,BRISBANE,NUDGEE
4220,2,2 BR APARTMENT,21/01/2019,21/01/2019,23/01/2019,CLH,204,0,2,2,GOLD COAST,BURLEIGH
4163,2,2 BR APARTMENT,5/12/2018,16/01/2019,16/01/2019,CLH,106,42,0,42,REDLAND,OODGEROO
4870,2,2 BR ATTACHED HOUSING,12/12/2018,13/12/2018,25/01/2019,CLH,202,1,43,44,CAIRNS,CAIRNS
4014,1,1 BR APARTMENT,19/12/2018,19/12/2018,3/01/2019,CAH,105,0,15,15,BRISBANE,NUDGEE
4207,1,1 BR APARTMENT,24/01/2019,24/01/2019,24/01/2019,CAO,101,0,0,0,LOGAN,MACALISTER
4510,1,1 BR APARTMENT,8/01/2019,9/01/2019,22/01/2019,CBH,103,1,13,14,MORETON BAY,MORAYFIELD
4670,1,1 BR APARTMENT,8/08/2018,9/08/2018,21/01/2019,CLH,208,1,165,166,BUNDABERG,BUNDABERG
4810,2,2 BR APARTMENT,4/01/2019,11/01/2019,24/01/2019,CLH,201,7,13,20,TOWNSVILLE,TOWNSVILLE
4519,2,2 BR APARTMENT,16/11/2018,16/11/2018,17/01/2019,CLH,205,0,62,62,SUNSHINE COAST,CALOUNDRA
4869,1,1 BR APARTMENT,18/01/2019,22/01/2019,23/01/2019,CLH,202,4,1,5,CAIRNS,MULGRAVE
4810,1,1 BR APARTMENT,19/12/2018,3/01/2019,8/01/2019,CLH,201,15,5,20,TOWNSVILLE,TOWNSVILLE
4506,1,1 BR APARTMENT,11/12/2018,17/12/2018,22/01/2019,CLH,103,6,36,42,MORETON BAY,MORAYFIELD
4870,1,1 BR APARTMENT,4/12/2018,5/12/2018,15/01/2019,CLH,202,1,41,42,CAIRNS,CAIRNS
4870,1,1 BR APARTMENT,3/01/2019,4/01/2019,17/01/2019,CLH,202,1,13,14,CAIRNS,CAIRNS
4503,2,2 BR ATTACHED HOUSING,7/12/2018,21/12/2018,8/01/2019,CLH,103,14,18,32,MORETON BAY,MURRUMBA
4209,2,2 BR APARTMENT,10/01/2019,24/01/2019,25/01/2019,CLH,204,14,1,15,GOLD COAST,COOMERA
4805,2,2 BR SENIOR UNIT,5/11/2018,19/11/2018,3/01/2019,CLT,203,14,45,59,WHITSUNDAY,BURDEKIN
4101,1,1 BR APARTMENT,14/12/2018,11/01/2019,11/01/2019,CSO,108,28,0,28,BRISBANE,SOUTH BRISBANE
4101,1,1 BR APARTMENT,10/01/2019,11/01/2019,11/01/2019,CSO,108,1,0,1,BRISBANE,SOUTH BRISBANE
4800,1,1 BR APARTMENT,8/01/2019,16/01/2019,16/01/2019,CLH,203,8,0,8,WHITSUNDAY,WHITSUNDAY
4051,2,2 BR APARTMENT,28/11/2018,9/01/2019,9/01/2019,CRH,108,42,0,42,BRISBANE,EVERTON
4215,1,1 BR APARTMENT,21/01/2019,21/01/2019,21/01/2019,CRH,204,0,0,0,GOLD COAST,BONNEY
4305,4,4 BR DETACHED HOUSE,16/10/2018,9/11/2018,4/01/2019,CRH,102,24,56,80,IPSWICH,IPSWICH
4883,2,2 BR DUPLEX,14/12/2018,17/12/2018,15/01/2019,CRH,202,3,29,32,TABLELANDS,HILL
4883,2,2 BR DUPLEX,3/01/2019,4/01/2019,7/01/2019,CRH,202,1,3,4,TABLELANDS,HILL
4883,2,2 BR APARTMENT,14/12/2018,17/12/2018,15/01/2019,CRH,202,3,29,32,TABLELANDS,HILL
4880,2,2 BR DUPLEX,8/01/2019,10/01/2019,31/01/2019,CRH,202,2,21,23,MAREEBA,COOK
4880,4,4 BR DETACHED HOUSE,18/12/2018,19/12/2018,2/01/2019,CRH,202,1,14,15,MAREEBA,COOK
4670,3,3 BR DETACHED HOUSE,21/12/2018,8/01/2019,15/01/2019,CRH,208,18,7,25,BUNDABERG,BUNDABERG
4670,2,2 BR DUPLEX,8/01/2019,8/01/2019,11/01/2019,CRH,208,0,3,3,BUNDABERG,BUNDABERG
4165,4,4 BR DETACHED HOUSE,24/10/2018,28/11/2018,14/01/2019,CRH,106,35,47,82,REDLAND,REDLANDS
4178,2,2 BR ATTACHED HOUSING,4/09/2018,20/09/2018,14/01/2019,CRH,109,16,116,132,BRISBANE,LYTTON
4178,2,2 BR ATTACHED HOUSING,30/07/2018,24/09/2018,14/01/2019,CRH,109,56,112,168,BRISBANE,LYTTON
4178,2,2 BR APARTMENT,3/08/2018,20/09/2018,14/01/2019,CRH,109,48,116,164,BRISBANE,LYTTON
4812,2,2 BR APARTMENT,17/01/2019,24/01/2019,24/01/2019,CRH,201,7,0,7,TOWNSVILLE,TOWNSVILLE
4812,2,2 BR APARTMENT,16/01/2019,18/01/2019,18/01/2019,CRH,201,2,0,2,TOWNSVILLE,TOWNSVILLE
4812,2,2 BR APARTMENT,14/11/2018,14/12/2018,24/01/2019,CRH,201,30,41,71,TOWNSVILLE,TOWNSVILLE
4012,3,3 BR DETACHED HOUSE,2/11/2018,13/11/2018,3/01/2019,CRH,105,11,51,62,BRISBANE,NUDGEE
4030,2,2 BR DETACHED HOUSE,5/12/2018,9/01/2019,9/01/2019,CRH,108,35,0,35,BRISBANE,CLAYFIELD
4030,4,4 BR DETACHED HOUSE,28/11/2018,9/01/2019,9/01/2019,CRH,108,42,0,42,BRISBANE,CLAYFIELD
4215,2,2 BR DUPLEX,10/01/2019,11/01/2019,23/01/2019,CRH,204,1,12,13,GOLD COAST,SOUTHPORT
4017,2,2 BR DETACHED HOUSE,3/01/2019,8/01/2019,9/01/2019,CRH,105,5,1,6,BRISBANE,SANDGATE
4121,1,1 BR DUPLEX,14/01/2019,21/01/2019,22/01/2019,CRH,107,7,1,8,BRISBANE,GREENSLOPES
4870,2,2 BR DUPLEX,3/01/2019,7/01/2019,30/01/2019,CRH,202,4,23,27,CAIRNS,CAIRNS
4810,2,2 BR APARTMENT,15/01/2019,22/01/2019,24/01/2019,CLH,201,7,2,9,TOWNSVILLE,TOWNSVILLE
4870,1,1 BR APARTMENT,3/10/2018,4/10/2018,2/01/2019,CBH,202,1,90,91,CAIRNS,CAIRNS
4860,2,2 BR APARTMENT,8/01/2019,9/01/2019,23/01/2019,CLH,202,1,14,15,CASSOWARY COAST,HILL
4102,2,2 BR APARTMENT,18/01/2019,21/01/2019,22/01/2019,CRH,107,3,1,4,BRISBANE,SOUTH BRISBANE
4737,2,2 BR CLUSTER HOUSING,19/12/2018,7/01/2019,16/01/2019,CLH,203,19,9,28,MACKAY,MIRANI
4510,3,3 BR CLUSTER HOUSING,11/12/2018,21/12/2018,18/01/2019,CLH,103,10,28,38,MORETON BAY,MORAYFIELD
4209,2,2 BR APARTMENT,21/01/2019,24/01/2019,25/01/2019,CAH,204,3,1,4,GOLD COAST,COOMERA
4825,2,2 BR DETACHED HOUSE,30/11/2018,12/12/2018,23/01/2019,CRH,209,12,42,54,MOUNT ISA,TRAEGER
4006,1,1 BR APARTMENT,17/01/2019,17/01/2019,17/01/2019,CAH,108,0,0,0,BRISBANE,BRISBANE CENTRAL
4700,1,1 BR APARTMENT,3/12/2018,9/01/2019,10/01/2019,CLT,206,37,1,38,ROCKHAMPTON,ROCKHAMPTON
4700,2,2 BR APARTMENT,3/12/2018,16/01/2019,16/01/2019,CLT,206,44,0,44,ROCKHAMPTON,ROCKHAMPTON
4700,2,2 BR APARTMENT,12/12/2018,24/12/2018,3/01/2019,CLT,206,12,10,22,ROCKHAMPTON,ROCKHAMPTON
4006,1,1 BR APARTMENT,24/01/2019,30/01/2019,30/01/2019,CRH,108,6,0,6,BRISBANE,MCCONNEL
4818,2,2 BR CLUSTER HOUSING,21/12/2018,7/01/2019,11/01/2019,CLT,201,17,4,21,TOWNSVILLE,HINCHINBROOK
4032,1,1 BR APARTMENT,11/12/2018,12/12/2018,14/01/2019,CAH,105,1,33,34,BRISBANE,STAFFORD
4560,2,2 BR APARTMENT,13/12/2018,13/12/2018,18/01/2019,CLT,205,0,36,36,SUNSHINE COAST,NICKLIN
4211,1,1 BR APARTMENT,7/01/2019,7/01/2019,8/01/2019,CAH,204,0,1,1,GOLD COAST,GAVEN
4160,3,3 BR DETACHED HOUSE,26/07/2018,15/08/2018,14/01/2019,CRH,106,20,152,172,REDLAND,OODGEROO
4215,2,2 BR DUPLEX,12/12/2018,24/01/2019,25/01/2019,CRH,204,43,1,44,GOLD COAST,SOUTHPORT
4174,3,3 BR DETACHED HOUSE,28/11/2018,16/01/2019,16/01/2019,CRH,109,49,0,49,BRISBANE,LYTTON
4655,2,2 BR DUAL OCCUPANCY,10/01/2019,24/01/2019,24/01/2019,CRH,213,14,0,14,FRASER COAST,HERVEY BAY
4032,4,4 BR DETACHED HOUSE,19/12/2018,3/01/2019,21/01/2019,CRH,105,15,18,33,BRISBANE,STAFFORD
4304,2,2 BR DETACHED HOUSE,21/12/2018,15/01/2019,22/01/2019,CRH,102,25,7,32,IPSWICH,IPSWICH
4881,1,1 BR DUPLEX,10/12/2018,12/12/2018,18/01/2019,CLT,202,2,37,39,MAREEBA,BARRON RIVER
4305,4,4 BR DETACHED HOUSE,5/12/2018,2/01/2019,4/01/2019,CRH,102,28,2,30,IPSWICH,IPSWICH
4810,2,2 BR ATTACHED HOUSING,10/12/2018,18/12/2018,18/01/2019,CRH,201,8,31,39,TOWNSVILLE,TOWNSVILLE
4810,2,2 BR APARTMENT,3/01/2019,9/01/2019,29/01/2019,CRH,201,6,20,26,TOWNSVILLE,TOWNSVILLE
4165,5,5 BR DETACHED HOUSE,12/09/2018,20/09/2018,14/01/2019,CRH,106,8,116,124,REDLAND,REDLANDS
4179,2,2 BR APARTMENT,18/09/2018,14/01/2019,14/01/2019,CRH,109,118,0,118,BRISBANE,LYTTON
4178,3,3 BR DETACHED HOUSE,18/07/2018,20/09/2018,14/01/2019,CRH,109,64,116,180,BRISBANE,LYTTON
4157,4,4 BR DETACHED HOUSE,1/11/2018,28/11/2018,14/01/2019,CRH,106,27,47,74,REDLAND,CAPALABA
4506,2,2 BR DUPLEX,31/10/2018,6/11/2018,15/01/2019,CRH,103,6,70,76,MORETON BAY,MORAYFIELD
4032,1,1 BR APARTMENT,14/01/2019,15/01/2019,15/01/2019,CRH,105,1,0,1,BRISBANE,STAFFORD
4883,3,3 BR DETACHED HOUSE,15/01/2019,16/01/2019,22/01/2019,CRH,202,1,6,7,TABLELANDS,HILL
4127,3,3 BR DETACHED HOUSE,10/01/2019,10/01/2019,23/01/2019,CRH,101,0,13,13,LOGAN,WATERFORD
4868,2,2 BR APARTMENT,13/12/2018,14/12/2018,15/01/2019,CRH,202,1,32,33,CAIRNS,MULGRAVE
4178,3,3 BR DETACHED HOUSE,23/10/2018,14/01/2019,14/01/2019,CRH,109,83,0,83,BRISBANE,LYTTON
4179,3,3 BR DETACHED HOUSE,7/09/2018,1/11/2018,14/01/2019,CRH,109,55,74,129,BRISBANE,LYTTON
4077,3,3 BR DETACHED HOUSE,15/11/2018,22/01/2019,25/01/2019,CRH,104,68,3,71,BRISBANE,INALA
4510,3,3 BR ATTACHED HOUSING,15/01/2019,22/01/2019,22/01/2019,CRH,103,7,0,7,MORETON BAY,MORAYFIELD
4510,3,3 BR ATTACHED HOUSING,18/01/2019,23/01/2019,23/01/2019,CRH,103,5,0,5,MORETON BAY,MORAYFIELD
4510,3,3 BR ATTACHED HOUSING,18/01/2019,23/01/2019,23/01/2019,CRH,103,5,0,5,MORETON BAY,MORAYFIELD
4701,2,2 BR APARTMENT,8/01/2019,9/01/2019,11/01/2019,CRH,206,1,2,3,ROCKHAMPTON,ROCKHAMPTON
4701,2,2 BR APARTMENT,3/01/2019,11/01/2019,16/01/2019,CRH,206,8,5,13,ROCKHAMPTON,ROCKHAMPTON
4178,3,3 BR DETACHED HOUSE,6/09/2018,7/09/2018,14/01/2019,CRH,109,1,129,130,BRISBANE,LYTTON
4178,2,2 BR CLUSTER HOUSING,20/06/2018,3/09/2018,14/01/2019,CRH,109,75,133,208,BRISBANE,LYTTON
4825,1,1 BR APARTMENT,1/11/2018,16/11/2018,7/01/2019,CRH,209,15,52,67,MOUNT ISA,TRAEGER
4158,3,3 BR DETACHED HOUSE,13/09/2018,3/10/2018,14/01/2019,CRH,106,20,103,123,REDLAND,CAPALABA
4178,3,3 BR ATTACHED HOUSING,18/09/2018,16/01/2019,16/01/2019,CRH,109,120,0,120,BRISBANE,LYTTON
4179,1,1 BR APARTMENT,28/08/2018,17/10/2018,14/01/2019,CRH,109,50,89,139,BRISBANE,LYTTON
4159,3,3 BR DETACHED HOUSE,22/08/2018,20/09/2018,14/01/2019,CRH,106,29,116,145,REDLAND,OODGEROO
4179,2,2 BR CLUSTER HOUSING,13/09/2018,4/10/2018,14/01/2019,CRH,109,21,102,123,BRISBANE,LYTTON
4814,3,3 BR DETACHED HOUSE,3/01/2019,9/01/2019,29/01/2019,CRH,201,6,20,26,TOWNSVILLE,MUNDINGBURRA
4305,2,2 BR ATTACHED HOUSING,26/11/2018,6/12/2018,4/01/2019,CRH,102,10,29,39,IPSWICH,IPSWICH WEST
4670,3,3 BR DETACHED HOUSE,9/01/2019,9/01/2019,18/01/2019,CRH,208,0,9,9,BUNDABERG,BUNDABERG
4179,3,3 BR DETACHED HOUSE,31/01/2019,31/01/2019,31/01/2019,CRH,109,0,0,0,BRISBANE,LYTTON
4849,1,1 BR SENIOR UNIT,26/10/2018,26/10/2018,22/01/2019,CLN,202,0,88,88,CASSOWARY COAST,HINCHINBROOK
4304,4,4 BR DETACHED HOUSE,9/01/2019,15/01/2019,31/01/2019,CRH,102,6,16,22,IPSWICH,BUNDAMBA
4179,3,3 BR DETACHED HOUSE,31/10/2018,28/11/2018,14/01/2019,CRH,109,28,47,75,BRISBANE,LYTTON
4701,2,2 BR APARTMENT,12/12/2018,11/01/2019,24/01/2019,CRH,206,30,13,43,ROCKHAMPTON,KEPPEL
4825,2,2 BR CLUSTER HOUSING,4/10/2018,16/11/2018,17/01/2019,CRH,209,43,62,105,MOUNT ISA,TRAEGER
4825,1,1 BR CLUSTER HOUSING,11/12/2018,7/01/2019,7/01/2019,CRH,209,27,0,27,MOUNT ISA,TRAEGER
4178,3,3 BR ATTACHED HOUSING,28/11/2018,16/01/2019,16/01/2019,CRH,109,49,0,49,BRISBANE,LYTTON
4305,2,2 BR APARTMENT,14/01/2019,24/01/2019,25/01/2019,CRH,102,10,1,11,IPSWICH,IPSWICH
4115,2,2 BR APARTMENT,2/01/2019,2/01/2019,2/01/2019,CRH,104,0,0,0,BRISBANE,ALGESTER
4121,2,2 BR APARTMENT,14/12/2018,14/12/2018,15/01/2019,CRH,107,0,32,32,BRISBANE,MILLER
4870,1,1 BR APARTMENT,8/11/2018,9/11/2018,18/01/2019,CRH,202,1,70,71,CAIRNS,CAIRNS
4870,1,1 BR APARTMENT,27/11/2018,28/11/2018,18/01/2019,CRH,202,1,51,52,CAIRNS,CAIRNS
4870,1,1 BR APARTMENT,12/11/2018,8/01/2019,8/01/2019,CLT,202,57,0,57,CAIRNS,CAIRNS
4870,1,1 BR APARTMENT,12/11/2018,8/01/2019,8/01/2019,CLT,202,57,0,57,CAIRNS,CAIRNS
4870,1,1 BR APARTMENT,12/11/2018,8/01/2019,8/01/2019,CLT,202,57,0,57,CAIRNS,CAIRNS
4870,1,1 BR APARTMENT,12/11/2018,8/01/2019,8/01/2019,CLT,202,57,0,57,CAIRNS,CAIRNS
4870,1,1 BR APARTMENT,12/11/2018,8/01/2019,8/01/2019,CLT,202,57,0,57,CAIRNS,CAIRNS
4870,1,1 BR APARTMENT,12/11/2018,8/01/2019,8/01/2019,CLT,202,57,0,57,CAIRNS,CAIRNS
4870,1,1 BR APARTMENT,12/11/2018,8/01/2019,8/01/2019,CLT,202,57,0,57,CAIRNS,CAIRNS
4870,1,1 BR APARTMENT,12/11/2018,8/01/2019,8/01/2019,CLT,202,57,0,57,CAIRNS,CAIRNS
4870,1,1 BR APARTMENT,12/11/2018,8/01/2019,8/01/2019,CLT,202,57,0,57,CAIRNS,CAIRNS
4870,1,1 BR APARTMENT,12/11/2018,8/01/2019,8/01/2019,CLT,202,57,0,57,CAIRNS,CAIRNS
4870,1,1 BR APARTMENT,12/11/2018,8/01/2019,8/01/2019,CLT,202,57,0,57,CAIRNS,CAIRNS
4870,2,2 BR APARTMENT,12/11/2018,8/01/2019,8/01/2019,CLT,202,57,0,57,CAIRNS,CAIRNS
4870,1,1 BR APARTMENT,12/11/2018,8/01/2019,8/01/2019,CLT,202,57,0,57,CAIRNS,CAIRNS
4870,1,1 BR APARTMENT,12/11/2018,8/01/2019,8/01/2019,CLT,202,57,0,57,CAIRNS,CAIRNS
4870,1,1 BR APARTMENT,12/11/2018,8/01/2019,8/01/2019,CLT,202,57,0,57,CAIRNS,CAIRNS
4870,1,1 BR APARTMENT,12/11/2018,8/01/2019,8/01/2019,CLT,202,57,0,57,CAIRNS,CAIRNS
4870,1,1 BR APARTMENT,12/11/2018,8/01/2019,8/01/2019,CLT,202,57,0,57,CAIRNS,CAIRNS
4870,1,1 BR APARTMENT,12/11/2018,8/01/2019,8/01/2019,CLT,202,57,0,57,CAIRNS,CAIRNS
4810,1,1 BR APARTMENT,21/12/2018,3/01/2019,17/01/2019,CRH,201,13,14,27,TOWNSVILLE,TOWNSVILLE
4105,2,2 BR APARTMENT,5/12/2018,10/12/2018,22/01/2019,CRH,107,5,43,48,BRISBANE,MILLER
4012,2,2 BR APARTMENT,12/12/2018,19/12/2018,3/01/2019,CRH,105,7,15,22,BRISBANE,NUDGEE
4880,3,3 BR DETACHED HOUSE,14/12/2018,17/12/2018,2/01/2019,CRH,202,3,16,19,MAREEBA,COOK
4053,2,2 BR APARTMENT,10/12/2018,20/12/2018,25/02/2019,STC,105,10,67,77,BRISBANE,STAFFORD
4053,4,4 BR DETACHED HOUSE,23/01/2019,25/01/2019,1/02/2019,STC,105,2,7,9,BRISBANE,STAFFORD
4110,3,3 BR DETACHED HOUSE,10/04/2018,6/02/2019,6/02/2019,CRS,104,302,0,302,BRISBANE,ALGESTER
4034,2,2 BR ATTACHED HOUSING,22/02/2019,25/02/2019,28/02/2019,STC,105,3,3,6,BRISBANE,NUDGEE
4018,2,2 BR DETACHED HOUSE,16/01/2019,16/01/2019,14/02/2019,CRS,105,0,29,29,BRISBANE,SANDGATE
4169,1,1 BR APARTMENT,31/10/2018,4/02/2019,4/02/2019,CBH,108,96,0,96,BRISBANE,SOUTH BRISBANE
4101,1,1 BR APARTMENT,4/01/2019,18/02/2019,28/02/2019,CBH,108,45,10,55,BRISBANE,SOUTH BRISBANE
4102,1,1 BR APARTMENT,21/02/2019,22/02/2019,22/02/2019,CBH,107,1,0,1,BRISBANE,SOUTH BRISBANE
4031,2,2 BR APARTMENT,1/02/2019,1/02/2019,4/02/2019,CLT,105,0,3,3,BRISBANE,CLAYFIELD
4005,1,1 BR APARTMENT,30/01/2019,1/02/2019,1/02/2019,CBH,108,2,0,2,BRISBANE,MCCONNEL
4006,1,1 BR APARTMENT,4/02/2019,19/02/2019,19/02/2019,CBH,108,15,0,15,BRISBANE,MCCONNEL
4670,3,3 BR DETACHED HOUSE,28/06/2018,2/07/2018,4/02/2019,STC,208,4,217,221,BUNDABERG,BURNETT
4720,4,4 BR DETACHED HOUSE,30/11/2018,9/01/2019,8/02/2019,STC,211,40,30,70,CENTRAL HIGHLANDS,GREGORY
4417,3,3 BR DETACHED HOUSE,8/11/2011,15/11/2011,15/02/2019,CLH,207,7,2649,2656,MARANOA,WARREGO
4880,1,1 BR SENIOR UNIT,16/01/2019,18/01/2019,21/02/2019,CLT,202,2,34,36,MAREEBA,COOK
4880,1,1 BR SENIOR UNIT,15/01/2019,16/01/2019,5/02/2019,CLT,202,1,20,21,MAREEBA,COOK
4370,1,1 BR SENIOR UNIT,13/02/2019,14/02/2019,14/02/2019,CLT,207,1,0,1,SOUTHERN DOWNS,SOUTHERN DOWNS
4820,2,2 BR DUPLEX,8/01/2019,4/02/2019,21/02/2019,CLT,201,27,17,44,CHARTERS TOWERS,TRAEGER
4877,2,2 BR SENIOR UNIT,15/01/2019,16/01/2019,1/02/2019,CLT,202,1,16,17,DOUGLAS,COOK
4670,1,1 BR SENIOR UNIT,6/12/2018,7/12/2018,14/02/2019,CLT,208,1,69,70,BUNDABERG,BUNDABERG
4670,1,1 BR SENIOR UNIT,16/01/2019,16/01/2019,14/02/2019,CLT,208,0,29,29,BUNDABERG,BUNDABERG
4814,1,1 BR SENIOR UNIT,11/01/2019,4/02/2019,26/02/2019,CLT,201,24,22,46,TOWNSVILLE,TOWNSVILLE
4868,4,4 BR DETACHED HOUSE,11/09/2018,21/12/2018,28/02/2019,CLT,202,101,69,170,CAIRNS,MULGRAVE
4361,5,5 BR DETACHED HOUSE,13/11/1998,13/09/2002,28/02/2019,CLH,207,1400,6012,7412,TOOWOOMBA,CONDAMINE
4030,1,1 BR APARTMENT,30/01/2019,1/02/2019,1/02/2019,CBH,108,2,0,2,BRISBANE,CLAYFIELD
4560,1,1 BR APARTMENT,22/02/2019,22/02/2019,22/02/2019,CBH,205,0,0,0,SUNSHINE COAST,NICKLIN
4305,1,1 BR APARTMENT,1/11/2018,9/11/2018,28/02/2019,CBH,102,8,111,119,IPSWICH,IPSWICH WEST
4303,3,3 BR DETACHED HOUSE,14/01/2019,31/01/2019,14/02/2019,CRS,102,17,14,31,IPSWICH,BUNDAMBA
4700,1,1 BR APARTMENT,11/02/2019,18/02/2019,25/02/2019,CLH,206,7,7,14,ROCKHAMPTON,ROCKHAMPTON
4630,2,2 BR SENIOR UNIT,22/01/2019,20/02/2019,26/02/2019,CLT,208,29,6,35,NORTH BURNETT,CALLIDE
4680,3,3 BR DETACHED HOUSE,17/01/2019,22/02/2019,27/02/2019,CRS,212,36,5,41,GLADSTONE,GLADSTONE
4880,1,1 BR DUAL OCCUPANCY,16/01/2019,18/01/2019,13/02/2019,CLT,202,2,26,28,MAREEBA,COOK
4670,1,1 BR APARTMENT,29/01/2019,29/01/2019,14/02/2019,CLH,208,0,16,16,BUNDABERG,BUNDABERG
4670,1,1 BR APARTMENT,14/02/2019,19/02/2019,26/02/2019,CLH,208,5,7,12,BUNDABERG,BUNDABERG
4680,1,1 BR APARTMENT,6/09/2018,10/09/2018,22/02/2019,CBH,212,4,165,169,GLADSTONE,GLADSTONE
4680,1,1 BR APARTMENT,15/10/2018,3/12/2018,12/02/2019,CBH,212,49,71,120,GLADSTONE,GLADSTONE
4551,3,3 BR DUPLEX,27/09/2018,12/10/2018,13/02/2019,STC,205,15,124,139,SUNSHINE COAST,KAWANA
4550,4,4 BR DETACHED HOUSE,12/12/2018,12/12/2018,5/02/2019,CRS,205,0,55,55,SUNSHINE COAST,CALOUNDRA
4019,1,1 BR APARTMENT,26/10/2018,23/01/2019,26/02/2019,CBH,110,89,34,123,MORETON BAY,REDCLIFFE
4703,1,1 BR APARTMENT,22/01/2019,6/02/2019,6/02/2019,CBH,206,15,0,15,LIVINGSTONE,KEPPEL
4740,4,4 BR DETACHED HOUSE,5/02/2019,6/02/2019,14/02/2019,CRS,203,1,8,9,MACKAY,MACKAY
4740,1,1 BR APARTMENT,1/02/2019,11/02/2019,19/02/2019,CBH,203,10,8,18,MACKAY,MACKAY
4740,1,1 BR APARTMENT,19/02/2019,25/02/2019,27/02/2019,CBH,203,6,2,8,MACKAY,MACKAY
4740,1,1 BR APARTMENT,1/02/2019,7/02/2019,19/02/2019,CBH,203,6,12,18,MACKAY,MACKAY
4007,1,1 BR APARTMENT,14/01/2019,28/02/2019,28/02/2019,CBH,108,45,0,45,BRISBANE,CLAYFIELD
4006,1,1 BR APARTMENT,13/02/2019,19/02/2019,19/02/2019,CBH,108,6,0,6,BRISBANE,MCCONNEL
4006,1,1 BR APARTMENT,13/02/2019,21/02/2019,21/02/2019,CBH,108,8,0,8,BRISBANE,MCCONNEL
4006,1,1 BR APARTMENT,20/12/2018,1/02/2019,1/02/2019,CBH,108,43,0,43,BRISBANE,MCCONNEL
4680,2,2 BR APARTMENT,16/01/2019,5/02/2019,6/02/2019,CLH,212,20,1,21,GLADSTONE,GLADSTONE
4020,1,1 BR APARTMENT,1/02/2019,13/02/2019,13/02/2019,CLH,110,12,0,12,MORETON BAY,REDCLIFFE
4615,3,3 BR APARTMENT,10/01/2019,8/02/2019,8/02/2019,CLH,213,29,0,29,SOUTH BURNETT,NANANGO
4670,1,1 BR APARTMENT,4/02/2019,14/02/2019,14/02/2019,CBH,208,10,0,10,BUNDABERG,BUNDABERG
4814,1,1 BR APARTMENT,24/01/2019,25/01/2019,20/02/2019,CBH,201,1,26,27,TOWNSVILLE,MUNDINGBURRA
4701,1,1 BR APARTMENT,5/09/2018,6/09/2018,21/02/2019,CBH,206,1,168,169,ROCKHAMPTON,ROCKHAMPTON
4701,1,1 BR APARTMENT,21/02/2019,22/02/2019,22/02/2019,CBH,206,1,0,1,ROCKHAMPTON,ROCKHAMPTON
4701,1,1 BR APARTMENT,5/11/2018,19/11/2018,22/02/2019,CBH,206,14,95,109,ROCKHAMPTON,ROCKHAMPTON
4215,1,1 BR APARTMENT,22/01/2019,12/02/2019,19/02/2019,CAH,204,21,7,28,GOLD COAST,BONNEY
4680,1,1 BR APARTMENT,16/01/2019,12/02/2019,22/02/2019,CLH,212,27,10,37,GLADSTONE,GLADSTONE
4680,1,1 BR APARTMENT,27/11/2017,5/04/2018,8/02/2019,CLH,212,129,309,438,GLADSTONE,GLADSTONE
4000,1,1 BR APARTMENT,7/01/2019,4/02/2019,4/02/2019,CBG,108,28,0,28,BRISBANE,MCCONNEL
4805,1,1 BR APARTMENT,16/01/2019,29/01/2019,6/02/2019,CLH,203,13,8,21,WHITSUNDAY,BURDEKIN
4810,1,1 BR APARTMENT,4/01/2019,14/01/2019,9/02/2019,CLH,201,10,26,36,TOWNSVILLE,TOWNSVILLE
4006,1,1 BR APARTMENT,20/02/2019,20/02/2019,20/02/2019,CAH,108,0,0,0,BRISBANE,MCCONNEL
4006,1,1 BR APARTMENT,20/02/2019,20/02/2019,20/02/2019,CAH,108,0,0,0,BRISBANE,MCCONNEL
4006,1,1 BR APARTMENT,20/02/2019,20/02/2019,20/02/2019,CAH,108,0,0,0,BRISBANE,MCCONNEL
4020,1,1 BR APARTMENT,22/01/2019,5/02/2019,15/02/2019,CSO,110,14,10,24,MORETON BAY,REDCLIFFE
4020,1,1 BR APARTMENT,6/02/2019,26/02/2019,26/02/2019,CSO,110,20,0,20,MORETON BAY,REDCLIFFE
4020,1,1 BR APARTMENT,9/01/2019,15/02/2019,15/02/2019,CSO,110,37,0,37,MORETON BAY,REDCLIFFE
4006,1,1 BR APARTMENT,20/02/2019,20/02/2019,20/02/2019,CAH,108,0,0,0,BRISBANE,MCCONNEL
4012,2,2 BR APARTMENT,1/02/2019,1/02/2019,1/02/2019,CAH,105,0,0,0,BRISBANE,NUDGEE
4104,1,1 BR APARTMENT,22/01/2019,21/02/2019,28/02/2019,CLH,107,30,7,37,BRISBANE,MILLER
4870,2,2 BR ATTACHED HOUSING,15/01/2019,16/01/2019,28/02/2019,CLH,202,1,43,44,CAIRNS,CAIRNS
4812,1,1 BR APARTMENT,8/02/2019,15/02/2019,26/02/2019,CBH,201,7,11,18,TOWNSVILLE,TOWNSVILLE
4455,3,3 BR DETACHED HOUSE,2/07/2014,21/07/2014,13/02/2019,CLH,207,19,1668,1687,MARANOA,WARREGO
4059,1,1 BR APARTMENT,19/02/2019,28/02/2019,28/02/2019,CBH,108,9,0,9,BRISBANE,MCCONNEL
4059,1,1 BR APARTMENT,11/12/2018,21/02/2019,21/02/2019,CBH,108,72,0,72,BRISBANE,MCCONNEL
4030,2,2 BR APARTMENT,20/02/2019,20/02/2019,20/02/2019,CAH,108,0,0,0,BRISBANE,CLAYFIELD
4405,2,2 BR CLUSTER HOUSING,13/02/2019,14/02/2019,15/02/2019,CLT,207,1,1,2,WESTERN DOWNS,WARREGO
4020,1,1 BR APARTMENT,19/02/2019,26/02/2019,26/02/2019,CLH,110,7,0,7,MORETON BAY,REDCLIFFE
4510,1,1 BR APARTMENT,15/01/2019,15/01/2019,12/02/2019,CBH,103,0,28,28,MORETON BAY,MORAYFIELD
4701,1,1 BR APARTMENT,4/02/2019,5/02/2019,25/02/2019,CLH,206,1,20,21,ROCKHAMPTON,ROCKHAMPTON
4305,2,2 BR APARTMENT,14/01/2019,30/01/2019,25/02/2019,CLH,102,16,26,42,IPSWICH,IPSWICH WEST
4810,3,3 BR APARTMENT,13/12/2018,4/01/2019,8/02/2019,CLH,201,22,35,57,TOWNSVILLE,TOWNSVILLE
4701,1,1 BR APARTMENT,4/02/2019,6/02/2019,11/02/2019,CLH,206,2,5,7,ROCKHAMPTON,ROCKHAMPTON
4701,1,1 BR APARTMENT,4/02/2019,22/02/2019,26/02/2019,CLH,206,18,4,22,ROCKHAMPTON,ROCKHAMPTON
4650,2,2 BR APARTMENT,31/01/2019,11/02/2019,11/02/2019,CLH,213,11,0,11,FRASER COAST,MARYBOROUGH
4350,2,2 BR APARTMENT,5/04/2017,5/04/2017,8/02/2019,CLH,207,0,674,674,TOOWOOMBA,TOOWOOMBA NORTH
4105,2,2 BR APARTMENT,20/12/2018,8/01/2019,4/02/2019,CLH,107,19,27,46,BRISBANE,MILLER
4680,5,5 BR DETACHED HOUSE,16/01/2019,12/02/2019,12/02/2019,CLH,212,27,0,27,GLADSTONE,CALLIDE
4019,1,1 BR APARTMENT,19/12/2018,15/02/2019,15/02/2019,CLH,110,58,0,58,MORETON BAY,REDCLIFFE
4570,2,2 BR APARTMENT,13/12/2018,14/12/2018,6/02/2019,CLH,205,1,54,55,GYMPIE,GYMPIE
4820,2,2 BR APARTMENT,5/02/2019,14/02/2019,18/02/2019,CLH,201,9,4,13,CHARTERS TOWERS,TRAEGER
4076,2,2 BR APARTMENT,8/01/2019,8/01/2019,15/02/2019,CLH,104,0,38,38,BRISBANE,MOUNT OMMANEY
4570,2,2 BR APARTMENT,5/12/2018,5/12/2018,6/02/2019,CLH,205,0,63,63,GYMPIE,GYMPIE
4701,2,2 BR APARTMENT,27/06/2018,5/07/2018,26/02/2019,CLH,206,8,236,244,ROCKHAMPTON,ROCKHAMPTON
4209,2,2 BR APARTMENT,10/01/2019,6/02/2019,20/02/2019,CLH,204,27,14,41,GOLD COAST,COOMERA
4101,1,1 BR APARTMENT,1/02/2019,19/02/2019,19/02/2019,CSO,108,18,0,18,BRISBANE,SOUTH BRISBANE
4101,1,1 BR APARTMENT,14/12/2018,19/02/2019,19/02/2019,CSO,108,67,0,67,BRISBANE,SOUTH BRISBANE
4160,2,2 BR APARTMENT,14/01/2019,11/02/2019,11/02/2019,CLH,106,28,0,28,REDLAND,OODGEROO
4160,2,2 BR APARTMENT,17/12/2018,11/02/2019,11/02/2019,CLH,106,56,0,56,REDLAND,OODGEROO
4305,2,2 BR APARTMENT,3/01/2019,5/02/2019,6/02/2019,CLH,102,33,1,34,IPSWICH,IPSWICH WEST
4800,1,1 BR APARTMENT,25/01/2019,19/02/2019,19/02/2019,CLH,203,25,0,25,WHITSUNDAY,WHITSUNDAY
4703,1,1 BR APARTMENT,24/01/2019,4/02/2019,22/02/2019,CLH,206,11,18,29,LIVINGSTONE,KEPPEL
4031,2,2 BR APARTMENT,19/12/2018,3/01/2019,14/02/2019,CRH,105,15,42,57,BRISBANE,STAFFORD
4020,2,2 BR APARTMENT,8/01/2019,29/01/2019,1/02/2019,CRH,110,21,3,24,MORETON BAY,REDCLIFFE
4570,1,1 BR APARTMENT,8/02/2019,8/02/2019,22/02/2019,CRH,205,0,14,14,GYMPIE,GYMPIE
4883,2,2 BR DUPLEX,15/01/2019,16/01/2019,13/02/2019,CRH,202,1,28,29,TABLELANDS,DALRYMPLE
4655,2,2 BR DUPLEX,8/02/2019,15/02/2019,15/02/2019,CRH,213,7,0,7,FRASER COAST,HERVEY BAY
4670,3,3 BR DUPLEX,14/02/2019,18/02/2019,20/02/2019,CRH,208,4,2,6,BUNDABERG,BUNDABERG
4670,2,2 BR DUPLEX,29/01/2019,29/01/2019,18/02/2019,CRH,208,0,20,20,BUNDABERG,BUNDABERG
4161,3,3 BR DETACHED HOUSE,11/01/2019,11/02/2019,11/02/2019,CRH,106,31,0,31,REDLAND,CAPALABA
4159,3,3 BR DETACHED HOUSE,11/01/2019,19/02/2019,19/02/2019,CRH,106,39,0,39,REDLAND,OODGEROO
4179,3,3 BR DETACHED HOUSE,3/01/2019,12/02/2019,12/02/2019,CRH,109,40,0,40,BRISBANE,LYTTON
4740,2,2 BR DUPLEX,5/02/2019,5/02/2019,6/02/2019,CRH,203,0,1,1,MACKAY,MACKAY
4740,2,2 BR ATTACHED HOUSING,20/02/2019,22/02/2019,28/02/2019,CRH,203,2,6,8,MACKAY,MACKAY
4103,3,3 BR DETACHED HOUSE,14/01/2019,30/01/2019,20/02/2019,CRH,107,16,21,37,BRISBANE,SOUTH BRISBANE
4215,1,1 BR APARTMENT,10/01/2019,21/01/2019,25/02/2019,CRH,204,11,35,46,GOLD COAST,BONNEY
4680,1,1 BR APARTMENT,14/11/2018,15/11/2018,12/02/2019,CRH,212,1,89,90,GLADSTONE,GLADSTONE
4680,2,2 BR APARTMENT,13/12/2018,13/12/2018,12/02/2019,CRH,212,0,61,61,GLADSTONE,GLADSTONE
4860,2,2 BR APARTMENT,31/01/2019,31/01/2019,20/02/2019,CRH,202,0,20,20,CASSOWARY COAST,HILL
4860,2,2 BR DUPLEX,7/02/2019,7/02/2019,28/02/2019,CRH,202,0,21,21,CASSOWARY COAST,HILL
4870,2,2 BR APARTMENT,10/12/2018,12/12/2018,20/02/2019,CRH,202,2,70,72,CAIRNS,CAIRNS
4810,2,2 BR APARTMENT,9/02/2019,12/02/2019,22/02/2019,CLH,201,3,10,13,TOWNSVILLE,TOWNSVILLE
4810,2,2 BR APARTMENT,5/02/2019,5/02/2019,12/02/2019,CLH,201,0,7,7,TOWNSVILLE,TOWNSVILLE
4870,1,1 BR APARTMENT,3/01/2019,4/01/2019,5/02/2019,CBH,202,1,32,33,CAIRNS,CAIRNS
4860,2,2 BR APARTMENT,12/12/2018,13/12/2018,20/02/2019,CLH,202,1,69,70,CASSOWARY COAST,HILL
4573,1,1 BR APARTMENT,7/02/2019,7/02/2019,7/02/2019,CLH,205,0,0,0,SUNSHINE COAST,MAROOCHYDORE
4850,2,2 BR APARTMENT,5/02/2019,12/02/2019,26/02/2019,CLH,201,7,14,21,HINCHINBROOK,HINCHINBROOK
4132,3,3 BR CLUSTER HOUSING,21/02/2019,21/02/2019,21/02/2019,CAO,101,0,0,0,LOGAN,WOODRIDGE
4510,3,3 BR CLUSTER HOUSING,18/01/2019,15/02/2019,15/02/2019,CLH,103,28,0,28,MORETON BAY,MORAYFIELD
4215,1,1 BR APARTMENT,12/02/2019,19/02/2019,20/02/2019,CAH,204,7,1,8,GOLD COAST,SOUTHPORT
4680,2,2 BR APARTMENT,28/11/2018,13/12/2018,4/02/2019,CRH,212,15,53,68,GLADSTONE,GLADSTONE
4551,1,1 BR APARTMENT,3/12/2018,3/12/2018,1/02/2019,CAH,205,0,60,60,SUNSHINE COAST,CALOUNDRA
4551,3,3 BR APARTMENT,24/12/2018,21/01/2019,6/02/2019,CAH,205,28,16,44,SUNSHINE COAST,CALOUNDRA
4510,4,4 BR DETACHED HOUSE,18/01/2019,29/01/2019,6/02/2019,CRH,103,11,8,19,MORETON BAY,PUMICESTONE
4163,2,2 BR APARTMENT,16/01/2019,11/02/2019,11/02/2019,CAH,106,26,0,26,REDLAND,OODGEROO
4006,1,1 BR APARTMENT,20/02/2019,20/02/2019,20/02/2019,CAH,108,0,0,0,BRISBANE,BRISBANE CENTRAL
4006,1,1 BR APARTMENT,1/02/2019,1/02/2019,1/02/2019,CAH,108,0,0,0,BRISBANE,BRISBANE CENTRAL
4560,1,1 BR APARTMENT,11/01/2019,11/01/2019,6/02/2019,CLT,205,0,26,26,SUNSHINE COAST,NICKLIN
4560,1,1 BR APARTMENT,20/12/2018,20/12/2018,8/02/2019,CLT,205,0,50,50,SUNSHINE COAST,NICKLIN
4108,1,1 BR APARTMENT,1/02/2019,1/02/2019,1/02/2019,CAH,107,0,0,0,BRISBANE,TOOHEY
4174,3,3 BR DETACHED HOUSE,31/01/2019,11/02/2019,11/02/2019,CRH,109,11,0,11,BRISBANE,LYTTON
4161,3,3 BR DETACHED HOUSE,19/12/2018,18/02/2019,18/02/2019,CRH,106,61,0,61,REDLAND,CAPALABA
4558,3,3 BR DETACHED HOUSE,14/11/2018,14/11/2018,5/02/2019,CRH,205,0,83,83,SUNSHINE COAST,MAROOCHYDORE
4814,3,3 BR DETACHED HOUSE,24/01/2019,4/02/2019,26/02/2019,CRH,201,11,22,33,TOWNSVILLE,TOWNSVILLE
4109,2,2 BR DUPLEX,22/01/2019,24/01/2019,4/02/2019,CRH,107,2,11,13,BRISBANE,TOOHEY
4655,3,3 BR DETACHED HOUSE,24/01/2019,5/02/2019,5/02/2019,CRH,213,12,0,12,FRASER COAST,HERVEY BAY
4812,1,1 BR APARTMENT,18/02/2019,26/02/2019,28/02/2019,CRH,201,8,2,10,TOWNSVILLE,TOWNSVILLE
4031,2,2 BR APARTMENT,12/12/2018,19/12/2018,14/02/2019,CRH,105,7,57,64,BRISBANE,STAFFORD
4031,2,2 BR APARTMENT,12/12/2018,19/12/2018,14/02/2019,CRH,105,7,57,64,BRISBANE,STAFFORD
4053,2,2 BR APARTMENT,1/02/2019,1/02/2019,14/02/2019,CRH,105,0,13,13,BRISBANE,EVERTON
4883,3,3 BR DETACHED HOUSE,30/01/2019,31/01/2019,13/02/2019,CRH,202,1,13,14,TABLELANDS,HILL
4810,1,1 BR APARTMENT,24/01/2019,29/01/2019,9/02/2019,CRH,201,5,11,16,TOWNSVILLE,TOWNSVILLE
4740,1,1 BR APARTMENT,5/02/2019,14/02/2019,14/02/2019,CRH,203,9,0,9,MACKAY,MACKAY
4810,2,2 BR APARTMENT,29/01/2019,4/02/2019,15/02/2019,CRH,201,6,11,17,TOWNSVILLE,TOWNSVILLE
4870,3,3 BR DETACHED HOUSE,20/02/2019,21/02/2019,28/02/2019,CRH,202,1,7,8,CAIRNS,CAIRNS
4701,2,2 BR APARTMENT,3/01/2019,9/01/2019,8/02/2019,CRH,206,6,30,36,ROCKHAMPTON,ROCKHAMPTON
4208,3,3 BR APARTMENT,23/01/2019,25/01/2019,6/02/2019,CRH,204,2,12,14,GOLD COAST,COOMERA
4215,2,2 BR APARTMENT,21/01/2019,25/01/2019,6/02/2019,CRH,204,4,12,16,GOLD COAST,SOUTHPORT
4870,1,1 BR CLUSTER HOUSING,25/01/2019,25/01/2019,25/02/2019,CRH,202,0,31,31,CAIRNS,CAIRNS
4215,2,2 BR CLUSTER HOUSING,8/01/2019,21/01/2019,15/02/2019,CRH,204,13,25,38,GOLD COAST,BONNEY
4012,1,1 BR APARTMENT,18/02/2019,19/02/2019,19/02/2019,CRH,105,1,0,1,BRISBANE,NUDGEE
4303,4,4 BR DETACHED HOUSE,24/10/2018,6/11/2018,4/02/2019,CRH,102,13,90,103,IPSWICH,BUNDAMBA
4701,2,2 BR APARTMENT,4/02/2019,4/02/2019,4/02/2019,CRH,206,0,0,0,ROCKHAMPTON,KEPPEL
4114,2,2 BR ATTACHED HOUSING,7/01/2019,7/01/2019,1/02/2019,CRH,101,0,25,25,LOGAN,WOODRIDGE
4178,3,3 BR APARTMENT,20/12/2018,12/02/2019,18/02/2019,CRH,109,54,6,60,BRISBANE,LYTTON
4011,2,2 BR APARTMENT,18/01/2019,19/02/2019,19/02/2019,CRH,108,32,0,32,BRISBANE,CLAYFIELD
4870,3,3 BR DETACHED HOUSE,30/01/2019,31/01/2019,13/02/2019,CRH,202,1,13,14,CAIRNS,CAIRNS
4031,1,1 BR ATTACHED HOUSING,15/02/2019,18/02/2019,18/02/2019,CRH,105,3,0,3,BRISBANE,STAFFORD
4551,4,4 BR DETACHED HOUSE,8/10/2018,7/02/2019,7/02/2019,CRH,205,122,0,122,SUNSHINE COAST,KAWANA
4870,1,1 BR APARTMENT,30/01/2019,31/01/2019,20/02/2019,CRH,202,1,20,21,CAIRNS,CAIRNS
4560,4,4 BR DETACHED HOUSE,13/12/2018,14/12/2018,6/02/2019,CRH,205,1,54,55,SUNSHINE COAST,NICKLIN
4870,2,2 BR ATTACHED HOUSING,22/01/2019,22/01/2019,20/02/2019,CRH,202,0,29,29,CAIRNS,BARRON RIVER
4018,3,3 BR DETACHED HOUSE,25/01/2019,25/01/2019,1/02/2019,CRH,105,0,7,7,BRISBANE,SANDGATE
4740,2,2 BR APARTMENT,30/01/2019,1/02/2019,11/02/2019,CRH,203,2,10,12,MACKAY,MACKAY
4860,2,2 BR APARTMENT,30/01/2019,31/01/2019,20/02/2019,CRH,202,1,20,21,CASSOWARY COAST,HILL
4551,4,4 BR DETACHED HOUSE,1/02/2019,11/02/2019,22/02/2019,CRH,205,10,11,21,SUNSHINE COAST,KAWANA
4814,2,2 BR ATTACHED HOUSING,5/02/2019,5/02/2019,9/02/2019,CRH,201,0,4,4,TOWNSVILLE,MUNDINGBURRA
4518,3,3 BR DUPLEX,6/02/2019,8/02/2019,8/02/2019,CRH,205,2,0,2,SUNSHINE COAST,GLASS HOUSE
4812,1,1 BR APARTMENT,20/02/2019,20/02/2019,25/02/2019,CRH,201,0,5,5,TOWNSVILLE,MUNDINGBURRA
4870,3,3 BR DETACHED HOUSE,21/02/2019,25/02/2019,28/02/2019,CRH,202,4,3,7,CAIRNS,CAIRNS
4209,3,3 BR DUPLEX,22/02/2019,27/02/2019,28/02/2019,CRH,204,5,1,6,GOLD COAST,COOMERA
4005,1,1 BR APARTMENT,15/03/2019,28/03/2019,28/03/2019,CBH,108,13,0,13,BRISBANE,MCCONNEL
4005,1,1 BR APARTMENT,12/03/2019,28/03/2019,28/03/2019,CBH,108,16,0,16,BRISBANE,MCCONNEL
4101,1,1 BR APARTMENT,21/03/2019,28/03/2019,28/03/2019,CBH,108,7,0,7,BRISBANE,SOUTH BRISBANE
4102,1,1 BR APARTMENT,22/02/2019,4/03/2019,19/03/2019,CBH,107,10,15,25,BRISBANE,SOUTH BRISBANE
4102,1,1 BR APARTMENT,20/02/2019,21/02/2019,4/03/2019,CBH,107,1,11,12,BRISBANE,SOUTH BRISBANE
4122,6,6 BR DETACHED HOUSE,14/01/2019,14/03/2019,15/03/2019,CRS,107,59,1,60,BRISBANE,GREENSLOPES
4006,1,1 BR APARTMENT,7/03/2019,21/03/2019,21/03/2019,CBH,108,14,0,14,BRISBANE,MCCONNEL
4006,1,1 BR APARTMENT,15/03/2019,21/03/2019,21/03/2019,CBH,108,6,0,6,BRISBANE,MCCONNEL
4670,3,3 BR DETACHED HOUSE,18/01/2019,25/01/2019,28/03/2019,STC,208,7,62,69,BUNDABERG,BUNDABERG
4510,3,3 BR DETACHED HOUSE,16/01/2019,29/01/2019,5/03/2019,CRS,103,13,35,48,MORETON BAY,MORAYFIELD
4508,3,3 BR DETACHED HOUSE,21/02/2019,26/02/2019,26/03/2019,CRH,103,5,28,33,MORETON BAY,BANCROFT
4300,3,3 BR DETACHED HOUSE,6/02/2019,21/02/2019,5/03/2019,STR,102,15,12,27,IPSWICH,BUNDAMBA
4570,2,2 BR ATTACHED HOUSING,19/12/2018,9/01/2019,7/03/2019,STC,205,21,57,78,GYMPIE,GYMPIE
4570,3,3 BR DETACHED HOUSE,4/03/2019,18/03/2019,25/03/2019,CRS,205,14,7,21,GYMPIE,GYMPIE
4305,3,3 BR DETACHED HOUSE,24/01/2019,13/02/2019,7/03/2019,CRS,102,20,22,42,IPSWICH,IPSWICH WEST
4114,3,3 BR DETACHED HOUSE,13/03/2019,13/03/2019,13/03/2019,CRS,101,0,0,0,LOGAN,WOODRIDGE
4650,2,2 BR DUPLEX,22/01/2019,6/02/2019,7/03/2019,STC,213,15,29,44,FRASER COAST,MARYBOROUGH
4465,3,3 BR DETACHED HOUSE,1/11/2017,14/12/2017,14/03/2019,CLH,207,43,455,498,MARANOA,WARREGO
4305,3,3 BR DETACHED HOUSE,20/12/2018,13/02/2019,1/03/2019,CRS,102,55,16,71,IPSWICH,IPSWICH
4455,3,3 BR DETACHED HOUSE,15/02/2019,21/02/2019,14/03/2019,CLH,207,6,21,27,MARANOA,WARREGO
4818,3,3 BR DETACHED HOUSE,13/03/2019,15/03/2019,19/03/2019,CRH,201,2,4,6,TOWNSVILLE,HINCHINBROOK
4810,1,1 BR APARTMENT,7/03/2019,15/03/2019,22/03/2019,PHL,201,8,7,15,TOWNSVILLE,TOWNSVILLE
4814,3,3 BR DETACHED HOUSE,21/02/2019,26/02/2019,7/03/2019,CRS,201,5,9,14,TOWNSVILLE,THURINGOWA
4810,1,1 BR APARTMENT,8/03/2019,15/03/2019,27/03/2019,CBH,201,7,12,19,TOWNSVILLE,TOWNSVILLE
4880,1,1 BR SENIOR UNIT,20/02/2019,21/02/2019,7/03/2019,CLT,202,1,14,15,MAREEBA,COOK
4872,3,3 BR DUPLEX,20/02/2019,21/02/2019,13/03/2019,CLT,202,1,20,21,TABLELANDS,HILL
4714,1,1 BR APARTMENT,8/06/2018,18/06/2018,5/03/2019,CLT,206,10,260,270,ROCKHAMPTON,MIRANI
4877,1,1 BR SENIOR UNIT,11/03/2019,12/03/2019,22/03/2019,CLT,202,1,10,11,DOUGLAS,COOK
4670,1,1 BR SENIOR UNIT,14/02/2019,25/02/2019,28/03/2019,CLT,208,11,31,42,BUNDABERG,BUNDABERG
4726,2,2 BR SENIOR UNIT,1/11/2017,14/12/2017,29/03/2019,CLT,211,43,470,513,BARCALDINE,GREGORY
4860,1,1 BR SENIOR UNIT,19/07/2018,23/07/2018,7/03/2019,CLT,202,4,227,231,CASSOWARY COAST,HILL
4423,3,3 BR DETACHED HOUSE,4/10/2001,13/09/2002,14/03/2019,CLT,207,344,6026,6370,WESTERN DOWNS,WARREGO
4560,2,2 BR APARTMENT,11/01/2019,16/01/2019,12/03/2019,CLT,205,5,55,60,SUNSHINE COAST,NICKLIN
4560,2,2 BR APARTMENT,4/03/2019,19/03/2019,27/03/2019,CLT,205,15,8,23,SUNSHINE COAST,NICKLIN
4850,2,2 BR SENIOR UNIT,18/02/2019,21/02/2019,14/03/2019,CLT,201,3,21,24,HINCHINBROOK,HINCHINBROOK
4869,3,3 BR DETACHED HOUSE,9/10/2018,10/10/2018,18/03/2019,CLT,202,1,159,160,CAIRNS,MULGRAVE
4030,1,1 BR APARTMENT,7/03/2019,20/03/2019,20/03/2019,CBH,108,13,0,13,BRISBANE,CLAYFIELD
4030,1,1 BR APARTMENT,15/03/2019,28/03/2019,28/03/2019,CBH,108,13,0,13,BRISBANE,CLAYFIELD
4720,2,2 BR SENIOR UNIT,20/03/2018,14/11/2018,12/03/2019,CLT,211,239,118,357,CENTRAL HIGHLANDS,GREGORY
4570,3,3 BR CLUSTER HOUSING,25/03/2019,25/03/2019,25/03/2019,CRS,205,0,0,0,GYMPIE,GYMPIE
4570,1,1 BR APARTMENT,13/12/2018,19/12/2018,25/03/2019,CBH,205,6,96,102,GYMPIE,GYMPIE
4570,1,1 BR APARTMENT,4/03/2019,4/03/2019,25/03/2019,CBH,205,0,21,21,GYMPIE,GYMPIE
4701,2,2 BR SENIOR UNIT,9/01/2019,23/01/2019,5/03/2019,CLT,206,14,41,55,ROCKHAMPTON,KEPPEL
4305,1,1 BR APARTMENT,5/03/2019,5/03/2019,28/03/2019,CBH,102,0,23,23,IPSWICH,IPSWICH WEST
4114,3,3 BR DETACHED HOUSE,13/03/2019,13/03/2019,13/03/2019,CRS,101,0,0,0,LOGAN,WOODRIDGE
4726,2,2 BR SENIOR UNIT,1/11/2017,14/12/2017,29/03/2019,CLT,211,43,470,513,BARCALDINE,GREGORY
4680,3,3 BR DETACHED HOUSE,17/01/2019,13/02/2019,12/03/2019,CRS,212,27,27,54,GLADSTONE,GLADSTONE
4817,4,4 BR DETACHED HOUSE,21/02/2019,14/03/2019,26/03/2019,CRS,201,21,12,33,TOWNSVILLE,THURINGOWA
4680,1,1 BR APARTMENT,5/03/2019,5/03/2019,21/03/2019,CBH,212,0,16,16,GLADSTONE,GLADSTONE
4680,1,1 BR APARTMENT,12/02/2019,14/02/2019,5/03/2019,CBH,212,2,19,21,GLADSTONE,GLADSTONE
4555,4,4 BR DETACHED HOUSE,11/03/2019,20/03/2019,25/03/2019,CLH,205,9,5,14,SUNSHINE COAST,NICKLIN
4019,1,1 BR APARTMENT,13/03/2019,15/03/2019,20/03/2019,CBH,110,2,5,7,MORETON BAY,REDCLIFFE
4019,1,1 BR APARTMENT,6/11/2018,23/01/2019,13/03/2019,CBH,110,78,49,127,MORETON BAY,REDCLIFFE
4019,1,1 BR APARTMENT,13/02/2019,6/03/2019,27/03/2019,CBH,110,21,21,42,MORETON BAY,REDCLIFFE
4703,1,1 BR APARTMENT,21/12/2018,18/01/2019,5/03/2019,CBH,206,28,46,74,LIVINGSTONE,KEPPEL
4558,1,1 BR APARTMENT,1/03/2019,1/03/2019,25/03/2019,CBH,205,0,24,24,SUNSHINE COAST,MAROOCHYDORE
4740,1,1 BR APARTMENT,27/02/2019,4/03/2019,4/03/2019,CBH,203,5,0,5,MACKAY,MACKAY
4742,2,2 BR ATTACHED HOUSING,18/02/2019,4/03/2019,28/03/2019,CLT,203,14,24,38,ISAAC,BURDEKIN
4157,1,1 BR APARTMENT,18/03/2019,18/03/2019,18/03/2019,CBH,106,0,0,0,REDLAND,CAPALABA
4812,1,1 BR APARTMENT,20/03/2019,20/03/2019,20/03/2019,CSO,201,0,0,0,TOWNSVILLE,MUNDINGBURRA
4812,1,1 BR APARTMENT,14/03/2019,14/03/2019,20/03/2019,CSO,201,0,6,6,TOWNSVILLE,MUNDINGBURRA
4812,1,1 BR APARTMENT,22/03/2019,22/03/2019,22/03/2019,CSO,201,0,0,0,TOWNSVILLE,MUNDINGBURRA
4812,1,1 BR APARTMENT,19/03/2019,19/03/2019,19/03/2019,CSO,201,0,0,0,TOWNSVILLE,MUNDINGBURRA
4159,1,1 BR APARTMENT,5/12/2018,18/03/2019,19/03/2019,CBH,106,103,1,104,REDLAND,CAPALABA
4020,1,1 BR APARTMENT,13/02/2019,15/03/2019,15/03/2019,CLH,110,30,0,30,MORETON BAY,REDCLIFFE
4700,1,1 BR APARTMENT,6/02/2019,14/02/2019,13/03/2019,CLH,206,8,27,35,ROCKHAMPTON,ROCKHAMPTON
4104,1,1 BR APARTMENT,9/01/2019,28/02/2019,27/03/2019,CBH,107,50,27,77,BRISBANE,MILLER
4104,1,1 BR APARTMENT,28/02/2019,13/03/2019,27/03/2019,CBH,107,13,14,27,BRISBANE,MILLER
4701,1,1 BR APARTMENT,20/11/2018,5/12/2018,26/03/2019,CBH,206,15,111,126,ROCKHAMPTON,ROCKHAMPTON
4510,1,1 BR APARTMENT,18/12/2018,8/01/2019,12/03/2019,CBH,103,21,63,84,MORETON BAY,MORAYFIELD
4731,3,3 BR DETACHED HOUSE,1/11/2017,14/12/2017,29/03/2019,CLT,211,43,470,513,LONGREACH,GREGORY
4731,3,3 BR DETACHED HOUSE,1/11/2017,14/12/2017,29/03/2019,CLT,211,43,470,513,LONGREACH,GREGORY
4670,1,1 BR APARTMENT,13/03/2019,18/03/2019,21/03/2019,CLH,208,5,3,8,BUNDABERG,BUNDABERG
4680,1,1 BR APARTMENT,3/04/2018,3/04/2018,21/03/2019,CLH,212,0,352,352,GLADSTONE,GLADSTONE
4104,1,1 BR APARTMENT,19/02/2019,5/03/2019,6/03/2019,CBH,107,14,1,15,BRISBANE,MILLER
4743,3,3 BR DETACHED HOUSE,27/02/2019,1/03/2019,8/03/2019,CLT,203,2,7,9,ISAAC,BURDEKIN
4211,1,1 BR APARTMENT,19/02/2019,25/02/2019,19/03/2019,CAH,204,6,22,28,GOLD COAST,GAVEN
4410,3,3 BR DETACHED HOUSE,10/08/2018,13/08/2018,14/03/2019,CLT,207,3,213,216,WESTERN DOWNS,CALLIDE
4006,1,1 BR APARTMENT,21/03/2019,21/03/2019,21/03/2019,CAH,108,0,0,0,BRISBANE,MCCONNEL
4006,1,1 BR APARTMENT,29/03/2019,29/03/2019,29/03/2019,CAH,108,0,0,0,BRISBANE,MCCONNEL
4006,1,1 BR APARTMENT,12/03/2019,12/03/2019,12/03/2019,CAH,108,0,0,0,BRISBANE,MCCONNEL
4006,1,1 BR APARTMENT,19/03/2019,19/03/2019,19/03/2019,CAH,108,0,0,0,BRISBANE,MCCONNEL
4006,1,1 BR APARTMENT,12/03/2019,12/03/2019,12/03/2019,CAH,108,0,0,0,BRISBANE,MCCONNEL
4006,1,1 BR APARTMENT,19/03/2019,19/03/2019,19/03/2019,CAH,108,0,0,0,BRISBANE,MCCONNEL
4012,1,1 BR APARTMENT,7/03/2019,7/03/2019,7/03/2019,CAH,105,0,0,0,BRISBANE,NUDGEE
4670,4,4 BR DETACHED HOUSE,28/02/2019,4/03/2019,13/03/2019,CRS,208,4,9,13,BUNDABERG,BUNDABERG
4006,1,1 BR APARTMENT,6/02/2019,29/03/2019,29/03/2019,CBH,108,51,0,51,BRISBANE,MCCONNEL
4105,1,1 BR APARTMENT,28/02/2019,8/03/2019,14/03/2019,CBH,107,8,6,14,BRISBANE,TOOHEY
4870,2,2 BR ATTACHED HOUSING,20/02/2019,21/02/2019,19/03/2019,CLH,202,1,26,27,CAIRNS,CAIRNS
4870,3,3 BR ATTACHED HOUSING,7/02/2019,7/02/2019,11/03/2019,CLH,202,0,32,32,CAIRNS,CAIRNS
4870,2,2 BR ATTACHED HOUSING,28/02/2019,1/03/2019,28/03/2019,CLH,202,1,27,28,CAIRNS,CAIRNS
4870,1,1 BR APARTMENT,11/03/2019,12/03/2019,22/03/2019,CBH,202,1,10,11,CAIRNS,CAIRNS
4870,1,1 BR APARTMENT,25/01/2019,25/01/2019,11/03/2019,CBH,202,0,45,45,CAIRNS,CAIRNS
4030,3,3 BR APARTMENT,19/03/2019,19/03/2019,19/03/2019,CAH,108,0,0,0,BRISBANE,CLAYFIELD
4030,1,1 BR APARTMENT,29/03/2019,29/03/2019,29/03/2019,CAH,108,0,0,0,BRISBANE,CLAYFIELD
4020,1,1 BR APARTMENT,15/01/2019,21/01/2019,19/03/2019,CLH,110,6,57,63,MORETON BAY,REDCLIFFE
4701,1,1 BR APARTMENT,4/02/2019,19/02/2019,14/03/2019,CLH,206,15,23,38,ROCKHAMPTON,ROCKHAMPTON
4305,2,2 BR APARTMENT,4/02/2019,14/02/2019,15/03/2019,CLH,102,10,29,39,IPSWICH,IPSWICH WEST
4810,2,2 BR APARTMENT,19/02/2019,1/03/2019,1/03/2019,CLH,201,10,0,10,TOWNSVILLE,TOWNSVILLE
4519,2,2 BR APARTMENT,25/03/2019,25/03/2019,25/03/2019,CLH,205,0,0,0,SUNSHINE COAST,CALOUNDRA
4519,2,2 BR APARTMENT,25/03/2019,25/03/2019,25/03/2019,CLH,205,0,0,0,SUNSHINE COAST,CALOUNDRA
4350,2,2 BR APARTMENT,13/02/2019,26/02/2019,8/03/2019,CLH,207,13,10,23,TOOWOOMBA,TOOWOOMBA NORTH
4350,2,2 BR APARTMENT,13/02/2019,22/03/2019,26/03/2019,CLH,207,37,4,41,TOOWOOMBA,TOOWOOMBA SOUTH
4300,2,2 BR APARTMENT,5/03/2019,20/03/2019,20/03/2019,CLH,102,15,0,15,IPSWICH,BUNDAMBA
4207,2,2 BR APARTMENT,13/03/2019,13/03/2019,13/03/2019,CAO,101,0,0,0,LOGAN,MACALISTER
4350,2,2 BR APARTMENT,18/04/2016,24/05/2016,14/03/2019,CLH,207,36,1024,1060,TOOWOOMBA,TOOWOOMBA NORTH
4870,2,2 BR APARTMENT,8/01/2019,9/01/2019,11/03/2019,CLH,202,1,61,62,CAIRNS,CAIRNS
4820,2,2 BR APARTMENT,13/03/2019,15/03/2019,22/03/2019,CLH,201,2,7,9,CHARTERS TOWERS,TRAEGER
4655,1,1 BR APARTMENT,12/03/2019,26/03/2019,26/03/2019,CLH,213,14,0,14,FRASER COAST,HERVEY BAY
4655,1,1 BR APARTMENT,12/03/2019,14/03/2019,14/03/2019,CLH,213,2,0,2,FRASER COAST,HERVEY BAY
4655,2,2 BR APARTMENT,14/03/2019,26/03/2019,26/03/2019,CLH,213,12,0,12,FRASER COAST,HERVEY BAY
4810,2,2 BR APARTMENT,5/03/2019,8/03/2019,14/03/2019,CLH,201,3,6,9,TOWNSVILLE,TOWNSVILLE
4506,2,2 BR APARTMENT,19/02/2019,5/03/2019,5/03/2019,CLH,103,14,0,14,MORETON BAY,MORAYFIELD
4701,2,2 BR APARTMENT,4/06/2018,8/06/2018,4/03/2019,CLH,206,4,269,273,ROCKHAMPTON,ROCKHAMPTON
4701,2,2 BR APARTMENT,22/08/2018,12/09/2018,11/03/2019,CLH,206,21,180,201,ROCKHAMPTON,ROCKHAMPTON
4701,2,2 BR APARTMENT,16/04/2018,14/05/2018,22/03/2019,CLH,206,28,312,340,ROCKHAMPTON,ROCKHAMPTON
4573,1,1 BR APARTMENT,22/03/2019,22/03/2019,22/03/2019,CRS,205,0,0,0,SUNSHINE COAST,MAROOCHYDORE
4573,1,1 BR APARTMENT,25/03/2019,25/03/2019,25/03/2019,CLH,205,0,0,0,SUNSHINE COAST,MAROOCHYDORE
4133,2,2 BR APARTMENT,27/03/2019,27/03/2019,27/03/2019,CAO,101,0,0,0,LOGAN,WATERFORD
4703,1,1 BR APARTMENT,4/02/2019,19/02/2019,4/03/2019,CLH,206,15,13,28,LIVINGSTONE,KEPPEL
4301,2,2 BR APARTMENT,10/01/2019,31/01/2019,7/03/2019,CLH,102,21,35,56,IPSWICH,BUNDAMBA
4510,2,2 BR APARTMENT,13/02/2019,6/03/2019,6/03/2019,CRH,103,21,0,21,MORETON BAY,MORAYFIELD
4870,1,1 BR APARTMENT,31/01/2019,31/01/2019,19/03/2019,CRH,202,0,47,47,CAIRNS,CAIRNS
4655,2,2 BR DUPLEX,18/02/2019,14/03/2019,14/03/2019,CRH,213,24,0,24,FRASER COAST,HERVEY BAY
4670,3,3 BR ATTACHED HOUSING,8/03/2019,15/03/2019,26/03/2019,CRH,208,7,11,18,BUNDABERG,BUNDABERG
4670,3,3 BR ATTACHED HOUSING,26/03/2019,26/03/2019,26/03/2019,CRH,208,0,0,0,BUNDABERG,BUNDABERG
4670,2,2 BR ATTACHED HOUSING,4/03/2019,15/03/2019,15/03/2019,CRH,208,11,0,11,BUNDABERG,BUNDABERG
4670,3,3 BR DETACHED HOUSE,15/03/2019,21/03/2019,27/03/2019,CRH,208,6,6,12,BUNDABERG,BUNDABERG
4179,3,3 BR DETACHED HOUSE,27/03/2019,27/03/2019,27/03/2019,CRH,109,0,0,0,BRISBANE,LYTTON
4154,4,4 BR DETACHED HOUSE,14/12/2018,18/03/2019,18/03/2019,CRH,109,94,0,94,BRISBANE,CHATSWORTH
4178,2,2 BR ATTACHED HOUSING,1/02/2019,18/03/2019,18/03/2019,CRH,109,45,0,45,BRISBANE,LYTTON
4740,2,2 BR DUPLEX,4/03/2019,5/03/2019,14/03/2019,CRH,203,1,9,10,MACKAY,MACKAY
4812,2,2 BR APARTMENT,19/03/2019,25/03/2019,25/03/2019,CRH,201,6,0,6,TOWNSVILLE,TOWNSVILLE
4012,2,2 BR APARTMENT,15/03/2019,18/03/2019,21/03/2019,CRH,105,3,3,6,BRISBANE,NUDGEE
4680,1,1 BR APARTMENT,13/12/2018,13/12/2018,21/03/2019,CRH,212,0,98,98,GLADSTONE,GLADSTONE
4680,2,2 BR APARTMENT,13/03/2019,13/03/2019,13/03/2019,CRH,212,0,0,0,GLADSTONE,GLADSTONE
4106,2,2 BR APARTMENT,28/02/2019,14/03/2019,26/03/2019,CRH,107,14,12,26,BRISBANE,TOOHEY
4869,3,3 BR DETACHED HOUSE,1/03/2019,4/03/2019,5/03/2019,CRH,202,3,1,4,CAIRNS,MULGRAVE
4870,1,1 BR APARTMENT,5/02/2019,5/02/2019,18/03/2019,CBH,202,0,41,41,CAIRNS,CAIRNS
4573,1,1 BR APARTMENT,22/02/2019,22/02/2019,27/03/2019,CRS,205,0,33,33,SUNSHINE COAST,MAROOCHYDORE
4868,4,4 BR DETACHED HOUSE,20/02/2019,21/02/2019,28/03/2019,CLH,202,1,35,36,CAIRNS,MULGRAVE
4800,4,4 BR DETACHED HOUSE,15/03/2019,26/03/2019,26/03/2019,CLH,203,11,0,11,WHITSUNDAY,WHITSUNDAY
4102,2,2 BR APARTMENT,15/01/2019,15/01/2019,25/03/2019,CRH,107,0,69,69,BRISBANE,SOUTH BRISBANE
4670,1,1 BR APARTMENT,22/03/2019,22/03/2019,29/03/2019,CLH,208,0,7,7,BUNDABERG,BUNDABERG
4670,2,2 BR ATTACHED HOUSING,18/03/2019,25/03/2019,28/03/2019,CRH,208,7,3,10,BUNDABERG,BUNDABERG
4670,2,2 BR ATTACHED HOUSING,13/03/2019,20/03/2019,25/03/2019,CRH,208,7,5,12,BUNDABERG,BUNDABERG
4006,1,1 BR APARTMENT,12/03/2019,12/03/2019,12/03/2019,CAH,108,0,0,0,BRISBANE,MCCONNEL
4006,1,1 BR APARTMENT,7/03/2019,7/03/2019,7/03/2019,CAH,108,0,0,0,BRISBANE,MCCONNEL
4304,1,1 BR APARTMENT,3/12/2018,21/12/2018,7/03/2019,CAH,102,18,76,94,IPSWICH,IPSWICH
4209,2,2 BR APARTMENT,22/01/2019,6/02/2019,20/03/2019,CAH,204,15,42,57,GOLD COAST,COOMERA
4510,4,4 BR DETACHED HOUSE,6/02/2019,5/03/2019,5/03/2019,CRH,103,27,0,27,MORETON BAY,PUMICESTONE
4019,2,2 BR APARTMENT,27/02/2019,6/03/2019,6/03/2019,CRH,110,7,0,7,MORETON BAY,REDCLIFFE
4169,1,1 BR APARTMENT,21/03/2019,21/03/2019,21/03/2019,CAH,108,0,0,0,BRISBANE,SOUTH BRISBANE
4006,1,1 BR APARTMENT,7/03/2019,7/03/2019,7/03/2019,CAH,108,0,0,0,BRISBANE,BRISBANE CENTRAL
4006,1,1 BR APARTMENT,7/03/2019,7/03/2019,7/03/2019,CAH,108,0,0,0,BRISBANE,BRISBANE CENTRAL
4006,1,1 BR APARTMENT,19/03/2019,19/03/2019,19/03/2019,CAH,108,0,0,0,BRISBANE,BRISBANE CENTRAL
4700,2,2 BR APARTMENT,20/12/2018,7/02/2019,4/03/2019,CLT,206,49,25,74,ROCKHAMPTON,ROCKHAMPTON
4700,2,2 BR APARTMENT,17/01/2019,7/03/2019,7/03/2019,CLT,206,49,0,49,ROCKHAMPTON,ROCKHAMPTON
4810,1,1 BR APARTMENT,9/02/2019,15/02/2019,20/03/2019,CLT,201,6,33,39,TOWNSVILLE,TOWNSVILLE
4163,2,2 BR APARTMENT,29/01/2019,1/03/2019,20/03/2019,CAH,106,31,19,50,REDLAND,OODGEROO
4006,1,1 BR APARTMENT,24/01/2019,12/03/2019,12/03/2019,CRH,108,47,0,47,BRISBANE,MCCONNEL
4006,1,1 BR APARTMENT,26/02/2019,12/03/2019,12/03/2019,CRH,108,14,0,14,BRISBANE,MCCONNEL
4030,1,1 BR APARTMENT,7/03/2019,7/03/2019,7/03/2019,CAH,108,0,0,0,BRISBANE,CLAYFIELD
4113,4,4 BR DETACHED HOUSE,28/02/2019,18/03/2019,29/03/2019,CRH,107,18,11,29,BRISBANE,STRETTON
4122,3,3 BR DETACHED HOUSE,7/02/2019,28/02/2019,14/03/2019,CRH,107,21,14,35,BRISBANE,MANSFIELD
4110,3,3 BR DETACHED HOUSE,6/02/2019,7/02/2019,6/03/2019,CRH,104,1,27,28,BRISBANE,ALGESTER
4076,3,3 BR DETACHED HOUSE,26/03/2019,26/03/2019,26/03/2019,CRH,104,0,0,0,BRISBANE,MOUNT OMMANEY
4570,3,3 BR DETACHED HOUSE,3/07/2018,20/12/2018,29/03/2019,CRH,205,170,99,269,GYMPIE,GYMPIE
4815,4,4 BR DETACHED HOUSE,24/01/2019,13/03/2019,13/03/2019,CRH,201,48,0,48,TOWNSVILLE,THURINGOWA
4109,3,3 BR DETACHED HOUSE,12/03/2019,18/03/2019,29/03/2019,CRH,107,6,11,17,BRISBANE,STRETTON
4701,2,2 BR APARTMENT,14/02/2019,26/02/2019,22/03/2019,CRH,206,12,24,36,ROCKHAMPTON,ROCKHAMPTON
4740,3,3 BR DETACHED HOUSE,11/03/2019,15/03/2019,28/03/2019,CRH,203,4,13,17,MACKAY,MACKAY
4051,1,1 BR APARTMENT,19/02/2019,12/03/2019,12/03/2019,CAH,108,21,0,21,BRISBANE,FERNY GROVE
4700,2,2 BR APARTMENT,26/02/2019,25/03/2019,25/03/2019,CRH,206,27,0,27,ROCKHAMPTON,ROCKHAMPTON
4570,3,3 BR DETACHED HOUSE,8/02/2019,8/02/2019,25/03/2019,CRH,205,0,45,45,GYMPIE,GYMPIE
4883,3,3 BR DETACHED HOUSE,26/02/2019,14/03/2019,19/03/2019,CRH,202,16,5,21,TABLELANDS,HILL
4051,2,2 BR APARTMENT,11/02/2019,12/03/2019,12/03/2019,CRH,108,29,0,29,BRISBANE,FERNY GROVE
4506,4,4 BR DETACHED HOUSE,13/02/2019,13/03/2019,13/03/2019,CRH,103,28,0,28,MORETON BAY,MORAYFIELD
4215,2,2 BR APARTMENT,23/01/2019,1/03/2019,4/03/2019,CRH,204,37,3,40,GOLD COAST,SOUTHPORT
4558,3,3 BR DETACHED HOUSE,19/03/2019,19/03/2019,25/03/2019,CRH,205,0,6,6,SUNSHINE COAST,MAROOCHYDORE
4560,3,3 BR DETACHED HOUSE,30/01/2019,30/01/2019,25/03/2019,CRH,205,0,54,54,SUNSHINE COAST,NICKLIN
4510,3,3 BR DUPLEX,9/01/2019,26/02/2019,15/03/2019,CRH,103,48,17,65,MORETON BAY,MORAYFIELD
4114,2,2 BR APARTMENT,13/03/2019,13/03/2019,13/03/2019,CRH,101,0,0,0,LOGAN,WOODRIDGE
4510,3,3 BR ATTACHED HOUSING,27/02/2019,15/03/2019,15/03/2019,CRH,103,16,0,16,MORETON BAY,MORAYFIELD
4510,3,3 BR ATTACHED HOUSING,23/01/2019,29/01/2019,12/03/2019,CRH,103,6,42,48,MORETON BAY,MORAYFIELD
4510,3,3 BR ATTACHED HOUSING,23/01/2019,13/02/2019,1/03/2019,CRH,103,21,16,37,MORETON BAY,MORAYFIELD
4113,3,3 BR DETACHED HOUSE,4/03/2019,4/03/2019,14/03/2019,CRH,107,0,10,10,BRISBANE,STRETTON
4868,4,4 BR DETACHED HOUSE,8/01/2019,9/01/2019,11/03/2019,CRH,202,1,61,62,CAIRNS,MULGRAVE
4179,3,3 BR DETACHED HOUSE,28/11/2018,21/03/2019,21/03/2019,CRH,109,113,0,113,BRISBANE,LYTTON
4655,4,4 BR DETACHED HOUSE,4/03/2019,26/03/2019,26/03/2019,CRH,213,22,0,22,FRASER COAST,HERVEY BAY
4558,2,2 BR CLUSTER HOUSING,5/03/2019,18/03/2019,25/03/2019,CRH,205,13,7,20,SUNSHINE COAST,MAROOCHYDORE
4178,4,4 BR DETACHED HOUSE,17/10/2018,18/03/2019,18/03/2019,CRH,109,152,0,152,BRISBANE,LYTTON
4812,2,2 BR APARTMENT,26/02/2019,7/03/2019,7/03/2019,CRH,201,9,0,9,TOWNSVILLE,TOWNSVILLE
4158,2,2 BR APARTMENT,13/11/2018,18/03/2019,18/03/2019,CRH,106,125,0,125,REDLAND,CAPALABA
4870,2,2 BR APARTMENT,19/03/2019,20/03/2019,28/03/2019,CRH,202,1,8,9,CAIRNS,CAIRNS
4211,2,2 BR APARTMENT,10/01/2019,21/01/2019,19/03/2019,CRH,204,11,57,68,GOLD COAST,GAVEN
4305,2,2 BR APARTMENT,12/12/2018,4/01/2019,7/03/2019,CRS,102,23,62,85,IPSWICH,IPSWICH
4701,2,2 BR APARTMENT,4/02/2019,28/02/2019,4/03/2019,CRH,206,24,4,28,ROCKHAMPTON,KEPPEL
4750,2,2 BR DUPLEX,4/03/2019,4/03/2019,7/03/2019,CRH,203,0,3,3,MACKAY,WHITSUNDAY
4305,2,2 BR DUPLEX,2/01/2019,14/01/2019,7/03/2019,CRH,102,12,52,64,IPSWICH,IPSWICH
4158,3,3 BR DETACHED HOUSE,13/11/2018,18/03/2019,19/03/2019,CRH,106,125,1,126,REDLAND,CAPALABA
4670,3,3 BR DETACHED HOUSE,5/03/2019,13/03/2019,13/03/2019,CRH,208,8,0,8,BUNDABERG,BUNDABERG
4304,3,3 BR DETACHED HOUSE,7/03/2019,20/03/2019,28/03/2019,CRH,102,13,8,21,IPSWICH,IPSWICH
4305,3,3 BR ATTACHED HOUSING,8/02/2019,21/02/2019,1/03/2019,CRH,102,13,8,21,IPSWICH,IPSWICH WEST
4215,3,3 BR APARTMENT,21/03/2019,27/03/2019,27/03/2019,CRH,204,6,0,6,GOLD COAST,BONNEY
4306,3,3 BR ATTACHED HOUSING,11/01/2019,1/03/2019,1/03/2019,CAH,102,49,0,49,IPSWICH,IPSWICH
4306,3,3 BR ATTACHED HOUSING,11/01/2019,18/03/2019,25/03/2019,CAH,102,66,7,73,IPSWICH,IPSWICH
4306,3,3 BR ATTACHED HOUSING,11/01/2019,15/03/2019,15/03/2019,CAH,102,63,0,63,IPSWICH,IPSWICH
4306,3,3 BR ATTACHED HOUSING,11/01/2019,15/03/2019,15/03/2019,CAH,102,63,0,63,IPSWICH,IPSWICH
4306,2,2 BR ATTACHED HOUSING,11/01/2019,15/03/2019,15/03/2019,CAH,102,63,0,63,IPSWICH,IPSWICH
4306,2,2 BR ATTACHED HOUSING,11/01/2019,18/03/2019,25/03/2019,CAH,102,66,7,73,IPSWICH,IPSWICH
4306,2,2 BR ATTACHED HOUSING,11/01/2019,4/03/2019,14/03/2019,CAH,102,52,10,62,IPSWICH,IPSWICH
4031,2,2 BR ATTACHED HOUSING,11/02/2019,11/02/2019,29/03/2019,CRH,105,0,46,46,BRISBANE,STAFFORD
4870,2,2 BR DUPLEX,14/02/2019,20/02/2019,19/03/2019,CRH,202,6,27,33,CAIRNS,CAIRNS
4510,3,3 BR DETACHED HOUSE,21/02/2019,26/02/2019,5/03/2019,CRH,103,5,7,12,MORETON BAY,MORAYFIELD
4012,3,3 BR DETACHED HOUSE,27/02/2019,28/02/2019,5/03/2019,CRH,105,1,5,6,BRISBANE,NUDGEE
4815,3,3 BR DETACHED HOUSE,28/02/2019,28/02/2019,7/03/2019,CRH,201,0,7,7,TOWNSVILLE,THURINGOWA
4504,4,4 BR DETACHED HOUSE,7/03/2019,13/03/2019,13/03/2019,CRH,103,6,0,6,MORETON BAY,KURWONGBAH
4157,2,2 BR ATTACHED HOUSING,26/03/2019,27/03/2019,27/03/2019,CRH,106,1,0,1,REDLAND,CAPALABA
4032,3,3 BR DETACHED HOUSE,21/03/2019,25/03/2019,26/04/2019,CRS,105,4,32,36,BRISBANE,STAFFORD
4077,3,3 BR DETACHED HOUSE,3/04/2019,4/04/2019,4/04/2019,STC,104,1,0,1,BRISBANE,INALA
4077,3,3 BR DETACHED HOUSE,8/04/2019,16/04/2019,16/04/2019,STC,104,8,0,8,BRISBANE,INALA
4054,3,3 BR DETACHED HOUSE,29/03/2019,15/04/2019,15/04/2019,CRS,108,17,0,17,BRISBANE,FERNY GROVE
4171,2,2 BR ATTACHED HOUSING,4/01/2019,22/03/2019,8/04/2019,STR,109,77,17,94,BRISBANE,BULIMBA
4030,2,2 BR APARTMENT,19/11/2018,11/12/2018,9/04/2019,STR,108,22,119,141,BRISBANE,CLAYFIELD
4121,2,2 BR APARTMENT,4/01/2019,22/03/2019,2/04/2019,STR,107,77,11,88,BRISBANE,GREENSLOPES
4077,1,1 BR APARTMENT,8/04/2019,15/04/2019,17/04/2019,STC,104,7,2,9,BRISBANE,INALA
4077,1,1 BR APARTMENT,17/04/2019,17/04/2019,17/04/2019,STC,104,0,0,0,BRISBANE,INALA
4077,1,1 BR APARTMENT,24/04/2019,24/04/2019,26/04/2019,STC,104,0,2,2,BRISBANE,INALA
4171,2,2 BR ATTACHED HOUSING,21/03/2019,22/03/2019,2/04/2019,STR,109,1,11,12,BRISBANE,BULIMBA
4006,2,2 BR APARTMENT,16/11/2018,4/12/2018,9/04/2019,STR,108,18,126,144,BRISBANE,MCCONNEL
4169,1,1 BR APARTMENT,16/11/2018,15/03/2019,18/04/2019,CBH,108,119,34,153,BRISBANE,SOUTH BRISBANE
4102,1,1 BR APARTMENT,25/02/2019,18/03/2019,11/04/2019,CBH,107,21,24,45,BRISBANE,SOUTH BRISBANE
4006,1,1 BR APARTMENT,29/03/2019,9/04/2019,9/04/2019,CBH,108,11,0,11,BRISBANE,MCCONNEL
4556,4,4 BR DETACHED HOUSE,10/04/2019,10/04/2019,10/04/2019,CLH,205,0,0,0,SUNSHINE COAST,NINDERRY
4551,3,3 BR DETACHED HOUSE,28/03/2019,28/03/2019,16/04/2019,CRS,205,0,19,19,SUNSHINE COAST,KAWANA
4870,3,3 BR DETACHED HOUSE,29/03/2019,3/04/2019,4/04/2019,CRH,202,5,1,6,CAIRNS,CAIRNS
4132,3,3 BR DETACHED HOUSE,27/03/2019,27/03/2019,16/04/2019,CRS,101,0,20,20,LOGAN,WOODRIDGE
4303,3,3 BR DETACHED HOUSE,1/03/2019,28/03/2019,9/04/2019,CRS,102,27,12,39,IPSWICH,BUNDAMBA
4570,2,2 BR ATTACHED HOUSING,20/02/2019,20/02/2019,17/04/2019,CRS,205,0,56,56,GYMPIE,GYMPIE
4880,3,3 BR DETACHED HOUSE,20/03/2019,22/03/2019,17/04/2019,CLT,202,2,26,28,MAREEBA,COOK
4220,2,2 BR APARTMENT,27/03/2019,27/03/2019,1/04/2019,CBH,204,0,5,5,GOLD COAST,MERMAID BEACH
4502,2,2 BR APARTMENT,25/01/2019,8/04/2019,9/04/2019,STC,103,73,1,74,MORETON BAY,KURWONGBAH
4455,2,2 BR DETACHED HOUSE,3/11/2011,9/11/2011,16/04/2019,CLH,207,6,2715,2721,MARANOA,WARREGO
4455,3,3 BR DETACHED HOUSE,10/08/2018,17/12/2018,15/04/2019,CLH,207,129,119,248,MARANOA,WARREGO
4883,1,1 BR APARTMENT,13/12/2018,14/12/2018,10/04/2019,CLT,202,1,117,118,TABLELANDS,HILL
4650,1,1 BR APARTMENT,27/03/2019,17/04/2019,17/04/2019,CLT,213,21,0,21,FRASER COAST,MARYBOROUGH
4655,1,1 BR APARTMENT,26/03/2019,16/04/2019,16/04/2019,CLT,213,21,0,21,FRASER COAST,HERVEY BAY
4877,1,1 BR SENIOR UNIT,28/03/2019,29/03/2019,24/04/2019,CLT,202,1,26,27,DOUGLAS,COOK
4405,2,2 BR APARTMENT,11/07/2016,11/07/2016,17/04/2019,CLT,207,0,1010,1010,WESTERN DOWNS,WARREGO
4726,2,2 BR SENIOR UNIT,17/04/2019,17/04/2019,26/04/2019,CLT,211,0,9,9,BARCALDINE,GREGORY
4726,1,1 BR SENIOR UNIT,1/11/2017,14/12/2017,2/04/2019,CLT,211,43,474,517,BARCALDINE,GREGORY
4726,1,1 BR SENIOR UNIT,1/11/2017,14/12/2017,2/04/2019,CLT,211,43,474,517,BARCALDINE,GREGORY
4726,1,1 BR SENIOR UNIT,1/11/2017,14/12/2017,2/04/2019,CLT,211,43,474,517,BARCALDINE,GREGORY
4873,1,1 BR SENIOR UNIT,1/02/2019,1/02/2019,2/04/2019,CLT,202,0,60,60,DOUGLAS,COOK
4873,1,1 BR SENIOR UNIT,2/04/2019,3/04/2019,30/04/2019,CLT,202,1,27,28,DOUGLAS,COOK
4727,1,1 BR DUPLEX,1/11/2017,14/12/2017,8/04/2019,CLT,211,43,480,523,LONGREACH,GREGORY
4482,2,2 BR DUPLEX,1/11/2017,14/12/2017,8/04/2019,CLT,211,43,480,523,DIAMANTINA,GREGORY
4829,2,2 BR DUPLEX,1/11/2017,14/12/2017,8/04/2019,CLT,211,43,480,523,DIAMANTINA,GREGORY
4472,1,1 BR SENIOR UNIT,1/11/2017,14/12/2017,8/04/2019,CLT,211,43,480,523,BLACKALL TAMBO,GREGORY
4472,1,1 BR SENIOR UNIT,1/11/2017,14/12/2017,8/04/2019,CLT,211,43,480,523,BLACKALL TAMBO,GREGORY
4472,1,1 BR SENIOR UNIT,1/11/2017,14/12/2017,8/04/2019,CLT,211,43,480,523,BLACKALL TAMBO,GREGORY
4472,2,2 BR SENIOR UNIT,1/11/2017,14/12/2017,8/04/2019,CLT,211,43,480,523,BLACKALL TAMBO,GREGORY
4701,2,2 BR APARTMENT,1/11/2017,14/12/2017,15/04/2019,CLT,206,43,487,530,ROCKHAMPTON,KEPPEL
4701,3,3 BR APARTMENT,1/11/2017,14/12/2017,15/04/2019,CLT,206,43,487,530,ROCKHAMPTON,KEPPEL
4701,2,2 BR APARTMENT,1/11/2017,14/12/2017,15/04/2019,CLT,206,43,487,530,ROCKHAMPTON,KEPPEL
4702,2,2 BR SENIOR UNIT,1/11/2017,14/12/2017,8/04/2019,CLT,211,43,480,523,CENTRAL HIGHLANDS,GREGORY
4702,2,2 BR SENIOR UNIT,1/11/2017,14/12/2017,8/04/2019,CLT,211,43,480,523,CENTRAL HIGHLANDS,GREGORY
4829,3,3 BR DETACHED HOUSE,1/11/2017,14/12/2017,8/04/2019,CLT,211,43,480,523,DIAMANTINA,GREGORY
4482,3,3 BR DETACHED HOUSE,1/11/2017,14/12/2017,8/04/2019,CLT,211,43,480,523,DIAMANTINA,GREGORY
4482,1,1 BR APARTMENT,1/11/2017,14/12/2017,8/04/2019,CLT,211,43,480,523,DIAMANTINA,GREGORY
4829,1,1 BR APARTMENT,1/11/2017,14/12/2017,8/04/2019,CLT,211,43,480,523,DIAMANTINA,GREGORY
4829,1,1 BR APARTMENT,1/11/2017,14/12/2017,8/04/2019,CLT,211,43,480,523,DIAMANTINA,GREGORY
4829,1,1 BR APARTMENT,1/11/2017,14/12/2017,8/04/2019,CLT,211,43,480,523,DIAMANTINA,GREGORY
4829,1,1 BR APARTMENT,1/11/2017,14/12/2017,8/04/2019,CLT,211,43,480,523,DIAMANTINA,GREGORY
4829,1,1 BR APARTMENT,1/11/2017,14/12/2017,8/04/2019,CLT,211,43,480,523,DIAMANTINA,GREGORY
4558,2,2 BR APARTMENT,3/01/2019,16/01/2019,9/04/2019,STC,205,13,83,96,SUNSHINE COAST,MAROOCHYDORE
4110,3,3 BR DETACHED HOUSE,9/04/2019,9/04/2019,10/04/2019,CLH,104,0,1,1,BRISBANE,ALGESTER
4110,3,3 BR DETACHED HOUSE,10/04/2019,16/04/2019,16/04/2019,CLH,104,6,0,6,BRISBANE,ALGESTER
4005,1,1 BR APARTMENT,28/03/2019,8/04/2019,8/04/2019,CBH,108,11,0,11,BRISBANE,MCCONNEL
4720,3,3 BR SENIOR UNIT,14/11/2018,14/11/2018,26/04/2019,CLT,211,0,163,163,CENTRAL HIGHLANDS,GREGORY
4560,1,1 BR APARTMENT,27/03/2019,27/03/2019,5/04/2019,CBH,205,0,9,9,SUNSHINE COAST,NICKLIN
4883,4,4 BR DETACHED HOUSE,15/10/2018,3/04/2019,4/04/2019,CLH,202,170,1,171,TABLELANDS,HILL
4700,1,1 BR APARTMENT,4/03/2019,5/03/2019,2/04/2019,CBH,206,1,28,29,ROCKHAMPTON,ROCKHAMPTON
4700,1,1 BR APARTMENT,4/03/2019,10/04/2019,18/04/2019,CBH,206,37,8,45,ROCKHAMPTON,ROCKHAMPTON
4700,1,1 BR APARTMENT,11/04/2019,17/04/2019,18/04/2019,CBH,206,6,1,7,ROCKHAMPTON,ROCKHAMPTON
4482,2,2 BR DUAL OCCUPANCY,1/11/2017,14/12/2017,8/04/2019,CLT,211,43,480,523,DIAMANTINA,GREGORY
4482,3,3 BR DETACHED HOUSE,1/11/2017,14/12/2017,8/04/2019,CLT,211,43,480,523,DIAMANTINA,GREGORY
4680,3,3 BR DETACHED HOUSE,2/04/2019,4/04/2019,30/04/2019,CRS,212,2,26,28,GLADSTONE,GLADSTONE
4680,1,1 BR APARTMENT,16/01/2019,12/02/2019,2/04/2019,CBH,212,27,49,76,GLADSTONE,GLADSTONE
4680,1,1 BR APARTMENT,22/02/2019,1/03/2019,10/04/2019,CBH,212,7,40,47,GLADSTONE,GLADSTONE
4510,4,4 BR DETACHED HOUSE,29/03/2019,5/04/2019,16/04/2019,CRS,103,7,11,18,MORETON BAY,MORAYFIELD
4215,1,1 BR APARTMENT,17/04/2019,17/04/2019,17/04/2019,CBH,204,0,0,0,GOLD COAST,BONNEY
4019,1,1 BR APARTMENT,15/02/2019,13/03/2019,16/04/2019,CBH,110,26,34,60,MORETON BAY,REDCLIFFE
4350,1,1 BR APARTMENT,26/07/2017,1/08/2017,11/04/2019,CBH,207,6,618,624,TOOWOOMBA,TOOWOOMBA SOUTH
4558,1,1 BR APARTMENT,5/04/2019,16/04/2019,16/04/2019,CBH,205,11,0,11,SUNSHINE COAST,MAROOCHYDORE
4122,1,1 BR APARTMENT,19/03/2019,26/03/2019,15/04/2019,CBH,107,7,20,27,BRISBANE,MANSFIELD
4220,1,1 BR APARTMENT,21/01/2019,6/02/2019,3/04/2019,CBH,204,16,56,72,GOLD COAST,BURLEIGH
4220,1,1 BR APARTMENT,3/04/2019,3/04/2019,3/04/2019,CBH,204,0,0,0,GOLD COAST,BURLEIGH
4740,1,1 BR APARTMENT,5/04/2019,11/04/2019,16/04/2019,CBH,203,6,5,11,MACKAY,MACKAY
4740,1,1 BR APARTMENT,5/04/2019,11/04/2019,26/04/2019,CBH,203,6,15,21,MACKAY,MACKAY
4883,2,2 BR DUAL OCCUPANCY,28/03/2019,29/03/2019,9/04/2019,CLH,202,1,11,12,TABLELANDS,HILL
4007,1,1 BR APARTMENT,28/02/2019,15/04/2019,15/04/2019,CBH,108,46,0,46,BRISBANE,CLAYFIELD
4122,1,1 BR APARTMENT,12/03/2019,26/03/2019,10/04/2019,CLT,107,14,15,29,BRISBANE,MANSFIELD
4811,2,2 BR DUPLEX,4/04/2019,5/04/2019,29/04/2019,CLH,201,1,24,25,TOWNSVILLE,MUNDINGBURRA
4812,2,2 BR APARTMENT,22/03/2019,27/03/2019,9/04/2019,STR,201,5,13,18,TOWNSVILLE,TOWNSVILLE
4812,2,2 BR APARTMENT,22/03/2019,27/03/2019,1/04/2019,STR,201,5,5,10,TOWNSVILLE,TOWNSVILLE
4730,2,2 BR SENIOR UNIT,26/03/2019,28/03/2019,17/04/2019,CLT,211,2,20,22,LONGREACH,GREGORY
4700,1,1 BR APARTMENT,11/04/2019,18/04/2019,18/04/2019,CLH,206,7,0,7,ROCKHAMPTON,ROCKHAMPTON
4701,2,2 BR APARTMENT,14/02/2019,19/02/2019,2/04/2019,CLH,206,5,42,47,ROCKHAMPTON,ROCKHAMPTON
4829,3,3 BR DETACHED HOUSE,1/11/2017,14/12/2017,8/04/2019,CLT,211,43,480,523,DIAMANTINA,GREGORY
4104,1,1 BR APARTMENT,5/04/2019,12/04/2019,12/04/2019,CBH,107,7,0,7,BRISBANE,MILLER
4814,1,1 BR APARTMENT,2/04/2019,8/04/2019,30/04/2019,CBH,201,6,22,28,TOWNSVILLE,MUNDINGBURRA
4814,1,1 BR APARTMENT,10/04/2019,10/04/2019,10/04/2019,CBH,201,0,0,0,TOWNSVILLE,MUNDINGBURRA
4814,1,1 BR APARTMENT,10/04/2019,16/04/2019,18/04/2019,CBH,201,6,2,8,TOWNSVILLE,MUNDINGBURRA
4701,1,1 BR APARTMENT,28/02/2019,4/03/2019,1/04/2019,CBH,206,4,28,32,ROCKHAMPTON,ROCKHAMPTON
4510,1,1 BR APARTMENT,26/03/2019,26/03/2019,2/04/2019,CBH,103,0,7,7,MORETON BAY,MORAYFIELD
4510,1,1 BR APARTMENT,5/02/2019,15/02/2019,9/04/2019,CBH,103,10,53,63,MORETON BAY,MORAYFIELD
4670,1,1 BR APARTMENT,22/03/2019,25/03/2019,8/04/2019,CLH,208,3,14,17,BUNDABERG,BUNDABERG
4680,1,1 BR APARTMENT,27/02/2019,1/03/2019,30/04/2019,CLH,212,2,60,62,GLADSTONE,GLADSTONE
4161,2,2 BR APARTMENT,11/02/2019,3/04/2019,3/04/2019,CLH,106,51,0,51,REDLAND,CAPALABA
4805,1,1 BR APARTMENT,9/04/2019,17/04/2019,17/04/2019,CLH,203,8,0,8,WHITSUNDAY,BURDEKIN
4207,1,1 BR APARTMENT,2/04/2019,2/04/2019,16/04/2019,CAO,101,0,14,14,LOGAN,MACALISTER
4163,2,2 BR APARTMENT,26/03/2019,3/04/2019,3/04/2019,CLH,106,8,0,8,REDLAND,OODGEROO
4812,2,2 BR APARTMENT,27/03/2019,1/04/2019,3/04/2019,CRS,201,5,2,7,TOWNSVILLE,TOWNSVILLE
4868,1,1 BR APARTMENT,3/04/2019,4/04/2019,17/04/2019,CSO,202,1,13,14,CAIRNS,MULGRAVE
4868,1,1 BR APARTMENT,5/04/2019,12/04/2019,15/04/2019,CSO,202,7,3,10,CAIRNS,MULGRAVE
4868,1,1 BR APARTMENT,17/04/2019,18/04/2019,24/04/2019,CSO,202,1,6,7,CAIRNS,MULGRAVE
4868,1,1 BR APARTMENT,12/04/2019,15/04/2019,15/04/2019,CSO,202,3,0,3,CAIRNS,MULGRAVE
4802,2,2 BR APARTMENT,20/03/2019,1/04/2019,5/04/2019,CAH,203,12,4,16,WHITSUNDAY,WHITSUNDAY
4701,2,2 BR DUPLEX,11/04/2019,29/04/2019,29/04/2019,CRS,206,18,0,18,ROCKHAMPTON,KEPPEL
4701,2,2 BR DUPLEX,29/04/2019,29/04/2019,29/04/2019,CRS,206,0,0,0,ROCKHAMPTON,KEPPEL
4701,2,2 BR DUPLEX,4/04/2019,10/04/2019,10/04/2019,CRS,206,6,0,6,ROCKHAMPTON,KEPPEL
4870,2,2 BR ATTACHED HOUSING,13/03/2019,19/03/2019,16/04/2019,CLH,202,6,28,34,CAIRNS,CAIRNS
4655,1,1 BR APARTMENT,29/04/2019,30/04/2019,30/04/2019,CLH,213,1,0,1,FRASER COAST,HERVEY BAY
4059,1,1 BR APARTMENT,19/02/2019,8/04/2019,8/04/2019,CBH,108,48,0,48,BRISBANE,MCCONNEL
4812,2,2 BR ATTACHED HOUSING,1/04/2019,1/04/2019,4/04/2019,CRS,201,0,3,3,TOWNSVILLE,TOWNSVILLE
4209,2,2 BR DUPLEX,6/12/2018,14/12/2018,11/04/2019,CLH,204,8,118,126,GOLD COAST,COOMERA
4510,1,1 BR APARTMENT,9/04/2019,10/04/2019,26/04/2019,CBH,103,1,16,17,MORETON BAY,MORAYFIELD
4170,1,1 BR APARTMENT,25/03/2019,26/03/2019,18/04/2019,CLH,109,1,23,24,BRISBANE,BULIMBA
4670,2,2 BR APARTMENT,3/04/2019,5/04/2019,12/04/2019,CLH,208,2,7,9,BUNDABERG,BUNDABERG
4670,2,2 BR CLUSTER HOUSING,15/03/2019,15/03/2019,8/04/2019,CLH,208,0,24,24,BUNDABERG,BUNDABERG
4810,1,1 BR APARTMENT,25/02/2019,7/03/2019,4/04/2019,CLH,201,10,28,38,TOWNSVILLE,TOWNSVILLE
4304,2,2 BR APARTMENT,4/04/2019,23/04/2019,30/04/2019,CLH,102,19,7,26,IPSWICH,IPSWICH
4701,2,2 BR APARTMENT,28/02/2019,15/03/2019,23/04/2019,CLH,206,15,39,54,ROCKHAMPTON,ROCKHAMPTON
4076,2,2 BR APARTMENT,4/01/2019,8/01/2019,18/04/2019,CLH,104,4,100,104,BRISBANE,MOUNT OMMANEY
4655,2,2 BR APARTMENT,8/04/2019,15/04/2019,15/04/2019,CLH,213,7,0,7,FRASER COAST,HERVEY BAY
4169,1,1 BR APARTMENT,4/04/2019,23/04/2019,23/04/2019,CLH,108,19,0,19,BRISBANE,SOUTH BRISBANE
4169,2,2 BR APARTMENT,30/01/2019,18/04/2019,23/04/2019,CLH,108,78,5,83,BRISBANE,SOUTH BRISBANE
4655,1,1 BR APARTMENT,11/04/2019,30/04/2019,30/04/2019,CLH,213,19,0,19,FRASER COAST,HERVEY BAY
4101,1,1 BR APARTMENT,2/04/2019,4/04/2019,4/04/2019,CSO,108,2,0,2,BRISBANE,SOUTH BRISBANE
4013,1,1 BR APARTMENT,25/02/2019,4/03/2019,18/04/2019,CLH,105,7,45,52,BRISBANE,NUDGEE
4178,1,1 BR APARTMENT,3/04/2019,3/04/2019,3/04/2019,CBH,109,0,0,0,BRISBANE,LYTTON
4013,1,1 BR APARTMENT,15/01/2019,12/03/2019,15/04/2019,CLH,105,56,34,90,BRISBANE,NUDGEE
4510,1,1 BR APARTMENT,9/04/2019,9/04/2019,26/04/2019,CLH,103,0,17,17,MORETON BAY,MORAYFIELD
4800,1,1 BR APARTMENT,20/03/2019,2/04/2019,2/04/2019,CLH,203,13,0,13,WHITSUNDAY,WHITSUNDAY
4570,1,1 BR APARTMENT,11/03/2019,18/03/2019,16/04/2019,CRH,205,7,29,36,GYMPIE,GYMPIE
4880,3,3 BR DUPLEX,20/03/2019,22/03/2019,12/04/2019,CRH,202,2,21,23,MAREEBA,COOK
4670,2,2 BR ATTACHED HOUSING,21/03/2019,25/03/2019,1/04/2019,CRH,208,4,7,11,BUNDABERG,BUNDABERG
4670,2,2 BR DUPLEX,20/03/2019,26/03/2019,8/04/2019,CRH,208,6,13,19,BUNDABERG,BUNDABERG
4812,2,2 BR APARTMENT,18/04/2019,18/04/2019,29/04/2019,CRH,201,0,11,11,TOWNSVILLE,TOWNSVILLE
4110,3,3 BR DETACHED HOUSE,18/04/2019,18/04/2019,18/04/2019,CRH,104,0,0,0,BRISBANE,ALGESTER
4013,3,3 BR DETACHED HOUSE,21/03/2019,29/03/2019,9/04/2019,CRH,105,8,11,19,BRISBANE,NUDGEE
4012,3,3 BR DETACHED HOUSE,18/03/2019,22/03/2019,18/04/2019,CRH,105,4,27,31,BRISBANE,NUDGEE
4221,2,2 BR APARTMENT,13/03/2019,19/03/2019,10/04/2019,CRH,204,6,22,28,GOLD COAST,BURLEIGH
4215,2,2 BR DUPLEX,3/04/2019,8/04/2019,23/04/2019,CRH,204,5,15,20,GOLD COAST,SOUTHPORT
4868,3,3 BR DETACHED HOUSE,27/03/2019,1/04/2019,15/04/2019,CRH,202,5,14,19,CAIRNS,MULGRAVE
4019,2,2 BR DUPLEX,6/03/2019,6/03/2019,9/04/2019,CRH,110,0,34,34,MORETON BAY,REDCLIFFE
4680,1,1 BR APARTMENT,5/04/2019,6/04/2019,18/04/2019,CRH,212,1,12,13,GLADSTONE,GLADSTONE
4680,2,2 BR APARTMENT,11/04/2019,18/04/2019,30/04/2019,CRH,212,7,12,19,GLADSTONE,GLADSTONE
4506,2,2 BR DUPLEX,12/03/2019,13/03/2019,16/04/2019,CRH,103,1,34,35,MORETON BAY,MORAYFIELD
4121,1,1 BR DUPLEX,19/03/2019,1/04/2019,1/04/2019,CRH,107,13,0,13,BRISBANE,GREENSLOPES
4104,3,3 BR DUAL OCCUPANCY,28/02/2019,15/03/2019,3/04/2019,CRH,107,15,19,34,BRISBANE,MILLER
4870,3,3 BR DETACHED HOUSE,11/03/2019,12/03/2019,10/04/2019,CRH,202,1,29,30,CAIRNS,CAIRNS
4567,2,2 BR DUPLEX,28/03/2019,28/03/2019,5/04/2019,CRH,205,0,8,8,NOOSA,NOOSA
4860,2,2 BR APARTMENT,28/03/2019,29/03/2019,12/04/2019,CLH,202,1,14,15,CASSOWARY COAST,HILL
4825,2,2 BR APARTMENT,1/11/2018,23/01/2019,3/04/2019,CRH,209,83,70,153,MOUNT ISA,TRAEGER
4032,3,3 BR DETACHED HOUSE,22/03/2019,25/03/2019,18/04/2019,CRH,105,3,24,27,BRISBANE,STAFFORD
4883,2,2 BR DUPLEX,9/04/2019,24/04/2019,26/04/2019,CLH,202,15,2,17,TABLELANDS,HILL
4670,3,3 BR CLUSTER HOUSING,15/03/2019,15/03/2019,4/04/2019,CLH,208,0,20,20,BUNDABERG,BUNDABERG
4209,2,2 BR APARTMENT,13/03/2019,19/03/2019,17/04/2019,CAH,204,6,29,35,GOLD COAST,COOMERA
4350,2,2 BR ATTACHED HOUSING,19/02/2019,27/02/2019,15/04/2019,CLT,207,8,47,55,TOOWOOMBA,TOOWOOMBA SOUTH
4350,1,1 BR ATTACHED HOUSING,10/03/2011,19/04/2011,17/04/2019,CLT,207,40,2920,2960,TOOWOOMBA,TOOWOOMBA SOUTH
4551,1,1 BR APARTMENT,21/12/2018,5/04/2019,5/04/2019,CAH,205,105,0,105,SUNSHINE COAST,CALOUNDRA
4740,3,3 BR DETACHED HOUSE,27/03/2019,1/04/2019,8/04/2019,CRH,203,5,7,12,MACKAY,MACKAY
4700,2,2 BR APARTMENT,17/01/2019,1/04/2019,1/04/2019,CLT,206,74,0,74,ROCKHAMPTON,ROCKHAMPTON
4163,1,1 BR APARTMENT,29/01/2019,29/04/2019,29/04/2019,CAH,106,90,0,90,REDLAND,OODGEROO
4059,1,1 BR APARTMENT,25/09/2018,6/11/2018,2/04/2019,CLT,108,42,147,189,BRISBANE,COOPER
4108,1,1 BR APARTMENT,4/04/2019,5/04/2019,5/04/2019,CAH,107,1,0,1,BRISBANE,TOOHEY
4120,1,1 BR APARTMENT,8/04/2019,12/04/2019,12/04/2019,CRH,107,4,0,4,BRISBANE,GREENSLOPES
4169,2,2 BR APARTMENT,18/02/2019,18/04/2019,18/04/2019,CRH,108,59,0,59,BRISBANE,SOUTH BRISBANE
4880,2,2 BR DUPLEX,1/04/2019,2/04/2019,12/04/2019,CRH,202,1,10,11,MAREEBA,COOK
4179,2,2 BR APARTMENT,7/02/2019,16/04/2019,16/04/2019,CRH,109,68,0,68,BRISBANE,LYTTON
4701,2,2 BR APARTMENT,3/04/2019,5/04/2019,23/04/2019,CRH,206,2,18,20,ROCKHAMPTON,ROCKHAMPTON
4740,3,3 BR DETACHED HOUSE,9/04/2019,10/04/2019,12/04/2019,CRH,203,1,2,3,MACKAY,MACKAY
4215,2,2 BR APARTMENT,15/02/2019,20/02/2019,3/04/2019,CRH,204,5,42,47,GOLD COAST,BONNEY
4700,2,2 BR APARTMENT,28/02/2019,22/03/2019,1/04/2019,CRH,206,22,10,32,ROCKHAMPTON,ROCKHAMPTON
4700,2,2 BR DETACHED HOUSE,4/04/2019,11/04/2019,17/04/2019,CRH,206,7,6,13,ROCKHAMPTON,ROCKHAMPTON
4868,3,3 BR DETACHED HOUSE,5/04/2019,12/04/2019,24/04/2019,CRH,202,7,12,19,CAIRNS,MULGRAVE
4178,3,3 BR DETACHED HOUSE,26/07/2018,29/04/2019,29/04/2019,CRH,109,277,0,277,BRISBANE,LYTTON
4868,2,2 BR APARTMENT,19/03/2019,20/03/2019,12/04/2019,CRH,202,1,23,24,CAIRNS,MULGRAVE
4301,2,2 BR DUPLEX,2/04/2019,9/04/2019,9/04/2019,CRH,102,7,0,7,IPSWICH,BUNDAMBA
4112,4,4 BR DETACHED HOUSE,14/01/2019,19/02/2019,2/04/2019,CRH,107,36,42,78,BRISBANE,STRETTON
4109,3,3 BR DETACHED HOUSE,20/02/2019,12/04/2019,26/04/2019,CRH,107,51,14,65,BRISBANE,STRETTON
4701,2,2 BR DUPLEX,4/04/2019,5/04/2019,23/04/2019,CRH,206,1,18,19,ROCKHAMPTON,KEPPEL
4558,2,2 BR APARTMENT,5/04/2019,5/04/2019,16/04/2019,CRH,205,0,11,11,SUNSHINE COAST,MAROOCHYDORE
4825,1,1 BR APARTMENT,13/03/2019,17/04/2019,18/04/2019,CRH,209,35,1,36,MOUNT ISA,TRAEGER
4510,3,3 BR DETACHED HOUSE,26/03/2019,9/04/2019,9/04/2019,CRH,103,14,0,14,MORETON BAY,MORAYFIELD
4560,3,3 BR ATTACHED HOUSING,28/03/2019,28/03/2019,5/04/2019,CRH,205,0,8,8,SUNSHINE COAST,NICKLIN
4810,1,1 BR APARTMENT,10/04/2019,24/04/2019,24/04/2019,CRH,201,14,0,14,TOWNSVILLE,TOWNSVILLE
4216,1,1 BR APARTMENT,11/04/2019,17/04/2019,23/04/2019,CRH,204,6,6,12,GOLD COAST,BROADWATER
4019,3,3 BR DETACHED HOUSE,19/03/2019,19/03/2019,9/04/2019,CRH,110,0,21,21,MORETON BAY,REDCLIFFE
4030,1,1 BR APARTMENT,20/12/2018,20/12/2018,16/04/2019,STC,108,0,117,117,BRISBANE,CLAYFIELD
4870,1,1 BR APARTMENT,25/03/2019,27/03/2019,29/04/2019,CRH,202,2,33,35,CAIRNS,CAIRNS
4860,2,2 BR APARTMENT,25/03/2019,2/04/2019,12/04/2019,CRH,202,8,10,18,CASSOWARY COAST,HILL
4053,3,3 BR DETACHED HOUSE,26/02/2019,5/03/2019,16/04/2019,CRH,103,7,42,49,MORETON BAY,EVERTON
4680,2,2 BR DUPLEX,14/03/2019,20/03/2019,15/04/2019,CRH,212,6,26,32,GLADSTONE,GLADSTONE
4306,3,3 BR DUPLEX,25/03/2019,25/03/2019,8/04/2019,CAH,102,0,14,14,IPSWICH,IPSWICH
4306,3,3 BR DUPLEX,15/03/2019,20/03/2019,9/04/2019,CAH,102,5,20,25,IPSWICH,IPSWICH
4880,3,3 BR DETACHED HOUSE,25/03/2019,28/03/2019,12/04/2019,CRH,202,3,15,18,MAREEBA,COOK
4650,3,3 BR DETACHED HOUSE,2/04/2019,17/04/2019,17/04/2019,CRH,213,15,0,15,FRASER COAST,MARYBOROUGH
4012,3,3 BR DETACHED HOUSE,3/04/2019,4/04/2019,4/04/2019,CRH,105,1,0,1,BRISBANE,NUDGEE
4030,3,3 BR DETACHED HOUSE,4/04/2019,18/04/2019,18/04/2019,CRH,108,14,0,14,BRISBANE,CLAYFIELD
4030,3,3 BR DETACHED HOUSE,23/04/2019,23/04/2019,24/04/2019,CRH,108,0,1,1,BRISBANE,CLAYFIELD
4208,3,3 BR DETACHED HOUSE,5/04/2019,9/04/2019,10/04/2019,CRS,204,4,1,5,GOLD COAST,COOMERA
4217,2,2 BR APARTMENT,5/04/2019,9/04/2019,9/04/2019,CRS,204,4,0,4,GOLD COAST,SURFERS PARADISE
4151,2,2 BR APARTMENT,8/04/2019,9/04/2019,12/04/2019,CRH,107,1,3,4,BRISBANE,GREENSLOPES
4350,4,4 BR DETACHED HOUSE,9/04/2019,10/04/2019,16/04/2019,CRH,207,1,6,7,TOOWOOMBA,TOOWOOMBA SOUTH
4701,2,2 BR DETACHED HOUSE,10/04/2019,11/04/2019,23/04/2019,CRH,206,1,12,13,ROCKHAMPTON,ROCKHAMPTON
4120,1,1 BR APARTMENT,25/03/2019,2/05/2019,2/05/2019,CLH,107,38,0,38,BRISBANE,GREENSLOPES
4005,1,1 BR APARTMENT,16/05/2019,16/05/2019,30/05/2019,CBH,108,0,14,14,BRISBANE,MCCONNEL
4169,1,1 BR APARTMENT,29/04/2019,29/04/2019,7/05/2019,CBH,108,0,8,8,BRISBANE,SOUTH BRISBANE
4169,1,1 BR APARTMENT,2/05/2019,2/05/2019,30/05/2019,CBH,108,0,28,28,BRISBANE,SOUTH BRISBANE
4169,1,1 BR APARTMENT,31/10/2018,15/03/2019,7/05/2019,CBH,108,135,53,188,BRISBANE,SOUTH BRISBANE
4169,1,1 BR APARTMENT,23/04/2019,23/04/2019,2/05/2019,CBH,108,0,9,9,BRISBANE,SOUTH BRISBANE
4102,1,1 BR APARTMENT,15/04/2019,26/04/2019,30/05/2019,CBH,107,11,34,45,BRISBANE,SOUTH BRISBANE
4102,1,1 BR APARTMENT,30/11/2018,30/11/2018,3/05/2019,CBH,107,0,154,154,BRISBANE,SOUTH BRISBANE
4005,1,1 BR APARTMENT,7/01/2019,2/05/2019,2/05/2019,CBH,108,115,0,115,BRISBANE,MCCONNEL
4006,1,1 BR APARTMENT,26/04/2019,30/04/2019,9/05/2019,CBH,108,4,9,13,BRISBANE,MCCONNEL
4000,1,1 BR APARTMENT,19/02/2019,2/05/2019,2/05/2019,CBH,108,72,0,72,BRISBANE,MCCONNEL
4670,3,3 BR DETACHED HOUSE,1/05/2019,10/05/2019,16/05/2019,CLT,208,9,6,15,BUNDABERG,BUNDABERG
4510,3,3 BR DETACHED HOUSE,10/05/2019,20/05/2019,22/05/2019,CRS,103,10,2,12,MORETON BAY,MORAYFIELD
4868,4,4 BR DETACHED HOUSE,8/02/2019,21/02/2019,21/05/2019,STC,202,13,89,102,CAIRNS,MULGRAVE
4870,1,1 BR APARTMENT,5/04/2019,12/04/2019,1/05/2019,CBH,202,7,19,26,CAIRNS,CAIRNS
4508,3,3 BR DETACHED HOUSE,9/05/2019,9/05/2019,9/05/2019,CRH,103,0,0,0,MORETON BAY,BANCROFT
4508,3,3 BR DETACHED HOUSE,29/03/2019,29/03/2019,7/05/2019,CRS,103,0,39,39,MORETON BAY,BANCROFT
4869,4,4 BR DETACHED HOUSE,8/05/2019,13/05/2019,13/05/2019,CLH,202,5,0,5,CAIRNS,MULGRAVE
4720,1,1 BR DUAL OCCUPANCY,11/03/2019,19/03/2019,30/05/2019,CLH,211,8,72,80,CENTRAL HIGHLANDS,GREGORY
4570,2,2 BR ATTACHED HOUSING,15/05/2019,23/05/2019,27/05/2019,CRS,205,8,4,12,GYMPIE,GYMPIE
4123,3,3 BR DETACHED HOUSE,9/05/2019,9/05/2019,9/05/2019,CRS,101,0,0,0,LOGAN,SPRINGWOOD
4701,1,1 BR SENIOR UNIT,23/11/2018,5/12/2018,8/05/2019,STC,206,12,154,166,ROCKHAMPTON,ROCKHAMPTON
4701,3,3 BR DETACHED HOUSE,15/04/2019,9/05/2019,9/05/2019,CLH,206,24,0,24,ROCKHAMPTON,KEPPEL
4810,1,1 BR APARTMENT,10/05/2019,15/05/2019,21/05/2019,CBH,201,5,6,11,TOWNSVILLE,TOWNSVILLE
4370,3,3 BR DETACHED HOUSE,5/02/2019,21/02/2019,10/05/2019,CRH,207,16,78,94,SOUTHERN DOWNS,SOUTHERN DOWNS
4872,1,1 BR SENIOR UNIT,7/03/2019,11/03/2019,2/05/2019,CLT,202,4,52,56,MAREEBA,HILL
4572,1,1 BR APARTMENT,10/12/2018,19/12/2018,13/05/2019,CLT,205,9,145,154,SUNSHINE COAST,MAROOCHYDORE
4114,1,1 BR APARTMENT,28/03/2019,28/03/2019,17/05/2019,CLH,101,0,50,50,LOGAN,WOODRIDGE
4570,2,2 BR APARTMENT,27/03/2019,29/03/2019,13/05/2019,CLT,205,2,45,47,GYMPIE,GYMPIE
4868,5,5 BR DETACHED HOUSE,18/01/2019,11/03/2019,1/05/2019,CLT,202,52,51,103,CAIRNS,MULGRAVE
4714,1,1 BR APARTMENT,19/11/2018,17/12/2018,7/05/2019,CLT,206,28,141,169,ROCKHAMPTON,MIRANI
4714,1,1 BR APARTMENT,11/04/2019,29/04/2019,15/05/2019,CLT,206,18,16,34,ROCKHAMPTON,MIRANI
4670,1,1 BR SENIOR UNIT,11/04/2019,26/04/2019,16/05/2019,CLT,208,15,20,35,BUNDABERG,BUNDABERG
4727,2,2 BR DETACHED HOUSE,1/11/2017,14/12/2017,3/05/2019,CLT,211,43,505,548,LONGREACH,GREGORY
4860,1,1 BR SENIOR UNIT,20/05/2019,21/05/2019,23/05/2019,CLT,202,1,2,3,CASSOWARY COAST,HILL
4472,2,2 BR SENIOR UNIT,1/11/2017,14/12/2017,3/05/2019,CLT,211,43,505,548,BLACKALL TAMBO,GREGORY
4131,3,3 BR DETACHED HOUSE,28/03/2019,28/03/2019,24/05/2019,CLH,101,0,57,57,LOGAN,WATERFORD
4756,2,2 BR APARTMENT,9/05/2019,13/05/2019,17/05/2019,CLT,203,4,4,8,MACKAY,MIRANI
4671,1,1 BR SENIOR UNIT,28/03/2019,5/04/2019,3/05/2019,CLT,208,8,28,36,BUNDABERG,CALLIDE
4731,2,2 BR DUAL OCCUPANCY,1/11/2017,14/12/2017,3/05/2019,CLT,211,43,505,548,LONGREACH,GREGORY
4850,2,2 BR SENIOR UNIT,19/03/2019,25/03/2019,24/05/2019,CLT,201,6,60,66,HINCHINBROOK,HINCHINBROOK
4701,3,3 BR DETACHED HOUSE,17/04/2019,3/05/2019,24/05/2019,CLH,206,16,21,37,ROCKHAMPTON,ROCKHAMPTON
4868,4,4 BR DETACHED HOUSE,11/03/2019,12/03/2019,9/05/2019,CLT,202,1,58,59,CAIRNS,MULGRAVE
4000,2,2 BR APARTMENT,18/04/2019,9/05/2019,27/05/2019,CLH,108,21,18,39,BRISBANE,MCCONNEL
4895,5,5 BR DETACHED HOUSE,3/05/2019,3/05/2019,30/05/2019,CLT,202,0,27,27,COOK,COOK
4030,1,1 BR APARTMENT,13/02/2019,2/05/2019,2/05/2019,CBH,108,78,0,78,BRISBANE,CLAYFIELD
4030,1,1 BR APARTMENT,14/05/2019,16/05/2019,27/05/2019,CBH,108,2,11,13,BRISBANE,CLAYFIELD
4005,1,1 BR APARTMENT,9/05/2019,9/05/2019,23/05/2019,CBH,108,0,14,14,BRISBANE,MCCONNEL
4560,1,1 BR APARTMENT,20/03/2019,13/05/2019,13/05/2019,CBH,205,54,0,54,SUNSHINE COAST,NICKLIN
4560,1,1 BR APARTMENT,21/09/2018,20/12/2018,15/05/2019,CBH,205,90,146,236,SUNSHINE COAST,NICKLIN
4570,1,1 BR APARTMENT,30/08/2018,30/08/2018,27/05/2019,CBH,205,0,270,270,GYMPIE,GYMPIE
4873,3,3 BR DETACHED HOUSE,8/05/2019,13/05/2019,13/05/2019,CLH,202,5,0,5,DOUGLAS,COOK
4700,1,1 BR APARTMENT,4/03/2019,5/03/2019,1/05/2019,CBH,206,1,57,58,ROCKHAMPTON,ROCKHAMPTON
4305,1,1 BR APARTMENT,21/02/2019,9/05/2019,9/05/2019,CBH,102,77,0,77,IPSWICH,IPSWICH WEST
4305,1,1 BR APARTMENT,5/04/2019,1/05/2019,14/05/2019,CBH,102,26,13,39,IPSWICH,IPSWICH WEST
4300,3,3 BR DETACHED HOUSE,15/04/2019,1/05/2019,23/05/2019,CRS,102,16,22,38,IPSWICH,BUNDAMBA
4700,1,1 BR APARTMENT,15/04/2019,29/04/2019,15/05/2019,CLH,206,14,16,30,ROCKHAMPTON,ROCKHAMPTON
4700,1,1 BR APARTMENT,2/05/2019,22/05/2019,22/05/2019,CLH,206,20,0,20,ROCKHAMPTON,ROCKHAMPTON
4731,3,3 BR DETACHED HOUSE,1/11/2017,14/12/2017,3/05/2019,CLT,211,43,505,548,LONGREACH,GREGORY
4872,1,1 BR DUAL OCCUPANCY,3/04/2019,4/04/2019,8/05/2019,CLT,202,1,34,35,MAREEBA,HILL
4300,3,3 BR DETACHED HOUSE,5/04/2019,15/04/2019,16/05/2019,CRS,102,10,31,41,IPSWICH,BUNDAMBA
4680,1,1 BR APARTMENT,5/03/2019,5/03/2019,2/05/2019,CBH,212,0,58,58,GLADSTONE,GLADSTONE
4068,2,2 BR APARTMENT,18/04/2019,29/04/2019,30/05/2019,CRS,108,11,31,42,BRISBANE,MAIWAR
4215,1,1 BR APARTMENT,9/04/2019,30/04/2019,2/05/2019,CBH,204,21,2,23,GOLD COAST,BONNEY
4301,5,5 BR DETACHED HOUSE,15/03/2019,9/04/2019,8/05/2019,CRS,102,25,29,54,IPSWICH,BUNDAMBA
4555,4,4 BR DETACHED HOUSE,29/03/2019,9/05/2019,9/05/2019,CRS,205,41,0,41,SUNSHINE COAST,NICKLIN
4870,1,1 BR APARTMENT,5/04/2019,12/04/2019,1/05/2019,CBH,202,7,19,26,CAIRNS,CAIRNS
4670,3,3 BR DETACHED HOUSE,1/05/2019,10/05/2019,13/05/2019,CRS,208,9,3,12,BUNDABERG,BUNDABERG
4019,1,1 BR APARTMENT,2/04/2019,26/04/2019,7/05/2019,CBH,110,24,11,35,MORETON BAY,REDCLIFFE
4019,1,1 BR APARTMENT,7/05/2019,17/05/2019,22/05/2019,CBH,110,10,5,15,MORETON BAY,REDCLIFFE
4350,1,1 BR APARTMENT,25/11/2016,1/12/2016,20/05/2019,CBH,207,6,900,906,TOOWOOMBA,TOOWOOMBA SOUTH
4220,1,1 BR APARTMENT,14/02/2019,20/02/2019,22/05/2019,CBH,204,6,91,97,GOLD COAST,BURLEIGH
4220,1,1 BR APARTMENT,9/04/2019,17/04/2019,22/05/2019,CBH,204,8,35,43,GOLD COAST,BURLEIGH
4740,1,1 BR APARTMENT,30/04/2019,14/05/2019,27/05/2019,CBH,203,14,13,27,MACKAY,MACKAY
4740,1,1 BR APARTMENT,27/05/2019,31/05/2019,31/05/2019,CBH,203,4,0,4,MACKAY,MACKAY
4812,1,1 BR APARTMENT,30/04/2019,30/04/2019,2/05/2019,CBH,201,0,2,2,TOWNSVILLE,MUNDINGBURRA
4157,1,1 BR APARTMENT,18/03/2019,18/03/2019,8/05/2019,CBH,106,0,51,51,REDLAND,CAPALABA
4007,1,1 BR APARTMENT,6/03/2019,14/05/2019,14/05/2019,CBH,108,69,0,69,BRISBANE,CLAYFIELD
4007,1,1 BR APARTMENT,30/01/2019,14/05/2019,14/05/2019,CBH,108,104,0,104,BRISBANE,CLAYFIELD
4007,1,1 BR APARTMENT,12/02/2019,14/05/2019,14/05/2019,CBH,108,91,0,91,BRISBANE,CLAYFIELD
4812,2,2 BR DUPLEX,4/04/2019,5/04/2019,14/05/2019,CLH,201,1,39,40,TOWNSVILLE,TOWNSVILLE
4030,1,1 BR APARTMENT,18/04/2019,18/04/2019,14/05/2019,CBH,108,0,26,26,BRISBANE,CLAYFIELD
4680,2,2 BR APARTMENT,23/05/2019,23/05/2019,24/05/2019,CLH,212,0,1,1,GLADSTONE,GLADSTONE
4812,1,1 BR APARTMENT,14/05/2019,15/05/2019,15/05/2019,CSO,201,1,0,1,TOWNSVILLE,MUNDINGBURRA
4812,1,1 BR APARTMENT,14/05/2019,15/05/2019,15/05/2019,CSO,201,1,0,1,TOWNSVILLE,MUNDINGBURRA
4012,2,2 BR APARTMENT,28/03/2019,16/04/2019,28/05/2019,CLH,105,19,42,61,BRISBANE,NUDGEE
4020,1,1 BR APARTMENT,24/04/2019,26/04/2019,29/05/2019,CLH,110,2,33,35,MORETON BAY,REDCLIFFE
4703,1,1 BR APARTMENT,2/04/2019,3/04/2019,21/05/2019,CBH,206,1,48,49,LIVINGSTONE,KEPPEL
4703,1,1 BR APARTMENT,11/04/2019,29/04/2019,22/05/2019,CBH,206,18,23,41,LIVINGSTONE,KEPPEL
4703,1,1 BR APARTMENT,15/04/2019,29/04/2019,22/05/2019,CBH,206,14,23,37,LIVINGSTONE,KEPPEL
4701,1,1 BR APARTMENT,3/04/2019,5/04/2019,21/05/2019,CBH,206,2,46,48,ROCKHAMPTON,ROCKHAMPTON
4510,1,1 BR APARTMENT,8/05/2019,10/05/2019,28/05/2019,CBH,103,2,18,20,MORETON BAY,MORAYFIELD
4510,1,1 BR APARTMENT,21/05/2019,22/05/2019,22/05/2019,CBH,103,1,0,1,MORETON BAY,MORAYFIELD
4000,1,1 BR APARTMENT,27/03/2019,23/04/2019,14/05/2019,CBG,108,27,21,48,BRISBANE,MCCONNEL
4211,1,1 BR APARTMENT,3/04/2019,8/04/2019,22/05/2019,CAH,204,5,44,49,GOLD COAST,GAVEN
4006,1,1 BR APARTMENT,13/05/2019,13/05/2019,13/05/2019,CAH,108,0,0,0,BRISBANE,MCCONNEL
4006,1,1 BR APARTMENT,13/05/2019,13/05/2019,13/05/2019,CAH,108,0,0,0,BRISBANE,MCCONNEL
4869,4,4 BR DETACHED HOUSE,8/05/2019,13/05/2019,13/05/2019,CLH,202,5,0,5,CAIRNS,MULGRAVE
4104,1,1 BR APARTMENT,4/04/2019,20/05/2019,20/05/2019,CLH,107,46,0,46,BRISBANE,MILLER
4868,1,1 BR APARTMENT,1/05/2019,2/05/2019,15/05/2019,CSO,202,1,13,14,CAIRNS,MULGRAVE
4802,1,1 BR APARTMENT,17/04/2019,30/04/2019,8/05/2019,CAH,203,13,8,21,WHITSUNDAY,WHITSUNDAY
4105,1,1 BR APARTMENT,28/02/2019,25/03/2019,30/05/2019,CBH,107,25,66,91,BRISBANE,TOOHEY
4215,2,2 BR APARTMENT,30/04/2019,2/05/2019,21/05/2019,CBH,204,2,19,21,GOLD COAST,SOUTHPORT
4304,2,2 BR APARTMENT,23/04/2019,9/05/2019,27/05/2019,CLH,102,16,18,34,IPSWICH,IPSWICH
4465,3,3 BR DUAL OCCUPANCY,1/11/2017,14/12/2017,31/05/2019,CLH,207,43,533,576,MARANOA,WARREGO
4870,2,2 BR ATTACHED HOUSING,5/04/2019,12/04/2019,13/05/2019,CLH,202,7,31,38,CAIRNS,CAIRNS
4220,1,1 BR APARTMENT,9/04/2019,17/04/2019,10/05/2019,CLH,204,8,23,31,GOLD COAST,BURLEIGH
4014,3,3 BR ATTACHED HOUSING,27/05/2019,28/05/2019,28/05/2019,CAH,105,1,0,1,BRISBANE,NUDGEE
4014,1,1 BR APARTMENT,27/05/2019,28/05/2019,28/05/2019,CAH,105,1,0,1,BRISBANE,NUDGEE
4865,4,4 BR DETACHED HOUSE,16/05/2019,20/05/2019,23/05/2019,CLH,202,4,3,7,CAIRNS,MULGRAVE
4810,2,2 BR APARTMENT,7/05/2019,24/05/2019,27/05/2019,CRS,201,17,3,20,TOWNSVILLE,TOWNSVILLE
4556,2,2 BR APARTMENT,28/03/2019,4/04/2019,13/05/2019,CRS,205,7,39,46,SUNSHINE COAST,BUDERIM
4013,1,1 BR APARTMENT,26/03/2019,8/04/2019,15/05/2019,CLH,105,13,37,50,BRISBANE,NUDGEE
4010,1,1 BR APARTMENT,20/05/2019,27/05/2019,27/05/2019,CLH,108,7,0,7,BRISBANE,CLAYFIELD
4305,2,2 BR APARTMENT,4/02/2019,11/02/2019,14/05/2019,CLH,102,7,92,99,IPSWICH,IPSWICH WEST
4224,1,1 BR APARTMENT,9/04/2019,10/05/2019,10/05/2019,CLH,204,31,0,31,GOLD COAST,CURRUMBIN
4224,1,1 BR APARTMENT,9/04/2019,30/04/2019,10/05/2019,CLH,204,21,10,31,GOLD COAST,CURRUMBIN
4165,2,2 BR APARTMENT,2/05/2019,10/05/2019,29/05/2019,CLH,106,8,19,27,REDLAND,REDLANDS
4655,1,1 BR APARTMENT,11/04/2019,2/05/2019,8/05/2019,CLH,213,21,6,27,FRASER COAST,HERVEY BAY
4550,2,2 BR APARTMENT,15/05/2019,20/05/2019,29/05/2019,CLH,205,5,9,14,SUNSHINE COAST,CALOUNDRA
4670,2,2 BR CLUSTER HOUSING,10/05/2019,23/05/2019,23/05/2019,CLH,208,13,0,13,BUNDABERG,BUNDABERG
4670,2,2 BR CLUSTER HOUSING,11/04/2019,18/04/2019,1/05/2019,CLH,208,7,13,20,BUNDABERG,BUNDABERG
4350,2,2 BR APARTMENT,3/11/2017,3/11/2017,29/05/2019,CLH,207,0,572,572,TOOWOOMBA,TOOWOOMBA NORTH
4305,1,1 BR APARTMENT,4/03/2019,18/03/2019,14/05/2019,CLH,102,14,57,71,IPSWICH,IPSWICH
4215,1,1 BR APARTMENT,10/05/2019,16/05/2019,17/05/2019,CLH,204,6,1,7,GOLD COAST,BONNEY
4350,2,2 BR APARTMENT,11/08/2014,12/08/2014,31/05/2019,CLH,207,1,1753,1754,TOOWOOMBA,TOOWOOMBA SOUTH
4165,2,2 BR APARTMENT,18/03/2019,23/05/2019,23/05/2019,CLH,106,66,0,66,REDLAND,REDLANDS
4350,2,2 BR APARTMENT,15/12/2010,15/12/2010,31/05/2019,CLH,207,0,3089,3089,TOOWOOMBA,TOOWOOMBA NORTH
4350,2,2 BR APARTMENT,15/05/2019,15/05/2019,22/05/2019,CLH,207,0,7,7,TOOWOOMBA,TOOWOOMBA NORTH
4350,2,2 BR APARTMENT,15/08/2018,17/12/2018,31/05/2019,CLH,207,124,165,289,TOOWOOMBA,TOOWOOMBA NORTH
4570,2,2 BR APARTMENT,22/03/2019,22/03/2019,13/05/2019,CLH,205,0,52,52,GYMPIE,GYMPIE
4820,2,2 BR APARTMENT,1/04/2019,1/04/2019,2/05/2019,CLH,201,0,31,31,CHARTERS TOWERS,TRAEGER
4304,2,2 BR APARTMENT,8/05/2019,22/05/2019,22/05/2019,CLH,102,14,0,14,IPSWICH,IPSWICH
4701,2,2 BR APARTMENT,17/04/2019,30/04/2019,29/05/2019,CLH,206,13,29,42,ROCKHAMPTON,ROCKHAMPTON
4076,2,2 BR APARTMENT,9/04/2019,8/05/2019,14/05/2019,CLH,104,29,6,35,BRISBANE,MOUNT OMMANEY
4558,2,2 BR ATTACHED HOUSING,10/12/2018,19/12/2018,13/05/2019,CLH,205,9,145,154,SUNSHINE COAST,MAROOCHYDORE
4169,2,2 BR APARTMENT,7/05/2019,7/05/2019,7/05/2019,CLH,108,0,0,0,BRISBANE,SOUTH BRISBANE
4810,1,1 BR APARTMENT,20/05/2019,27/05/2019,30/05/2019,CLH,201,7,3,10,TOWNSVILLE,TOWNSVILLE
4101,1,1 BR APARTMENT,22/10/2018,29/10/2018,14/05/2019,CSO,108,7,197,204,BRISBANE,SOUTH BRISBANE
4101,1,1 BR APARTMENT,2/05/2019,2/05/2019,21/05/2019,CSO,108,0,19,19,BRISBANE,SOUTH BRISBANE
4101,1,1 BR APARTMENT,30/04/2019,30/04/2019,20/05/2019,CSO,108,0,20,20,BRISBANE,SOUTH BRISBANE
4101,1,1 BR APARTMENT,30/04/2019,30/04/2019,2/05/2019,CSO,108,0,2,2,BRISBANE,SOUTH BRISBANE
4101,1,1 BR APARTMENT,30/04/2019,30/04/2019,2/05/2019,CSO,108,0,2,2,BRISBANE,SOUTH BRISBANE
4101,1,1 BR APARTMENT,16/04/2019,30/04/2019,13/05/2019,CSO,108,14,13,27,BRISBANE,SOUTH BRISBANE
4101,1,1 BR APARTMENT,14/12/2018,14/05/2019,14/05/2019,CSO,108,151,0,151,BRISBANE,SOUTH BRISBANE
4101,1,1 BR APARTMENT,10/01/2019,7/05/2019,14/05/2019,CSO,108,117,7,124,BRISBANE,SOUTH BRISBANE
4101,1,1 BR APARTMENT,30/04/2019,30/04/2019,2/05/2019,CSO,108,0,2,2,BRISBANE,SOUTH BRISBANE
4101,1,1 BR APARTMENT,23/04/2019,24/04/2019,2/05/2019,CSO,108,1,8,9,BRISBANE,SOUTH BRISBANE
4101,1,1 BR APARTMENT,30/04/2019,30/04/2019,20/05/2019,CSO,108,0,20,20,BRISBANE,SOUTH BRISBANE
4101,1,1 BR APARTMENT,19/02/2019,30/04/2019,7/05/2019,CSO,108,70,7,77,BRISBANE,SOUTH BRISBANE
4161,1,1 BR APARTMENT,2/05/2019,2/05/2019,2/05/2019,CLH,106,0,0,0,REDLAND,CAPALABA
4305,2,2 BR APARTMENT,10/01/2019,21/02/2019,14/05/2019,CLH,102,42,82,124,IPSWICH,IPSWICH WEST
4301,2,2 BR APARTMENT,23/04/2019,13/05/2019,27/05/2019,CLH,102,20,14,34,IPSWICH,BUNDAMBA
4301,2,2 BR APARTMENT,21/02/2019,25/03/2019,2/05/2019,CLH,102,32,38,70,IPSWICH,BUNDAMBA
4051,2,2 BR APARTMENT,14/12/2018,7/05/2019,7/05/2019,CRH,108,144,0,144,BRISBANE,STAFFORD
4031,2,2 BR APARTMENT,8/05/2019,9/05/2019,22/05/2019,CRH,105,1,13,14,BRISBANE,STAFFORD
4151,2,2 BR APARTMENT,9/04/2019,2/05/2019,3/05/2019,CRH,107,23,1,24,BRISBANE,GREENSLOPES
4510,2,2 BR APARTMENT,29/03/2019,8/04/2019,7/05/2019,CRH,103,10,29,39,MORETON BAY,MORAYFIELD
4343,3,3 BR DUPLEX,5/04/2019,1/05/2019,16/05/2019,CRH,102,26,15,41,LOCKYER VALLEY,LOCKYER
4883,2,2 BR DUPLEX,9/04/2019,26/04/2019,15/05/2019,CRH,202,17,19,36,TABLELANDS,HILL
4883,2,2 BR DUPLEX,12/04/2019,15/04/2019,1/05/2019,CRH,202,3,16,19,TABLELANDS,HILL
4670,2,2 BR ATTACHED HOUSING,9/05/2019,10/05/2019,16/05/2019,CRH,208,1,6,7,BUNDABERG,BUNDABERG
4740,3,3 BR DETACHED HOUSE,1/05/2019,7/05/2019,16/05/2019,CRH,203,6,9,15,MACKAY,MACKAY
4817,3,3 BR DETACHED HOUSE,7/05/2019,15/05/2019,16/05/2019,CRH,201,8,1,9,TOWNSVILLE,THURINGOWA
4810,2,2 BR APARTMENT,30/04/2019,3/05/2019,13/05/2019,CRH,201,3,10,13,TOWNSVILLE,TOWNSVILLE
4036,3,3 BR DETACHED HOUSE,26/04/2019,30/04/2019,22/05/2019,CRH,105,4,22,26,BRISBANE,SANDGATE
4502,2,2 BR APARTMENT,9/04/2019,16/04/2019,8/05/2019,CRH,103,7,22,29,MORETON BAY,KURWONGBAH
4703,2,2 BR DUPLEX,2/05/2019,2/05/2019,28/05/2019,CRH,206,0,26,26,LIVINGSTONE,KEPPEL
4505,2,2 BR DUPLEX,24/04/2019,26/04/2019,21/05/2019,CRH,103,2,25,27,MORETON BAY,KURWONGBAH
4860,2,2 BR DUPLEX,13/05/2019,15/05/2019,20/05/2019,CRH,202,2,5,7,CASSOWARY COAST,MULGRAVE
4212,2,2 BR APARTMENT,10/05/2019,10/05/2019,23/05/2019,CRH,204,0,13,13,GOLD COAST,THEODORE
4810,2,2 BR APARTMENT,16/05/2019,16/05/2019,27/05/2019,CLH,201,0,11,11,TOWNSVILLE,TOWNSVILLE
4133,2,2 BR APARTMENT,23/04/2019,23/04/2019,1/05/2019,CAO,101,0,8,8,LOGAN,WATERFORD
4860,2,2 BR APARTMENT,24/04/2019,26/04/2019,8/05/2019,CLH,202,2,12,14,CASSOWARY COAST,HILL
4869,4,4 BR DETACHED HOUSE,12/04/2019,15/04/2019,1/05/2019,CLH,202,3,16,19,CAIRNS,MULGRAVE
4869,4,4 BR DETACHED HOUSE,12/04/2019,15/04/2019,2/05/2019,CLH,202,3,17,20,CAIRNS,MULGRAVE
4740,2,2 BR DUAL OCCUPANCY,16/04/2019,30/04/2019,1/05/2019,CBH,203,14,1,15,MACKAY,MACKAY
4006,1,1 BR APARTMENT,13/05/2019,13/05/2019,13/05/2019,CAH,108,0,0,0,BRISBANE,MCCONNEL
4343,3,3 BR ATTACHED HOUSING,5/03/2019,20/03/2019,14/05/2019,CLH,102,15,55,70,LOCKYER VALLEY,LOCKYER
4343,3,3 BR ATTACHED HOUSING,5/03/2019,5/03/2019,14/05/2019,CLH,102,0,70,70,LOCKYER VALLEY,LOCKYER
4132,3,3 BR CLUSTER HOUSING,17/05/2019,17/05/2019,23/05/2019,CAO,101,0,6,6,LOGAN,WOODRIDGE
4132,3,3 BR CLUSTER HOUSING,23/05/2019,23/05/2019,23/05/2019,CAO,101,0,0,0,LOGAN,WOODRIDGE
4301,3,3 BR ATTACHED HOUSING,5/03/2019,25/03/2019,14/05/2019,CLH,102,20,50,70,IPSWICH,BUNDAMBA
4304,1,1 BR APARTMENT,16/04/2019,1/05/2019,14/05/2019,CAH,102,15,13,28,IPSWICH,IPSWICH
4304,1,1 BR APARTMENT,4/03/2019,25/03/2019,21/05/2019,CAH,102,21,57,78,IPSWICH,IPSWICH
4304,2,2 BR APARTMENT,10/01/2019,31/01/2019,14/05/2019,CAH,102,21,103,124,IPSWICH,IPSWICH
4304,2,2 BR APARTMENT,4/02/2019,28/02/2019,30/05/2019,CAH,102,24,91,115,IPSWICH,IPSWICH
4350,2,2 BR ATTACHED HOUSING,19/02/2019,18/03/2019,8/05/2019,CLT,207,27,51,78,TOOWOOMBA,TOOWOOMBA SOUTH
4350,2,2 BR ATTACHED HOUSING,30/08/2017,5/09/2017,20/05/2019,CLT,207,6,622,628,TOOWOOMBA,TOOWOOMBA SOUTH
4347,3,3 BR DETACHED HOUSE,11/03/2019,28/03/2019,14/05/2019,CLH,102,17,47,64,LOCKYER VALLEY,LOCKYER
4551,2,2 BR APARTMENT,16/05/2019,20/05/2019,20/05/2019,CAH,205,4,0,4,SUNSHINE COAST,CALOUNDRA
4551,1,1 BR APARTMENT,7/11/2018,7/11/2018,13/05/2019,CAH,205,0,187,187,SUNSHINE COAST,CALOUNDRA
4551,1,1 BR APARTMENT,17/07/2018,5/12/2018,13/05/2019,CAH,205,141,159,300,SUNSHINE COAST,CALOUNDRA
4551,1,1 BR APARTMENT,20/05/2019,21/05/2019,21/05/2019,CAH,205,1,0,1,SUNSHINE COAST,CALOUNDRA
4006,1,1 BR APARTMENT,21/05/2019,23/05/2019,30/05/2019,CAH,108,2,7,9,BRISBANE,BRISBANE CENTRAL
4810,2,2 BR APARTMENT,25/03/2019,1/04/2019,2/05/2019,CLT,201,7,31,38,TOWNSVILLE,TOWNSVILLE
4163,2,2 BR APARTMENT,31/01/2019,8/05/2019,8/05/2019,CAH,106,97,0,97,REDLAND,OODGEROO
4163,1,1 BR APARTMENT,24/08/2018,29/04/2019,3/05/2019,CAH,106,248,4,252,REDLAND,OODGEROO
4006,1,1 BR APARTMENT,31/01/2019,16/05/2019,16/05/2019,CRH,108,105,0,105,BRISBANE,MCCONNEL
4032,1,1 BR APARTMENT,16/05/2019,17/05/2019,17/05/2019,CAH,105,1,0,1,BRISBANE,STAFFORD
4211,1,1 BR APARTMENT,27/05/2019,28/05/2019,28/05/2019,CAH,204,1,0,1,GOLD COAST,GAVEN
4030,1,1 BR APARTMENT,13/05/2019,13/05/2019,13/05/2019,CAH,108,0,0,0,BRISBANE,CLAYFIELD
4103,1,1 BR APARTMENT,12/04/2019,29/04/2019,3/05/2019,CRH,107,17,4,21,BRISBANE,MILLER
4304,3,3 BR DETACHED HOUSE,15/03/2019,6/04/2019,14/05/2019,CRH,102,22,38,60,IPSWICH,IPSWICH
4075,2,2 BR APARTMENT,26/04/2019,29/04/2019,16/05/2019,CRH,104,3,17,20,BRISBANE,MOUNT OMMANEY
4169,2,2 BR APARTMENT,23/04/2019,28/05/2019,28/05/2019,CRH,108,35,0,35,BRISBANE,SOUTH BRISBANE
4054,3,3 BR DETACHED HOUSE,20/12/2018,7/05/2019,7/05/2019,CRH,108,138,0,138,BRISBANE,FERNY GROVE
4051,2,2 BR APARTMENT,11/02/2019,7/05/2019,9/05/2019,CRH,108,85,2,87,BRISBANE,FERNY GROVE
4556,3,3 BR DETACHED HOUSE,14/05/2019,29/05/2019,29/05/2019,CRH,205,15,0,15,SUNSHINE COAST,NINDERRY
4812,2,2 BR APARTMENT,14/05/2019,20/05/2019,27/05/2019,CRH,201,6,7,13,TOWNSVILLE,TOWNSVILLE
4701,2,2 BR APARTMENT,2/05/2019,2/05/2019,22/05/2019,CRH,206,0,20,20,ROCKHAMPTON,ROCKHAMPTON
4051,1,1 BR APARTMENT,19/02/2019,21/05/2019,30/05/2019,CAH,108,91,9,100,BRISBANE,FERNY GROVE
4152,3,3 BR DETACHED HOUSE,28/03/2019,9/04/2019,27/05/2019,CRH,109,12,48,60,BRISBANE,BULIMBA
4575,3,3 BR DETACHED HOUSE,9/05/2019,10/05/2019,23/05/2019,CRH,205,1,13,14,SUNSHINE COAST,KAWANA
4880,1,1 BR APARTMENT,24/04/2019,26/04/2019,8/05/2019,CRH,202,2,12,14,MAREEBA,COOK
4701,2,2 BR APARTMENT,18/04/2019,8/05/2019,15/05/2019,CRH,206,20,7,27,ROCKHAMPTON,ROCKHAMPTON
4212,2,2 BR ATTACHED HOUSING,2/05/2019,3/05/2019,23/05/2019,CRH,204,1,20,21,GOLD COAST,THEODORE
4508,4,4 BR DETACHED HOUSE,9/11/2018,2/05/2019,21/05/2019,CRH,103,174,19,193,MORETON BAY,BANCROFT
4012,2,2 BR APARTMENT,7/05/2019,8/05/2019,22/05/2019,CRH,105,1,14,15,BRISBANE,NUDGEE
4178,3,3 BR DETACHED HOUSE,3/05/2019,3/05/2019,3/05/2019,CRH,109,0,0,0,BRISBANE,LYTTON
4701,1,1 BR APARTMENT,7/05/2019,9/05/2019,29/05/2019,CRH,206,2,20,22,ROCKHAMPTON,ROCKHAMPTON
4114,1,1 BR APARTMENT,24/01/2019,24/01/2019,21/05/2019,CRH,101,0,117,117,LOGAN,WOODRIDGE
4105,2,2 BR APARTMENT,2/04/2019,8/04/2019,3/05/2019,CRH,107,6,25,31,BRISBANE,TOOHEY
4701,2,2 BR APARTMENT,12/04/2019,14/05/2019,29/05/2019,CRH,206,32,15,47,ROCKHAMPTON,ROCKHAMPTON
4869,4,4 BR DETACHED HOUSE,8/05/2019,13/05/2019,13/05/2019,CLH,202,5,0,5,CAIRNS,MULGRAVE
4076,2,2 BR DETACHED HOUSE,16/04/2019,17/04/2019,8/05/2019,CRH,104,1,21,22,BRISBANE,MOUNT OMMANEY
4110,2,2 BR APARTMENT,26/07/2018,26/07/2018,1/05/2019,CLT,104,0,279,279,BRISBANE,ALGESTER
4105,2,2 BR APARTMENT,5/04/2019,8/04/2019,23/05/2019,CRH,107,3,45,48,BRISBANE,TOOHEY
4560,2,2 BR CLUSTER HOUSING,16/05/2019,20/05/2019,23/05/2019,CRH,205,4,3,7,SUNSHINE COAST,NICKLIN
4178,2,2 BR CLUSTER HOUSING,3/04/2019,23/05/2019,23/05/2019,CRH,109,50,0,50,BRISBANE,LYTTON
4558,2,2 BR APARTMENT,17/04/2019,17/04/2019,1/05/2019,CRH,205,0,14,14,SUNSHINE COAST,MAROOCHYDORE
4563,2,2 BR CLUSTER HOUSING,14/05/2019,22/05/2019,24/05/2019,CRH,205,8,2,10,SUNSHINE COAST,NICKLIN
4179,3,3 BR DETACHED HOUSE,20/03/2019,2/05/2019,2/05/2019,CRH,109,43,0,43,BRISBANE,LYTTON
4012,4,4 BR DETACHED HOUSE,8/05/2019,15/05/2019,22/05/2019,CRH,105,7,7,14,BRISBANE,NUDGEE
4208,4,4 BR DETACHED HOUSE,27/03/2019,8/04/2019,22/05/2019,CRH,204,12,44,56,GOLD COAST,COOMERA
4701,2,2 BR DUPLEX,11/04/2019,9/05/2019,31/05/2019,CRH,206,28,22,50,ROCKHAMPTON,KEPPEL
4305,4,4 BR DETACHED HOUSE,11/03/2019,9/04/2019,14/05/2019,CRH,102,29,35,64,IPSWICH,IPSWICH
4031,1,1 BR APARTMENT,24/05/2019,27/05/2019,29/05/2019,CRH,105,3,2,5,BRISBANE,CLAYFIELD
4870,2,2 BR CLUSTER HOUSING,12/04/2019,15/04/2019,8/05/2019,CRH,202,3,23,26,CAIRNS,CAIRNS
4551,4,4 BR DETACHED HOUSE,12/09/2018,12/09/2018,10/05/2019,CRH,205,0,240,240,SUNSHINE COAST,KAWANA
4012,2,2 BR APARTMENT,15/04/2019,2/05/2019,2/05/2019,CRH,105,17,0,17,BRISBANE,NUDGEE
4560,3,3 BR DETACHED HOUSE,29/04/2019,29/04/2019,13/05/2019,CRH,205,0,14,14,SUNSHINE COAST,NICKLIN
4814,5,5 BR DETACHED HOUSE,14/05/2019,15/05/2019,28/05/2019,CRH,201,1,13,14,TOWNSVILLE,MUNDINGBURRA
4861,1,1 BR APARTMENT,10/08/2018,26/04/2019,2/05/2019,CLT,202,259,6,265,CAIRNS,HILL
4861,1,1 BR APARTMENT,10/08/2018,2/05/2019,2/05/2019,CLT,202,265,0,265,CAIRNS,HILL
4861,1,1 BR APARTMENT,10/08/2018,2/05/2019,2/05/2019,CLT,202,265,0,265,CAIRNS,HILL
4861,1,1 BR APARTMENT,10/08/2018,2/05/2019,2/05/2019,CLT,202,265,0,265,CAIRNS,HILL
4861,1,1 BR APARTMENT,10/08/2018,2/05/2019,2/05/2019,CLT,202,265,0,265,CAIRNS,HILL
4861,1,1 BR APARTMENT,10/08/2018,2/05/2019,2/05/2019,CLT,202,265,0,265,CAIRNS,HILL
4861,1,1 BR APARTMENT,10/08/2018,2/05/2019,2/05/2019,CLT,202,265,0,265,CAIRNS,HILL
4114,2,2 BR APARTMENT,16/01/2019,20/05/2019,20/05/2019,CRS,101,124,0,124,LOGAN,WOODRIDGE
4740,2,2 BR APARTMENT,30/01/2019,1/02/2019,28/05/2019,CRH,203,2,116,118,MACKAY,MACKAY
4814,2,2 BR ATTACHED HOUSING,7/05/2019,14/05/2019,14/05/2019,CRH,201,7,0,7,TOWNSVILLE,MUNDINGBURRA
4560,3,3 BR DETACHED HOUSE,25/02/2019,13/05/2019,13/05/2019,CRH,205,77,0,77,SUNSHINE COAST,NICKLIN
4030,2,2 BR APARTMENT,26/02/2019,7/05/2019,9/05/2019,CRH,108,70,2,72,BRISBANE,CLAYFIELD
4151,2,2 BR APARTMENT,8/04/2019,9/04/2019,16/05/2019,CRH,107,1,37,38,BRISBANE,GREENSLOPES
4031,3,3 BR DETACHED HOUSE,15/04/2019,15/04/2019,2/05/2019,CRH,105,0,17,17,BRISBANE,STAFFORD
4503,3,3 BR DUPLEX,24/04/2019,24/04/2019,21/05/2019,CRH,103,0,27,27,MORETON BAY,MURRUMBA
4121,2,2 BR APARTMENT,2/05/2019,2/05/2019,15/05/2019,CRH,107,0,13,13,BRISBANE,GREENSLOPES
4179,3,3 BR DETACHED HOUSE,3/05/2019,10/05/2019,23/05/2019,CRS,109,7,13,20,BRISBANE,LYTTON
4817,2,2 BR DUPLEX,3/05/2019,7/05/2019,8/05/2019,CRH,201,4,1,5,TOWNSVILLE,THURINGOWA
4815,3,3 BR DETACHED HOUSE,14/05/2019,14/05/2019,30/05/2019,CRH,201,0,16,16,TOWNSVILLE,THURINGOWA
4817,3,3 BR DETACHED HOUSE,14/05/2019,15/05/2019,23/05/2019,CRH,201,1,8,9,TOWNSVILLE,THURINGOWA
4812,2,2 BR APARTMENT,17/05/2019,20/05/2019,23/05/2019,CRH,201,3,3,6,TOWNSVILLE,TOWNSVILLE
4812,2,2 BR APARTMENT,20/05/2019,21/05/2019,24/05/2019,CRH,201,1,3,4,TOWNSVILLE,TOWNSVILLE
4110,2,2 BR APARTMENT,24/05/2019,30/05/2019,7/06/2019,CLH,104,6,8,14,BRISBANE,ALGESTER
4110,2,2 BR APARTMENT,21/06/2019,21/06/2019,21/06/2019,CLH,104,0,0,0,BRISBANE,ALGESTER
4110,2,2 BR APARTMENT,24/05/2019,7/06/2019,7/06/2019,CLH,104,14,0,14,BRISBANE,ALGESTER
4032,3,3 BR DETACHED HOUSE,28/05/2019,4/06/2019,4/06/2019,CRS,105,7,0,7,BRISBANE,STAFFORD
4108,2,2 BR APARTMENT,10/05/2019,15/05/2019,7/06/2019,STR,107,5,23,28,BRISBANE,TOOHEY
4005,1,1 BR APARTMENT,27/05/2019,17/06/2019,17/06/2019,CBH,108,21,0,21,BRISBANE,MCCONNEL
4006,1,1 BR APARTMENT,26/04/2019,21/05/2019,24/06/2019,STC,108,25,34,59,BRISBANE,MCCONNEL
4051,1,1 BR APARTMENT,21/05/2019,6/06/2019,24/06/2019,STC,108,16,18,34,BRISBANE,STAFFORD
4108,3,3 BR DETACHED HOUSE,18/04/2019,7/06/2019,17/06/2019,CLT,107,50,10,60,BRISBANE,TOOHEY
4169,1,1 BR APARTMENT,16/05/2019,13/06/2019,13/06/2019,CBH,108,28,0,28,BRISBANE,SOUTH BRISBANE
4101,1,1 BR APARTMENT,20/12/2018,28/05/2019,6/06/2019,CBH,108,159,9,168,BRISBANE,SOUTH BRISBANE
4101,1,1 BR APARTMENT,4/06/2019,10/06/2019,27/06/2019,CBH,108,6,17,23,BRISBANE,SOUTH BRISBANE
4102,1,1 BR APARTMENT,11/06/2019,17/06/2019,25/06/2019,CBH,107,6,8,14,BRISBANE,SOUTH BRISBANE
4006,1,1 BR APARTMENT,27/05/2019,27/05/2019,06/06/2019,CBH,108,0,10,10,BRISBANE,MCCONNEL
4006,2,2 BR APARTMENT,24/06/2019,27/06/2019,27/06/2019,CBH,108,3,0,3,BRISBANE,MCCONNEL
4868,2,2 BR DUPLEX,22/06/2019,23/06/2019,24/06/2019,STC,202,1,1,2,CAIRNS,MULGRAVE
4879,2,2 BR DUPLEX,25/03/2019,05/04/2019,12/06/2019,STC,202,11,68,79,CAIRNS,BARRON RIVER
4870,1,1 BR APARTMENT,27/03/2019,05/04/2019,11/06/2019,STC,202,9,67,76,CAIRNS,CAIRNS
4869,2,2 BR CLUSTER HOUSING,11/06/2019,11/06/2019,11/06/2019,STC,202,0,0,0,CAIRNS,MULGRAVE
4305,3,3 BR DETACHED HOUSE,28/05/2019,20/06/2019,20/06/2019,CRS,102,23,0,23,IPSWICH,IPSWICH
4220,2,2 BR APARTMENT,10/04/2019,13/06/2019,13/06/2019,CBH,204,64,0,64,GOLD COAST,MERMAID BEACH
4220,3,3 BR APARTMENT,29/04/2019,13/06/2019,18/06/2019,CBH,204,45,5,50,GOLD COAST,MERMAID BEACH
4465,2,2 BR DUPLEX,01/11/2017,14/12/2017,11/06/2019,CLH,207,43,544,587,MARANOA,WARREGO
4465,3,3 BR DETACHED HOUSE,01/11/2017,14/12/2017,10/06/2019,CLH,207,43,543,586,MARANOA,WARREGO
4455,3,3 BR DETACHED HOUSE,13/03/2018,19/04/2018,20/06/2019,CLH,207,37,427,464,MARANOA,WARREGO
4455,4,4 BR DETACHED HOUSE,06/03/2018,15/03/2018,26/06/2019,CLH,207,9,468,477,MARANOA,WARREGO
4455,3,3 BR DETACHED HOUSE,08/11/2011,10/11/2011,19/06/2019,CLH,207,2,2778,2780,MARANOA,WARREGO
4810,1,1 BR APARTMENT,11/06/2019,24/06/2019,27/06/2019,PHL,201,13,3,16,TOWNSVILLE,TOWNSVILLE
4812,2,2 BR ATTACHED HOUSING,18/06/2019,24/06/2019,24/06/2019,CRS,201,6,0,6,TOWNSVILLE,TOWNSVILLE
4350,3,3 BR DETACHED HOUSE,26/06/2018,11/07/2018,24/06/2019,CRS,207,15,348,363,TOOWOOMBA,TOOWOOMBA NORTH
4427,2,2 BR DETACHED HOUSE,10/08/2018,13/08/2018,12/06/2019,CLH,207,3,303,306,MARANOA,WARREGO
4860,1,1 BR SENIOR UNIT,01/05/2019,02/05/2019,07/06/2019,CLT,202,1,36,37,CASSOWARY COAST,HILL
4655,1,1 BR APARTMENT,11/06/2019,21/06/2019,21/06/2019,CLT,213,10,0,10,FRASER COAST,HERVEY BAY
4114,1,1 BR APARTMENT,28/03/2019,28/03/2019,25/06/2019,CLH,101,0,89,89,LOGAN,WOODRIDGE
4161,1,1 BR APARTMENT,02/05/2019,10/05/2019,28/06/2019,CLT,106,8,49,57,REDLAND,CAPALABA
4415,2,2 BR SENIOR UNIT,27/10/2014,27/10/2014,03/06/2019,CLT,207,0,1680,1680,WESTERN DOWNS,CALLIDE
4421,2,2 BR SENIOR UNIT,10/08/2018,17/12/2018,24/06/2019,CLT,207,129,189,318,WESTERN DOWNS,WARREGO
4341,1,1 BR SENIOR UNIT,25/02/2019,25/02/2019,27/06/2019,CLT,102,0,122,122,LOCKYER VALLEY,LOCKYER
4350,1,1 BR APARTMENT,03/08/2016,03/08/2016,19/06/2019,CLT,207,0,1050,1050,TOOWOOMBA,TOOWOOMBA NORTH
4670,1,1 BR SENIOR UNIT,01/05/2019,23/05/2019,06/06/2019,CLT,208,22,14,36,BUNDABERG,BUNDABERG
4670,1,1 BR SENIOR UNIT,06/06/2019,06/06/2019,06/06/2019,CLT,208,0,0,0,BUNDABERG,BUNDABERG
4849,2,2 BR DUPLEX,23/04/2019,24/06/2019,25/06/2019,CLT,202,62,1,63,CASSOWARY COAST,HINCHINBROOK
4849,2,2 BR DUPLEX,23/04/2019,24/06/2019,25/06/2019,CLT,202,62,1,63,CASSOWARY COAST,HINCHINBROOK
4560,2,2 BR APARTMENT,09/05/2019,14/05/2019,03/06/2019,CLT,205,5,20,25,SUNSHINE COAST,NICKLIN
4030,1,1 BR APARTMENT,11/06/2019,17/06/2019,24/06/2019,CBH,108,6,7,13,BRISBANE,CLAYFIELD
4701,4,4 BR APARTMENT,04/04/2019,10/04/2019,06/06/2019,CRS,206,6,57,63,ROCKHAMPTON,ROCKHAMPTON
4883,1,1 BR SENIOR UNIT,25/01/2019,25/01/2019,13/06/2019,CLT,202,0,139,139,TABLELANDS,HILL
4114,3,3 BR DETACHED HOUSE,06/06/2019,06/06/2019,28/06/2019,CRS,101,0,22,22,LOGAN,WOODRIDGE
4722,2,2 BR SENIOR UNIT,07/06/2019,25/06/2019,25/06/2019,CLT,211,18,0,18,CENTRAL HIGHLANDS,GREGORY
4053,3,3 BR DETACHED HOUSE,07/05/2019,21/05/2019,04/06/2019,CRS,105,14,14,28,BRISBANE,STAFFORD
4802,3,3 BR DUPLEX,23/05/2019,03/06/2019,28/06/2019,CLT,203,11,25,36,WHITSUNDAY,WHITSUNDAY
4680,1,1 BR APARTMENT,01/05/2019,02/05/2019,04/06/2019,CBH,212,1,33,34,GLADSTONE,GLADSTONE
4501,2,2 BR APARTMENT,07/05/2019,04/06/2019,11/06/2019,CRS,103,28,7,35,MORETON BAY,KURWONGBAH
4501,2,2 BR APARTMENT,21/05/2019,04/06/2019,18/06/2019,CRS,103,14,14,28,MORETON BAY,KURWONGBAH
4019,1,1 BR APARTMENT,26/04/2019,15/05/2019,04/06/2019,CBH,110,19,20,39,MORETON BAY,REDCLIFFE
4703,1,1 BR APARTMENT,29/05/2019,07/06/2019,17/06/2019,CBH,206,9,10,19,LIVINGSTONE,KEPPEL
4610,3,3 BR DETACHED HOUSE,29/05/2019,26/06/2019,26/06/2019,CRS,213,28,0,28,SOUTH BURNETT,NANANGO
4220,1,1 BR APARTMENT,30/05/2019,05/06/2019,24/06/2019,CBH,204,6,19,25,GOLD COAST,BURLEIGH
4570,2,2 BR APARTMENT,03/06/2019,21/06/2019,26/06/2019,PHL,205,18,5,23,GYMPIE,GYMPIE
4812,2,2 BR APARTMENT,20/05/2019,24/05/2019,07/06/2019,CRS,201,4,14,18,TOWNSVILLE,TOWNSVILLE
4114,1,1 BR APARTMENT,14/06/2019,14/06/2019,14/06/2019,CBH,101,0,0,0,LOGAN,WOODRIDGE
4114,1,1 BR APARTMENT,14/06/2019,14/06/2019,14/06/2019,CBH,101,0,0,0,LOGAN,WOODRIDGE
4114,1,1 BR APARTMENT,14/06/2019,14/06/2019,14/06/2019,CBH,101,0,0,0,LOGAN,WOODRIDGE
4114,1,1 BR APARTMENT,14/06/2019,14/06/2019,14/06/2019,CBH,101,0,0,0,LOGAN,WOODRIDGE
4114,1,1 BR APARTMENT,14/06/2019,14/06/2019,14/06/2019,CBH,101,0,0,0,LOGAN,WOODRIDGE
4114,1,1 BR APARTMENT,14/06/2019,14/06/2019,14/06/2019,CBH,101,0,0,0,LOGAN,WOODRIDGE
4812,1,1 BR APARTMENT,03/04/2019,17/04/2019,28/06/2019,CBH,201,14,72,86,TOWNSVILLE,MUNDINGBURRA
4159,1,1 BR APARTMENT,27/03/2019,28/06/2019,28/06/2019,CBH,106,93,0,93,REDLAND,CAPALABA
4104,1,1 BR APARTMENT,20/05/2019,27/05/2019,13/06/2019,CBH,107,7,17,24,BRISBANE,MILLER
4703,1,1 BR APARTMENT,07/06/2019,20/06/2019,21/06/2019,CBH,206,13,1,14,LIVINGSTONE,KEPPEL
4670,1,1 BR APARTMENT,11/06/2019,17/06/2019,21/06/2019,CBH,208,6,4,10,BUNDABERG,BUNDABERG
4814,1,1 BR APARTMENT,23/05/2019,27/05/2019,10/06/2019,CBH,201,4,14,18,TOWNSVILLE,MUNDINGBURRA
4814,1,1 BR APARTMENT,29/05/2019,11/06/2019,18/06/2019,CBH,201,13,7,20,TOWNSVILLE,MUNDINGBURRA
4701,1,1 BR APARTMENT,02/04/2019,30/04/2019,10/06/2019,CBH,206,28,41,69,ROCKHAMPTON,ROCKHAMPTON
4680,1,1 BR APARTMENT,23/05/2019,23/05/2019,28/06/2019,CLH,212,0,36,36,GLADSTONE,GLADSTONE
4000,1,1 BR APARTMENT,27/05/2019,13/06/2019,25/06/2019,CBG,108,17,12,29,BRISBANE,MCCONNEL
4814,1,1 BR APARTMENT,05/06/2019,07/06/2019,13/06/2019,CLH,201,2,6,8,TOWNSVILLE,MUNDINGBURRA
4211,1,1 BR APARTMENT,18/06/2019,18/06/2019,25/06/2019,CAH,204,0,7,7,GOLD COAST,GAVEN
4051,1,1 BR APARTMENT,24/06/2019,25/06/2019,25/06/2019,CAH,108,1,0,1,BRISBANE,STAFFORD
4006,1,1 BR APARTMENT,06/06/2019,11/06/2019,17/06/2019,CAH,108,5,6,11,BRISBANE,MCCONNEL
4006,1,1 BR APARTMENT,24/06/2019,25/06/2019,25/06/2019,CAH,108,1,0,1,BRISBANE,MCCONNEL
4006,1,1 BR APARTMENT,24/06/2019,25/06/2019,25/06/2019,CAH,108,1,0,1,BRISBANE,MCCONNEL
4006,1,1 BR APARTMENT,24/06/2019,25/06/2019,25/06/2019,CAH,108,1,0,1,BRISBANE,MCCONNEL
4006,1,1 BR APARTMENT,23/05/2019,23/05/2019,04/06/2019,CAH,108,0,12,12,BRISBANE,MCCONNEL
4006,1,1 BR APARTMENT,18/06/2019,18/06/2019,18/06/2019,CAH,108,0,0,0,BRISBANE,MCCONNEL
4006,1,1 BR APARTMENT,24/06/2019,25/06/2019,25/06/2019,CAH,108,1,0,1,BRISBANE,MCCONNEL
4006,1,1 BR APARTMENT,04/06/2019,06/06/2019,11/06/2019,CAH,108,2,5,7,BRISBANE,MCCONNEL
4006,1,1 BR APARTMENT,17/06/2019,17/06/2019,18/06/2019,CAH,108,0,1,1,BRISBANE,MCCONNEL
4059,1,1 BR APARTMENT,24/06/2019,25/06/2019,25/06/2019,CAH,108,1,0,1,BRISBANE,MCCONNEL
4059,1,1 BR APARTMENT,22/10/2018,22/10/2018,10/06/2019,CAH,108,0,231,231,BRISBANE,MCCONNEL
4006,1,1 BR APARTMENT,30/05/2019,30/05/2019,10/06/2019,CAH,108,0,11,11,BRISBANE,MCCONNEL
4012,1,1 BR APARTMENT,03/06/2019,03/06/2019,04/06/2019,CAH,105,0,1,1,BRISBANE,NUDGEE
4012,1,1 BR APARTMENT,14/06/2019,14/06/2019,17/06/2019,CAH,105,0,3,3,BRISBANE,NUDGEE
4868,1,1 BR APARTMENT,13/05/2019,15/05/2019,04/06/2019,CSO,202,2,20,22,CAIRNS,MULGRAVE
4868,1,1 BR APARTMENT,10/06/2019,11/06/2019,20/06/2019,CSO,202,1,9,10,CAIRNS,MULGRAVE
4802,1,1 BR APARTMENT,23/05/2019,27/05/2019,12/06/2019,CAH,203,4,16,20,WHITSUNDAY,WHITSUNDAY
4802,1,1 BR APARTMENT,10/05/2019,21/06/2019,21/06/2019,CAH,203,42,0,42,WHITSUNDAY,WHITSUNDAY
4215,2,2 BR APARTMENT,11/04/2019,17/04/2019,05/06/2019,CBH,204,6,49,55,GOLD COAST,SOUTHPORT
4870,3,3 BR ATTACHED HOUSING,01/05/2019,02/05/2019,06/06/2019,CLH,202,1,35,36,CAIRNS,CAIRNS
4870,3,3 BR ATTACHED HOUSING,06/06/2019,10/06/2019,28/06/2019,CLH,202,4,18,22,CAIRNS,CAIRNS
4870,3,3 BR ATTACHED HOUSING,29/05/2019,30/05/2019,26/06/2019,CLH,202,1,27,28,CAIRNS,CAIRNS
4304,2,2 BR APARTMENT,27/05/2019,17/06/2019,20/06/2019,CLH,102,21,3,24,IPSWICH,IPSWICH
4030,1,1 BR APARTMENT,11/06/2019,11/06/2019,17/06/2019,CAH,108,0,6,6,BRISBANE,CLAYFIELD
4030,1,1 BR APARTMENT,11/06/2019,11/06/2019,17/06/2019,CAH,108,0,6,6,BRISBANE,CLAYFIELD
4740,4,4 BR DETACHED HOUSE,14/05/2019,31/05/2019,07/06/2019,CLH,203,17,7,24,MACKAY,WHITSUNDAY
4812,2,2 BR APARTMENT,12/06/2019,12/06/2019,12/06/2019,CLH,201,0,0,0,TOWNSVILLE,MUNDINGBURRA
4701,2,2 BR APARTMENT,22/05/2019,22/05/2019,06/06/2019,CLH,206,0,15,15,ROCKHAMPTON,ROCKHAMPTON
4701,1,1 BR APARTMENT,24/05/2019,30/05/2019,21/06/2019,CLH,206,6,22,28,ROCKHAMPTON,ROCKHAMPTON
4165,2,2 BR APARTMENT,19/02/2019,28/06/2019,28/06/2019,CLH,106,129,0,129,REDLAND,REDLANDS
4102,1,1 BR APARTMENT,15/05/2019,16/05/2019,05/06/2019,CLH,107,1,20,21,BRISBANE,SOUTH BRISBANE
4550,2,2 BR APARTMENT,03/06/2019,06/06/2019,26/06/2019,CLH,205,3,20,23,SUNSHINE COAST,CALOUNDRA
4210,2,2 BR APARTMENT,27/03/2019,08/04/2019,18/06/2019,CLH,204,12,71,83,GOLD COAST,THEODORE
4350,2,2 BR APARTMENT,17/07/2013,17/07/2013,13/06/2019,CLH,207,0,2157,2157,TOOWOOMBA,TOOWOOMBA SOUTH
4810,1,1 BR APARTMENT,07/06/2019,07/06/2019,20/06/2019,CRS,201,0,13,13,TOWNSVILLE,TOWNSVILLE
4305,1,1 BR APARTMENT,05/06/2019,17/06/2019,25/06/2019,CLH,102,12,8,20,IPSWICH,IPSWICH WEST
4820,2,2 BR APARTMENT,12/06/2019,18/06/2019,18/06/2019,CLH,201,6,0,6,CHARTERS TOWERS,TRAEGER
4655,2,2 BR APARTMENT,16/05/2019,05/06/2019,05/06/2019,CLH,213,20,0,20,FRASER COAST,HERVEY BAY
4810,2,2 BR APARTMENT,21/05/2019,27/05/2019,03/06/2019,CLH,201,6,7,13,TOWNSVILLE,TOWNSVILLE
4670,2,2 BR APARTMENT,13/06/2019,24/06/2019,24/06/2019,CLH,208,11,0,11,BUNDABERG,BUNDABERG
4670,2,2 BR APARTMENT,10/05/2019,23/05/2019,12/06/2019,CLH,208,13,20,33,BUNDABERG,BUNDABERG
4350,2,2 BR APARTMENT,01/08/2018,03/08/2018,04/06/2019,CLH,207,2,305,307,TOOWOOMBA,TOOWOOMBA NORTH
4101,1,1 BR APARTMENT,04/06/2019,20/06/2019,24/06/2019,CSO,108,16,4,20,BRISBANE,SOUTH BRISBANE
4101,1,1 BR APARTMENT,14/05/2019,04/06/2019,06/06/2019,CSO,108,21,2,23,BRISBANE,SOUTH BRISBANE
4053,1,1 BR APARTMENT,04/02/2019,17/06/2019,25/06/2019,CLH,108,133,8,141,BRISBANE,FERNY GROVE
4870,1,1 BR APARTMENT,29/05/2019,30/05/2019,11/06/2019,CLH,202,1,12,13,CAIRNS,CAIRNS
4810,1,1 BR APARTMENT,16/04/2019,09/05/2019,10/06/2019,CLH,201,23,32,55,TOWNSVILLE,TOWNSVILLE
4013,1,1 BR APARTMENT,09/04/2019,23/04/2019,17/06/2019,CLH,105,14,55,69,BRISBANE,NUDGEE
4870,2,2 BR APARTMENT,30/05/2019,04/06/2019,28/06/2019,CLH,202,5,24,29,CAIRNS,CAIRNS
4703,1,1 BR APARTMENT,07/05/2019,09/05/2019,04/06/2019,CLH,206,2,26,28,LIVINGSTONE,KEPPEL
4740,1,1 BR APARTMENT,07/05/2019,10/05/2019,04/06/2019,CLH,203,3,25,28,MACKAY,MACKAY
4215,1,1 BR APARTMENT,29/04/2019,03/05/2019,18/06/2019,CRH,204,4,46,50,GOLD COAST,BONNEY
4020,2,2 BR APARTMENT,10/05/2019,04/06/2019,04/06/2019,CRH,110,25,0,25,MORETON BAY,REDCLIFFE
4350,1,1 BR APARTMENT,21/05/2018,28/05/2018,21/06/2019,CRH,207,7,389,396,TOOWOOMBA,TOOWOOMBA NORTH
4350,3,3 BR DETACHED HOUSE,15/08/2018,20/08/2018,24/06/2019,CRH,207,5,308,313,TOOWOOMBA,TOOWOOMBA NORTH
4883,3,3 BR DETACHED HOUSE,15/05/2019,16/05/2019,04/06/2019,CRH,202,1,19,20,TABLELANDS,HILL
4883,2,2 BR DUPLEX,29/05/2019,30/05/2019,13/06/2019,CRH,202,1,14,15,TABLELANDS,HILL
4883,2,2 BR APARTMENT,04/06/2019,06/06/2019,13/06/2019,CRH,202,2,7,9,TABLELANDS,HILL
4670,2,2 BR DUPLEX,29/05/2019,11/06/2019,12/06/2019,CRH,208,13,1,14,BUNDABERG,BUNDABERG
4179,3,3 BR DETACHED HOUSE,30/05/2019,28/06/2019,28/06/2019,CRH,109,29,0,29,BRISBANE,LYTTON
4215,1,1 BR APARTMENT,21/05/2019,06/06/2019,13/06/2019,CRH,204,16,7,23,GOLD COAST,BONNEY
4868,4,4 BR DETACHED HOUSE,05/04/2019,11/04/2019,07/06/2019,CRH,202,6,57,63,CAIRNS,MULGRAVE
4007,2,2 BR APARTMENT,23/05/2019,04/06/2019,04/06/2019,CRH,108,12,0,12,BRISBANE,CLAYFIELD
4680,2,2 BR APARTMENT,04/06/2019,04/06/2019,12/06/2019,CRH,212,0,8,8,GLADSTONE,GLADSTONE
4870,2,2 BR DUPLEX,23/05/2019,29/05/2019,27/06/2019,CRH,202,6,29,35,CAIRNS,CAIRNS
4868,2,2 BR DUPLEX,29/05/2019,30/05/2019,13/06/2019,CRH,202,1,14,15,CAIRNS,MULGRAVE
4567,2,2 BR DUPLEX,20/05/2019,24/05/2019,07/06/2019,CRH,205,4,14,18,NOOSA,NOOSA
4870,1,1 BR APARTMENT,04/06/2019,06/06/2019,06/06/2019,CBH,202,2,0,2,CAIRNS,CAIRNS
4850,1,1 BR APARTMENT,30/05/2019,04/06/2019,24/06/2019,CLH,201,5,20,25,HINCHINBROOK,HINCHINBROOK
4870,2,2 BR APARTMENT,04/06/2019,06/06/2019,21/06/2019,CLH,202,2,15,17,CAIRNS,CAIRNS
4006,1,1 BR APARTMENT,17/06/2019,17/06/2019,18/06/2019,CAH,108,0,1,1,BRISBANE,MCCONNEL
4006,1,1 BR APARTMENT,04/06/2019,06/06/2019,11/06/2019,CAH,108,2,5,7,BRISBANE,MCCONNEL
4006,1,1 BR APARTMENT,24/06/2019,25/06/2019,25/06/2019,CAH,108,1,0,1,BRISBANE,MCCONNEL
4210,4,4 BR DETACHED HOUSE,27/05/2019,28/05/2019,13/06/2019,CLT,204,1,16,17,GOLD COAST,COOMERA
4304,1,1 BR APARTMENT,08/05/2019,09/05/2019,17/06/2019,CAH,102,1,39,40,IPSWICH,IPSWICH
4304,2,2 BR APARTMENT,21/01/2019,11/02/2019,24/06/2019,CAH,102,21,133,154,IPSWICH,IPSWICH
4032,3,3 BR DETACHED HOUSE,06/06/2019,19/06/2019,19/06/2019,CRH,105,13,0,13,BRISBANE,STAFFORD
4032,4,4 BR DETACHED HOUSE,22/05/2019,05/06/2019,12/06/2019,CRH,105,14,7,21,BRISBANE,STAFFORD
4051,1,1 BR APARTMENT,30/05/2019,04/06/2019,18/06/2019,CAH,108,5,14,19,BRISBANE,FERNY GROVE
4551,1,1 BR APARTMENT,06/06/2019,10/06/2019,10/06/2019,CAH,205,4,0,4,SUNSHINE COAST,CALOUNDRA
4869,4,4 BR DETACHED HOUSE,29/05/2019,30/05/2019,26/06/2019,CRH,202,1,27,28,CAIRNS,MULGRAVE
4169,1,1 BR APARTMENT,24/06/2019,25/06/2019,25/06/2019,CAH,108,1,0,1,BRISBANE,SOUTH BRISBANE
4169,1,1 BR APARTMENT,11/06/2019,11/06/2019,11/06/2019,CAH,108,0,0,0,BRISBANE,SOUTH BRISBANE
4169,1,1 BR APARTMENT,21/05/2019,30/05/2019,04/06/2019,CAH,108,9,5,14,BRISBANE,SOUTH BRISBANE
4006,1,1 BR APARTMENT,06/06/2019,11/06/2019,11/06/2019,CAH,108,5,0,5,BRISBANE,BRISBANE CENTRAL
4006,1,1 BR APARTMENT,06/06/2019,11/06/2019,17/06/2019,CAH,108,5,6,11,BRISBANE,BRISBANE CENTRAL
4350,2,2 BR APARTMENT,15/05/2018,22/05/2018,24/06/2019,CRH,207,7,398,405,TOOWOOMBA,TOOWOOMBA SOUTH
4700,2,2 BR APARTMENT,01/05/2019,12/06/2019,12/06/2019,CLT,206,42,0,42,ROCKHAMPTON,ROCKHAMPTON
4507,2,2 BR SENIOR UNIT,28/05/2019,04/06/2019,19/06/2019,CLT,103,7,15,22,MORETON BAY,PUMICESTONE
4121,3,3 BR DETACHED HOUSE,10/05/2019,30/05/2019,17/06/2019,CRH,107,20,18,38,BRISBANE,GREENSLOPES
4113,3,3 BR ATTACHED HOUSING,24/05/2019,04/06/2019,27/06/2019,CRH,107,11,23,34,BRISBANE,STRETTON
4510,3,3 BR DETACHED HOUSE,22/05/2019,28/05/2019,25/06/2019,CRH,103,6,28,34,MORETON BAY,MORAYFIELD
4701,2,2 BR DETACHED HOUSE,29/05/2019,07/06/2019,11/06/2019,CRH,206,9,4,13,ROCKHAMPTON,KEPPEL
4570,3,3 BR DETACHED HOUSE,09/05/2019,13/05/2019,10/06/2019,CRH,205,4,28,32,GYMPIE,GYMPIE
4701,2,2 BR APARTMENT,22/05/2019,22/05/2019,03/06/2019,CRH,206,0,12,12,ROCKHAMPTON,ROCKHAMPTON
4810,1,1 BR APARTMENT,20/05/2019,21/05/2019,11/06/2019,CRH,201,1,21,22,TOWNSVILLE,TOWNSVILLE
4051,1,1 BR APARTMENT,19/02/2019,11/06/2019,17/06/2019,CAH,108,112,6,118,BRISBANE,FERNY GROVE
4740,3,3 BR DETACHED HOUSE,04/06/2019,06/06/2019,07/06/2019,CRH,203,2,1,3,MACKAY,MACKAY
4510,4,4 BR DETACHED HOUSE,29/05/2019,07/06/2019,19/06/2019,CRH,103,9,12,21,MORETON BAY,MORAYFIELD
4650,3,3 BR DETACHED HOUSE,11/06/2019,13/06/2019,13/06/2019,CRH,213,2,0,2,FRASER COAST,MARYBOROUGH
4505,3,3 BR APARTMENT,07/05/2019,17/05/2019,11/06/2019,CRH,103,10,25,35,MORETON BAY,KURWONGBAH
4868,2,2 BR APARTMENT,15/05/2019,16/05/2019,10/06/2019,CRH,202,1,25,26,CAIRNS,MULGRAVE
4701,1,1 BR APARTMENT,07/05/2019,09/05/2019,07/06/2019,CRH,206,2,29,31,ROCKHAMPTON,ROCKHAMPTON
4122,2,2 BR APARTMENT,26/04/2019,02/05/2019,27/06/2019,CRH,107,6,56,62,BRISBANE,GREENSLOPES
4075,2,2 BR APARTMENT,24/05/2019,07/06/2019,21/06/2019,CRH,104,14,14,28,BRISBANE,MOUNT OMMANEY
4350,3,3 BR DETACHED HOUSE,04/11/2016,16/11/2016,27/06/2019,CRH,207,12,953,965,TOOWOOMBA,TOOWOOMBA NORTH
4350,2,2 BR APARTMENT,13/02/2019,14/02/2019,25/06/2019,CRH,207,1,131,132,TOOWOOMBA,TOOWOOMBA NORTH
4810,1,1 BR CLUSTER HOUSING,14/05/2019,21/05/2019,04/06/2019,CRH,201,7,14,21,TOWNSVILLE,TOWNSVILLE
4503,3,3 BR DETACHED HOUSE,24/04/2019,30/04/2019,04/06/2019,CRH,103,6,35,41,MORETON BAY,MURRUMBA
4558,2,2 BR APARTMENT,13/06/2019,13/06/2019,26/06/2019,CRH,205,0,13,13,SUNSHINE COAST,MAROOCHYDORE
4870,3,3 BR DETACHED HOUSE,08/05/2019,13/05/2019,13/06/2019,CRH,202,5,31,36,CAIRNS,CAIRNS
4701,2,2 BR DUPLEX,29/05/2019,03/06/2019,12/06/2019,CRH,206,5,9,14,ROCKHAMPTON,KEPPEL
4127,3,3 BR DETACHED HOUSE,05/04/2018,05/04/2018,25/06/2019,CRH,101,0,446,446,LOGAN,WATERFORD
4031,1,1 BR APARTMENT,24/05/2019,27/05/2019,05/06/2019,CRH,105,3,9,12,BRISBANE,CLAYFIELD
4178,2,2 BR DETACHED HOUSE,30/05/2019,28/06/2019,28/06/2019,CRH,109,29,0,29,BRISBANE,LYTTON
4870,2,2 BR CLUSTER HOUSING,21/05/2019,30/05/2019,10/06/2019,CRH,202,9,11,20,CAIRNS,CAIRNS
4305,2,2 BR APARTMENT,28/03/2019,17/04/2019,28/06/2019,CRS,102,20,72,92,IPSWICH,IPSWICH
4868,2,2 BR ATTACHED HOUSING,13/05/2019,15/05/2019,21/06/2019,CRH,202,2,37,39,CAIRNS,MULGRAVE
4506,4,4 BR DETACHED HOUSE,29/05/2019,17/06/2019,25/06/2019,CRH,103,19,8,27,MORETON BAY,MORAYFIELD
4350,3,3 BR DETACHED HOUSE,05/10/2018,25/06/2019,25/06/2019,CRH,207,263,0,263,TOOWOOMBA,TOOWOOMBA SOUTH
4350,3,3 BR DETACHED HOUSE,19/10/2018,22/10/2018,24/06/2019,CRH,207,3,245,248,TOOWOOMBA,TOOWOOMBA SOUTH
4350,3,3 BR DETACHED HOUSE,16/11/2018,19/11/2018,24/06/2019,CRH,207,3,217,220,TOOWOOMBA,TOOWOOMBA NORTH
4401,4,4 BR DETACHED HOUSE,30/11/2018,13/12/2018,24/06/2019,CRH,207,13,193,206,TOOWOOMBA,CONDAMINE
4350,1,1 BR APARTMENT,08/01/2019,11/01/2019,24/06/2019,CRH,207,3,164,167,TOOWOOMBA,TOOWOOMBA NORTH
4350,3,3 BR DETACHED HOUSE,20/12/2018,20/12/2018,25/06/2019,CRH,207,0,187,187,TOOWOOMBA,TOOWOOMBA NORTH
4740,3,3 BR DETACHED HOUSE,29/01/2019,16/05/2019,10/06/2019,CRH,203,107,25,132,MACKAY,MACKAY
4740,2,2 BR APARTMENT,28/05/2019,28/05/2019,03/06/2019,CRH,203,0,6,6,MACKAY,MACKAY
4860,2,2 BR APARTMENT,04/06/2019,06/06/2019,13/06/2019,CRH,202,2,7,9,CASSOWARY COAST,HILL
4740,3,3 BR DETACHED HOUSE,25/02/2019,16/05/2019,10/06/2019,CRH,203,80,25,105,MACKAY,MACKAY
4401,3,3 BR DETACHED HOUSE,01/04/2019,11/04/2019,25/06/2019,CRH,207,10,75,85,TOOWOOMBA,CONDAMINE
4650,3,3 BR DETACHED HOUSE,05/06/2019,11/06/2019,11/06/2019,CRH,213,6,0,6,FRASER COAST,MARYBOROUGH
4506,3,3 BR DETACHED HOUSE,07/05/2019,07/05/2019,04/06/2019,CRH,103,0,28,28,MORETON BAY,MORAYFIELD
4503,4,4 BR DETACHED HOUSE,14/05/2019,14/05/2019,07/06/2019,CRH,103,0,24,24,MORETON BAY,MURRUMBA
4217,1,1 BR APARTMENT,20/05/2019,22/05/2019,03/06/2019,CRH,204,2,12,14,GOLD COAST,SURFERS PARADISE
4508,3,3 BR DETACHED HOUSE,22/05/2019,28/05/2019,19/06/2019,CRH,103,6,22,28,MORETON BAY,BANCROFT
4740,3,3 BR DETACHED HOUSE,23/05/2019,28/05/2019,06/06/2019,CRH,203,5,9,14,MACKAY,MACKAY
4215,2,2 BR APARTMENT,27/05/2019,28/05/2019,05/06/2019,CRS,204,1,8,9,GOLD COAST,SOUTHPORT
4114,2,2 BR APARTMENT,29/05/2019,06/06/2019,06/06/2019,CRS,101,8,0,8,LOGAN,WOODRIDGE
4109,3,3 BR DETACHED HOUSE,03/06/2019,04/06/2019,17/06/2019,CRH,107,1,13,14,BRISBANE,STRETTON
4870,2,2 BR DUPLEX,07/06/2019,10/06/2019,21/06/2019,CRH,202,3,11,14,CAIRNS,CAIRNS
4575,3,3 BR DETACHED HOUSE,10/06/2019,11/06/2019,20/06/2019,CRH,205,1,9,10,SUNSHINE COAST,KAWANA
4869,3,3 BR DETACHED HOUSE,11/06/2019,12/06/2019,21/06/2019,CRH,202,1,9,10,CAIRNS,MULGRAVE
